5.159436 5.159436 5.159436 5.159436 5.159436 5.159436 5.159436 5.159436 5.159436 5.159436 5.159436 5.159436 5.159436 5.159436 5.159436 5.159436 5.159436 5.159436 5.159436 5.159436 5.159436 5.159436 5.159436 5.159436 5.159436 5.159436 5.159436 5.159436 5.159436 5.159436 5.159436 5.159436 5.159436 5.159436 5.159436 5.159436 5.159436 5.159436 5.159436 5.159436 5.159436 5.159436 5.159436 5.159436 5.159436 5.159436 5.159436 5.159436 5.159436 5.159436 5.159436 5.159436 5.159436 5.159436 5.159436 5.159436 5.159436 5.159436 5.159436 5.159436 5.159436 5.159436 5.159436 5.159436 
5.159436 5.159436 5.159436 5.159436 5.159436 5.159436 5.159436 5.159436 5.159436 5.159436 5.159436 5.159436 5.159436 5.159436 5.159436 5.159436 5.159436 5.159436 5.159436 5.159436 5.159436 5.159436 5.159436 5.159436 5.159436 5.159436 5.159436 5.159436 5.159436 5.159436 5.159436 5.159436 5.159436 5.159436 5.159436 5.159436 5.159436 5.159436 5.159436 5.159436 5.159436 5.159436 5.159436 5.159436 5.159436 5.159436 5.159436 5.159436 5.159436 5.159436 5.159436 5.159436 5.159436 5.159436 5.159436 5.159436 5.159436 5.159436 5.159436 5.159436 5.159436 5.159436 5.159436 5.159436 
5.159436 5.159436 5.159436 5.159436 5.159436 5.159436 5.159436 5.159436 5.159436 5.159436 5.159436 5.159436 5.159436 5.159436 5.159436 5.159436 5.159436 5.159436 5.159436 5.159436 5.159436 5.159436 5.159436 5.159436 5.159436 5.159436 5.159436 5.159436 5.159436 5.159436 5.159436 5.159436 5.159436 5.159436 5.159436 5.159436 5.159436 5.159436 5.159436 5.159436 5.159436 5.159436 5.159436 5.159436 5.159436 5.159436 5.159436 5.159436 5.159436 5.159436 5.159436 5.159436 5.159436 5.159436 5.159436 5.159436 5.159436 5.159436 5.159436 5.159436 5.159436 5.159436 5.159436 5.159436 
5.159436 5.159436 5.159436 5.159436 5.159436 5.159436 5.159436 5.159436 5.159436 5.159436 5.159436 5.159436 5.159436 5.159436 5.159436 5.159436 5.159436 5.159436 5.159436 5.159436 5.159436 5.159436 5.159436 5.159436 5.159436 5.159436 5.159436 5.159436 5.159436 5.159436 5.159436 5.159436 5.159436 5.159436 5.159436 5.159436 5.159436 5.159436 5.159436 5.159436 5.159436 5.159436 5.159436 5.159436 5.159436 5.159436 5.159436 5.159436 5.159436 5.159436 5.159436 5.159436 5.159436 5.159436 5.159436 5.159436 5.159436 5.159436 5.159436 5.159436 5.159436 5.159436 5.159436 5.159436 
5.159436 5.159436 5.159436 5.159436 5.159436 5.159436 5.159436 5.159436 5.159436 5.159436 5.159436 5.159436 5.159436 5.159436 5.159436 5.159436 5.159436 5.159436 5.159436 5.159436 5.159436 5.159436 5.159436 5.159436 5.159436 5.159436 5.159436 5.159436 5.159436 5.159436 5.159436 5.159436 5.159436 5.159436 5.159436 5.159436 5.159436 5.159436 5.159436 5.159436 5.159436 5.159436 5.159436 5.159436 5.159436 5.159436 5.159436 5.159436 5.159436 5.159436 5.159436 5.159436 5.159436 5.159436 5.159436 5.159436 5.159436 5.159436 5.159436 5.159436 5.159436 5.159436 5.159436 5.159436 
5.159436 5.159436 5.159436 5.159436 5.159436 5.159436 5.159436 5.159436 5.159436 5.159436 5.159436 5.159436 5.159436 5.159436 5.159436 5.159436 5.159436 5.159436 5.159436 5.159436 5.159436 5.159436 5.159436 5.159436 5.159436 5.159436 5.159436 5.159436 5.159436 5.159436 5.159436 5.159436 5.159436 5.159436 5.159436 5.159436 5.159436 5.159436 5.159436 5.159436 5.159436 5.159436 5.159436 5.159436 5.159436 5.159436 5.159436 5.159436 5.159436 5.159436 5.159436 5.159436 5.159436 5.159436 5.159436 5.159436 5.159436 5.159436 5.159436 5.159436 5.159436 5.159436 5.159436 5.159436 
5.159436 5.159436 5.159436 5.159436 5.159436 5.159436 5.159436 5.159436 5.159436 5.159436 5.159436 5.159436 5.159436 5.159436 5.159436 5.159436 5.159436 5.159436 5.159436 5.159436 5.159436 5.159436 5.159436 5.159436 5.159436 5.159436 5.159436 5.159436 5.159436 5.159436 5.159436 5.159436 5.159436 5.159436 5.159436 5.159436 5.159436 5.159436 5.159436 5.159436 5.159436 5.159436 5.159436 5.159436 5.159436 5.159436 5.159436 5.159436 5.159436 5.159436 5.159436 5.159436 5.159436 5.159436 5.159436 5.159436 5.159436 5.159436 5.159436 5.159436 5.159436 5.159436 5.159436 5.159436 
5.159436 5.159436 5.159436 5.159436 5.159436 5.159436 5.159436 5.159436 5.159436 5.159436 5.159436 5.159436 5.159436 5.159436 5.159436 5.159436 5.159436 5.159436 5.159436 5.159436 5.159436 5.159436 5.159436 5.159436 5.159436 5.159436 5.159436 5.159436 5.159436 5.159436 5.159436 5.159436 5.159436 5.159436 5.159436 5.159436 5.159436 5.159436 5.159436 5.159436 5.159436 5.159436 5.159436 5.159436 5.159436 5.159436 5.159436 5.159436 5.159436 5.159436 5.159436 5.159436 5.159436 5.159436 5.159436 5.159436 5.159436 5.159436 5.159436 5.159436 5.159436 5.159436 5.159436 5.159436 
5.159436 5.159436 5.159436 5.159436 5.159436 5.159436 5.159436 5.159436 5.159436 5.159436 5.159436 5.159436 5.159436 5.159436 5.159436 5.159436 5.159436 5.159436 5.159436 5.159436 5.159436 5.159436 5.159436 5.159436 5.159436 5.159436 5.159436 5.159436 5.159436 5.159436 5.159436 5.159436 5.159436 5.159436 5.159436 5.159436 5.159436 5.159436 5.159436 5.159436 5.159436 5.159436 5.159436 5.159436 5.159436 5.159436 5.159436 5.159436 5.159436 5.159436 5.159436 5.159436 5.159436 5.159436 5.159436 5.159436 5.159436 5.159436 5.159436 5.159436 5.159436 5.159436 5.159436 5.159436 
5.159436 5.159436 5.159436 5.159436 5.159436 5.159436 5.159436 5.159436 5.159436 5.159436 5.159436 5.159436 5.159436 5.159436 5.159436 5.159436 5.159436 5.159436 5.159436 5.159436 5.159436 5.159436 5.159436 5.159436 5.159436 5.159436 5.159436 5.159436 5.159436 5.159436 5.159436 5.159436 5.159436 5.159436 5.159436 5.159436 5.159436 5.159436 5.159436 5.159436 5.159436 5.159436 5.159436 5.159436 5.159436 5.159436 5.159436 5.159436 5.159436 5.159436 5.159436 5.159436 5.159436 5.159436 5.159436 5.159436 5.159436 5.159436 5.159436 5.159436 5.159436 5.159436 5.159436 5.159436 
5.159436 5.159436 5.159436 5.159436 5.159436 5.159436 5.159436 5.159436 5.159436 5.159436 5.159436 5.159436 5.159436 5.159436 5.159436 5.159436 5.159436 5.159436 5.159436 5.159436 5.159436 5.159436 5.159436 5.159436 5.159436 5.159436 5.159436 5.159436 5.159436 5.159436 5.159436 5.159436 5.159436 5.159436 5.159436 5.159436 5.159436 5.159436 5.159436 5.159436 5.159436 5.159436 5.159436 5.159436 5.159436 5.159436 5.159436 5.159436 5.159436 5.159436 5.159436 5.159436 5.159436 5.159436 5.159436 5.159436 5.159436 5.159436 5.159436 5.159436 5.159436 5.159436 5.159436 5.159436 
5.159436 5.159436 5.159436 5.159436 5.159436 5.159436 5.159436 5.159436 5.159436 5.159436 5.159436 5.159436 5.159436 5.159436 5.159436 5.159436 5.159436 5.159436 5.159436 5.159436 5.159436 5.159436 5.159436 5.159436 5.159436 5.159436 5.159436 5.159436 5.159436 5.159436 5.159436 5.159436 5.159436 5.159436 5.159436 5.159436 5.159436 5.159436 5.159436 5.159436 5.159436 5.159436 5.159436 5.159436 5.159436 5.159436 5.159436 5.159436 5.159436 5.159436 5.159436 5.159436 5.159436 5.159436 5.159436 5.159436 5.159436 5.159436 5.159436 5.159436 5.159436 5.159436 5.159436 5.159436 
5.159436 5.159436 5.159436 5.159436 5.159436 5.159436 5.159436 5.159436 5.159436 5.159436 5.159436 5.159436 5.159436 5.159436 5.159436 5.159436 5.159436 5.159436 5.159436 5.159436 5.159436 5.159436 5.159436 5.159436 5.159436 5.159436 5.159436 5.159436 5.159436 5.159436 5.159436 5.159436 5.159436 5.159436 5.159436 5.159436 5.159436 5.159436 5.159436 5.159436 5.159436 5.159436 5.159436 5.159436 5.159436 5.159436 5.159436 5.159436 5.159436 5.159436 5.159436 5.159436 5.159436 5.159436 5.159436 5.159436 5.159436 5.159436 5.159436 5.159436 5.159436 5.159436 5.159436 5.159436 
5.159436 5.159436 5.159436 5.159436 5.159436 5.159436 5.159436 5.159436 5.159436 5.159436 5.159436 5.159436 5.159436 5.159436 5.159436 5.159436 5.159436 5.159436 5.159436 5.159436 5.159436 5.159436 5.159436 5.159436 5.159436 5.159436 5.159436 5.159436 5.159436 5.159436 5.159436 5.159436 5.159436 5.159436 5.159436 5.159436 5.159436 5.159436 5.159436 5.159436 5.159436 5.159436 5.159436 5.159436 5.159436 5.159436 5.159436 5.159436 5.159436 5.159436 5.159436 5.159436 5.159436 5.159436 5.159436 5.159436 5.159436 5.159436 5.159436 5.159436 5.159436 5.159436 5.159436 5.159436 
5.159436 5.159436 5.159436 5.159436 5.159436 5.159436 5.159436 5.159436 5.159436 5.159436 5.159436 5.159436 5.159436 5.159436 5.159436 5.159436 5.159436 5.159436 5.159436 5.159436 5.159436 5.159436 5.159436 5.159436 5.159436 5.159436 5.159436 5.159436 5.159436 5.159436 5.159436 5.159436 5.159436 5.159436 5.159436 5.159436 5.159436 5.159436 5.159436 5.159436 5.159436 5.159436 5.159436 5.159436 5.159436 5.159436 5.159436 5.159436 5.159436 5.159436 5.159436 5.159436 5.159436 5.159436 5.159436 5.159436 5.159436 5.159436 5.159436 5.159436 5.159436 5.159436 5.159436 5.159436 
5.159436 5.159436 5.159436 5.159436 5.159436 5.159436 5.159436 5.159436 5.159436 5.159436 5.159436 5.159436 5.159436 5.159436 5.159436 5.159436 5.159436 5.159436 5.159436 5.159436 5.159436 5.159436 5.159436 5.159436 5.159436 5.159436 5.159436 5.159436 5.159436 5.159436 5.159436 5.159436 5.159436 5.159436 5.159436 5.159436 5.159436 5.159436 5.159436 5.159436 5.159436 5.159436 5.159436 5.159436 5.159436 5.159436 5.159436 5.159436 5.159436 5.159436 5.159436 5.159436 5.159436 5.159436 5.159436 5.159436 5.159436 5.159436 5.159436 5.159436 5.159436 5.159436 5.159436 5.159436 
5.159436 5.159436 5.159436 5.159436 5.159436 5.159436 5.159436 5.159436 5.159436 5.159436 5.159436 5.159436 5.159436 5.159436 5.159436 5.159436 5.159436 5.159436 5.159436 5.159436 5.159436 5.159436 5.159436 5.159436 5.159436 5.159436 5.159436 5.159436 5.159436 5.159436 5.159436 5.159436 5.159436 5.159436 5.159436 5.159436 5.159436 5.159436 5.159436 5.159436 5.159436 5.159436 5.159436 5.159436 5.159436 5.159436 5.159436 5.159436 5.159436 5.159436 5.159436 5.159436 5.159436 5.159436 5.159436 5.159436 5.159436 5.159436 5.159436 5.159436 5.159436 5.159436 5.159436 5.159436 
5.159436 5.159436 5.159436 5.159436 5.159436 5.159436 5.159436 5.159436 5.159436 5.159436 5.159436 5.159436 5.159436 5.159436 5.159436 5.159436 5.159436 5.159436 5.159436 5.159436 5.159436 5.159436 5.159436 5.159436 5.159436 5.159436 5.159436 5.159436 5.159436 5.159436 5.159436 5.159436 5.159436 5.159436 5.159436 5.159436 5.159436 5.159436 5.159436 5.159436 5.159436 5.159436 5.159436 5.159436 5.159436 5.159436 5.159436 5.159436 5.159436 5.159436 5.159436 5.159436 5.159436 5.159436 5.159436 5.159436 5.159436 5.159436 5.159436 5.159436 5.159436 5.159436 5.159436 5.159436 
5.159436 5.159436 5.159436 5.159436 5.159436 5.159436 5.159436 5.159436 5.159436 5.159436 5.159436 5.159436 5.159436 5.159436 5.159436 5.159436 5.159436 5.159436 5.159436 5.159436 5.159436 5.159436 5.159436 5.159436 5.159436 5.159436 5.159436 5.159436 5.159436 5.159436 5.159436 5.159436 5.159436 5.159436 5.159436 5.159436 5.159436 5.159436 5.159436 5.159436 5.159436 5.159436 5.159436 5.159436 5.159436 5.159436 5.159436 5.159436 5.159436 5.159436 5.159436 5.159436 5.159436 5.159436 5.159436 5.159436 5.159436 5.159436 5.159436 5.159436 5.159436 5.159436 5.159436 5.159436 
5.159436 5.159436 5.159436 5.159436 5.159436 5.159436 5.159436 5.159436 5.159436 5.159436 5.159436 5.159436 5.159436 5.159436 5.159436 5.159436 5.159436 5.159436 5.159436 5.159436 5.159436 5.159436 5.159436 5.159436 5.159436 5.159436 5.159436 5.159436 5.159436 5.159436 5.159436 5.159436 5.159436 5.159436 5.159436 5.159436 5.159436 5.159436 5.159436 5.159436 5.159436 5.159436 5.159436 5.159436 5.159436 5.159436 5.159436 5.159436 5.159436 5.159436 5.159436 5.159436 5.159436 5.159436 5.159436 5.159436 5.159436 5.159436 5.159436 5.159436 5.159436 5.159436 5.159436 5.159436 
5.159436 5.159436 5.159436 5.159436 5.159436 5.159436 5.159436 5.159436 5.159436 5.159436 5.159436 5.159436 5.159436 5.159436 5.159436 5.159436 5.159436 5.159436 5.159436 5.159436 5.159436 5.159436 5.159436 5.159436 5.159436 5.159436 5.159436 5.159436 5.159436 5.159436 5.159436 5.159436 5.159436 5.159436 5.159436 5.159436 5.159436 5.159436 5.159436 5.159436 5.159436 5.159436 5.159436 5.159436 5.159436 5.159436 5.159436 5.159436 5.159436 5.159436 5.159436 5.159436 5.159436 5.159436 5.159436 5.159436 5.159436 5.159436 5.159436 5.159436 5.159436 5.159436 5.159436 5.159436 
5.159436 5.159436 5.159436 5.159436 5.159436 5.159436 5.159436 5.159436 5.159436 5.159436 5.159436 5.159436 5.159436 5.159436 5.159436 5.159436 5.159436 5.159436 5.159436 5.159436 5.159436 5.159436 5.159436 5.159436 5.159436 5.159436 5.159436 5.159436 5.159436 5.159436 5.159436 5.159436 5.159436 5.159436 5.159436 5.159436 5.159436 5.159436 5.159436 5.159436 5.159436 5.159436 5.159436 5.159436 5.159436 5.159436 5.159436 5.159436 5.159436 5.159436 5.159436 5.159436 5.159436 5.159436 5.159436 5.159436 5.159436 5.159436 5.159436 5.159436 5.159436 5.159436 5.159436 5.159436 
5.159436 5.159436 5.159436 5.159436 5.159436 5.159436 5.159436 5.159436 5.159436 5.159436 5.159436 5.159436 5.159436 5.159436 5.159436 5.159436 5.159436 5.159436 5.159436 5.159436 5.159436 5.159436 5.159436 5.159436 5.159436 5.159436 5.159436 5.159436 5.159436 5.159436 5.159436 5.159436 5.159436 5.159436 5.159436 5.159436 5.159436 5.159436 5.159436 5.159436 5.159436 5.159436 5.159436 5.159436 5.159436 5.159436 5.159436 5.159436 5.159436 5.159436 5.159436 5.159436 5.159436 5.159436 5.159436 5.159436 5.159436 5.159436 5.159436 5.159436 5.159436 5.159436 5.159436 5.159436 
5.159436 5.159436 5.159436 5.159436 5.159436 5.159436 5.159436 5.159436 5.159436 5.159436 5.159436 5.159436 5.159436 5.159436 5.159436 5.159436 5.159436 5.159436 5.159436 5.159436 5.159436 5.159436 5.159436 5.159436 5.159436 5.159436 5.159436 5.159436 5.159436 5.159436 5.159436 5.159436 5.159436 5.159436 5.159436 5.159436 5.159436 5.159436 5.159436 5.159436 5.159436 5.159436 5.159436 5.159436 5.159436 5.159436 5.159436 5.159436 5.159436 5.159436 5.159436 5.159436 5.159436 5.159436 5.159436 5.159436 5.159436 5.159436 5.159436 5.159436 5.159436 5.159436 5.159436 5.159436 
5.159436 5.159436 5.159436 5.159436 5.159436 5.159436 5.159436 5.159436 5.159436 5.159436 5.159436 5.159436 5.159436 5.159436 5.159436 5.159436 5.159436 5.159436 5.159436 5.159436 5.159436 5.159436 5.159436 5.159436 5.159436 5.159436 5.159436 5.159436 5.159436 5.159436 5.159436 5.159436 5.159436 5.159436 5.159436 5.159436 5.159436 5.159436 5.159436 5.159436 5.159436 5.159436 5.159436 5.159436 5.159436 5.159436 5.159436 5.159436 5.159436 5.159436 5.159436 5.159436 5.159436 5.159436 5.159436 5.159436 5.159436 5.159436 5.159436 5.159436 5.159436 5.159436 5.159436 5.159436 
5.159436 5.159436 5.159436 5.159436 5.159436 5.159436 5.159436 5.159436 5.159436 5.159436 5.159436 5.159436 5.159436 5.159436 5.159436 5.159436 5.159436 5.159436 5.159436 5.159436 5.159436 5.159436 5.159436 5.159436 5.159436 5.159436 5.159436 5.159436 5.159436 5.159436 5.159436 5.159436 5.159436 5.159436 5.159436 5.159436 5.159436 5.159436 5.159436 5.159436 5.159436 5.159436 5.159436 5.159436 5.159436 5.159436 5.159436 5.159436 5.159436 5.159436 5.159436 5.159436 5.159436 5.159436 5.159436 5.159436 5.159436 5.159436 5.159436 5.159436 5.159436 5.159436 5.159436 5.159436 
5.159436 5.159436 5.159436 5.159436 5.159436 5.159436 5.159436 5.159436 5.159436 5.159436 5.159436 5.159436 5.159436 5.159436 5.159436 5.159436 5.159436 5.159436 5.159436 5.159436 5.159436 5.159436 5.159436 5.159436 5.159436 5.159436 5.159436 5.159436 5.159436 5.159436 5.159436 5.159436 5.159436 5.159436 5.159436 5.159436 5.159436 5.159436 5.159436 5.159436 5.159436 5.159436 5.159436 5.159436 5.159436 5.159436 5.159436 5.159436 5.159436 5.159436 5.159436 5.159436 5.159436 5.159436 5.159436 5.159436 5.159436 5.159436 5.159436 5.159436 5.159436 5.159436 5.159436 5.159436 
5.159436 5.159436 5.159436 5.159436 5.159436 5.159436 5.159436 5.159436 5.159436 5.159436 5.159436 5.159436 5.159436 5.159436 5.159436 5.159436 5.159436 5.159436 5.159436 5.159436 5.159436 5.159436 5.159436 5.159436 5.159436 5.159436 5.159436 5.159436 5.159436 5.159436 5.159436 5.159436 5.159436 5.159436 5.159436 5.159436 5.159436 5.159436 5.159436 5.159436 5.159436 5.159436 5.159436 5.159436 5.159436 5.159436 5.159436 5.159436 5.159436 5.159436 5.159436 5.159436 5.159436 5.159436 5.159436 5.159436 5.159436 5.159436 5.159436 5.159436 5.159436 5.159436 5.159436 5.159436 
5.159436 5.159436 5.159436 5.159436 5.159436 5.159436 5.159436 5.159436 5.159436 5.159436 5.159436 5.159436 5.159436 5.159436 5.159436 5.159436 5.159436 5.159436 5.159436 5.159436 5.159436 5.159436 5.159436 5.159436 5.159436 5.159436 5.159436 5.159436 5.159436 5.159436 5.159436 5.159436 5.159436 5.159436 5.159436 5.159436 5.159436 5.159436 5.159436 5.159436 5.159436 5.159436 5.159436 5.159436 5.159436 5.159436 5.159436 5.159436 5.159436 5.159436 5.159436 5.159436 5.159436 5.159436 5.159436 5.159436 5.159436 5.159436 5.159436 5.159436 5.159436 5.159436 5.159436 5.159436 
5.159436 5.159436 5.159436 5.159436 5.159436 5.159436 5.159436 5.159436 5.159436 5.159436 5.159436 5.159436 5.159436 5.159436 5.159436 5.159436 5.159436 5.159436 5.159436 5.159436 5.159436 5.159436 5.159436 5.159436 5.159436 5.159436 5.159436 5.159436 5.159436 5.159436 5.159436 5.159436 5.159436 5.159436 5.159436 5.159436 5.159436 5.159436 5.159436 5.159436 5.159436 5.159436 5.159436 5.159436 5.159436 5.159436 5.159436 5.159436 5.159436 5.159436 5.159436 5.159436 5.159436 5.159436 5.159436 5.159436 5.159436 5.159436 5.159436 5.159436 5.159436 5.159436 5.159436 5.159436 
5.159436 5.159436 5.159436 5.159436 5.159436 5.159436 5.159436 5.159436 5.159436 5.159436 5.159436 5.159436 5.159436 5.159436 5.159436 5.159436 5.159436 5.159436 5.159436 5.159436 5.159436 5.159436 5.159436 5.159436 5.159436 5.159436 5.159436 5.159436 5.159436 5.159436 5.159436 5.159436 5.159436 5.159436 5.159436 5.159436 5.159436 5.159436 5.159436 5.159436 5.159436 5.159436 5.159436 5.159436 5.159436 5.159436 5.159436 5.159436 5.159436 5.159436 5.159436 5.159436 5.159436 5.159436 5.159436 5.159436 5.159436 5.159436 5.159436 5.159436 5.159436 5.159436 5.159436 5.159436 
5.159436 5.159436 5.159436 5.159436 5.159436 5.159436 5.159436 5.159436 5.159436 5.159436 5.159436 5.159436 5.159436 5.159436 5.159436 5.159436 5.159436 5.159436 5.159436 5.159436 5.159436 5.159436 5.159436 5.159436 5.159436 5.159436 5.159436 5.159436 5.159436 5.159436 5.159436 5.159436 5.159436 5.159436 5.159436 5.159436 5.159436 5.159436 5.159436 5.159436 5.159436 5.159436 5.159436 5.159436 5.159436 5.159436 5.159436 5.159436 5.159436 5.159436 5.159436 5.159436 5.159436 5.159436 5.159436 5.159436 5.159436 5.159436 5.159436 5.159436 5.159436 5.159436 5.159436 5.159436 
5.159436 5.159436 5.159436 5.159436 5.159436 5.159436 5.159436 5.159436 5.159436 5.159436 5.159436 5.159436 5.159436 5.159436 5.159436 5.159436 5.159436 5.159436 5.159436 5.159436 5.159436 5.159436 5.159436 5.159436 5.159436 5.159436 5.159436 5.159436 5.159436 5.159436 5.159436 5.159436 5.159436 5.159436 5.159436 5.159436 5.159436 5.159436 5.159436 5.159436 5.159436 5.159436 5.159436 5.159436 5.159436 5.159436 5.159436 5.159436 5.159436 5.159436 5.159436 5.159436 5.159436 5.159436 5.159436 5.159436 5.159436 5.159436 5.159436 5.159436 5.159436 5.159436 5.159436 5.159436 
5.159436 5.159436 5.159436 5.159436 5.159436 5.159436 5.159436 5.159436 5.159436 5.159436 5.159436 5.159436 5.159436 5.159436 5.159436 5.159436 5.159436 5.159436 5.159436 5.159436 5.159436 5.159436 5.159436 5.159436 5.159436 5.159436 5.159436 5.159436 5.159436 5.159436 5.159436 5.159436 5.159436 5.159436 5.159436 5.159436 5.159436 5.159436 5.159436 5.159436 5.159436 5.159436 5.159436 5.159436 5.159436 5.159436 5.159436 5.159436 5.159436 5.159436 5.159436 5.159436 5.159436 5.159436 5.159436 5.159436 5.159436 5.159436 5.159436 5.159436 5.159436 5.159436 5.159436 5.159436 
5.159436 5.159436 5.159436 5.159436 5.159436 5.159436 5.159436 5.159436 5.159436 5.159436 5.159436 5.159436 5.159436 5.159436 5.159436 5.159436 5.159436 5.159436 5.159436 5.159436 5.159436 5.159436 5.159436 5.159436 5.159436 5.159436 5.159436 5.159436 5.159436 5.159436 5.159436 5.159436 5.159436 5.159436 5.159436 5.159436 5.159436 5.159436 5.159436 5.159436 5.159436 5.159436 5.159436 5.159436 5.159436 5.159436 5.159436 5.159436 5.159436 5.159436 5.159436 5.159436 5.159436 5.159436 5.159436 5.159436 5.159436 5.159436 5.159436 5.159436 5.159436 5.159436 5.159436 5.159436 
5.159436 5.159436 5.159436 5.159436 5.159436 5.159436 5.159436 5.159436 5.159436 5.159436 5.159436 5.159436 5.159436 5.159436 5.159436 5.159436 5.159436 5.159436 5.159436 5.159436 5.159436 5.159436 5.159436 5.159436 5.159436 5.159436 5.159436 5.159436 5.159436 5.159436 5.159436 5.159436 5.159436 5.159436 5.159436 5.159436 5.159436 5.159436 5.159436 5.159436 5.159436 5.159436 5.159436 5.159436 5.159436 5.159436 5.159436 5.159436 5.159436 5.159436 5.159436 5.159436 5.159436 5.159436 5.159436 5.159436 5.159436 5.159436 5.159436 5.159436 5.159436 5.159436 5.159436 5.159436 
5.159436 5.159436 5.159436 5.159436 5.159436 5.159436 5.159436 5.159436 5.159436 5.159436 5.159436 5.159436 5.159436 5.159436 5.159436 5.159436 5.159436 5.159436 5.159436 5.159436 5.159436 5.159436 5.159436 5.159436 5.159436 5.159436 5.159436 5.159436 5.159436 5.159436 5.159436 5.159436 5.159436 5.159436 5.159436 5.159436 5.159436 5.159436 5.159436 5.159436 5.159436 5.159436 5.159436 5.159436 5.159436 5.159436 5.159436 5.159436 5.159436 5.159436 5.159436 5.159436 5.159436 5.159436 5.159436 5.159436 5.159436 5.159436 5.159436 5.159436 5.159436 5.159436 5.159436 5.159436 
5.159436 5.159436 5.159436 5.159436 5.159436 5.159436 5.159436 5.159436 5.159436 5.159436 5.159436 5.159436 5.159436 5.159436 5.159436 5.159436 5.159436 5.159436 5.159436 5.159436 5.159436 5.159436 5.159436 5.159436 5.159436 5.159436 5.159436 5.159436 5.159436 5.159436 5.159436 5.159436 5.159436 5.159436 5.159436 5.159436 5.159436 5.159436 5.159436 5.159436 5.159436 5.159436 5.159436 5.159436 5.159436 5.159436 5.159436 5.159436 5.159436 5.159436 5.159436 5.159436 5.159436 5.159436 5.159436 5.159436 5.159436 5.159436 5.159436 5.159436 5.159436 5.159436 5.159436 5.159436 
5.159436 5.159436 5.159436 5.159436 5.159436 5.159436 5.159436 5.159436 5.159436 5.159436 5.159436 5.159436 5.159436 5.159436 5.159436 5.159436 5.159436 5.159436 5.159436 5.159436 5.159436 5.159436 5.159436 5.159436 5.159436 5.159436 5.159436 5.159436 5.159436 5.159436 5.159436 5.159436 5.159436 5.159436 5.159436 5.159436 5.159436 5.159436 5.159436 5.159436 5.159436 5.159436 5.159436 5.159436 5.159436 5.159436 5.159436 5.159436 5.159436 5.159436 5.159436 5.159436 5.159436 5.159436 5.159436 5.159436 5.159436 5.159436 5.159436 5.159436 5.159436 5.159436 5.159436 5.159436 
5.159436 5.159436 5.159436 5.159436 5.159436 5.159436 5.159436 5.159436 5.159436 5.159436 5.159436 5.159436 5.159436 5.159436 5.159436 5.159436 5.159436 5.159436 5.159436 5.159436 5.159436 5.159436 5.159436 5.159436 5.159436 5.159436 5.159436 5.159436 5.159436 5.159436 5.159436 5.159436 5.159436 5.159436 5.159436 5.159436 5.159436 5.159436 5.159436 5.159436 5.159436 5.159436 5.159436 5.159436 5.159436 5.159436 5.159436 5.159436 5.159436 5.159436 5.159436 5.159436 5.159436 5.159436 5.159436 5.159436 5.159436 5.159436 5.159436 5.159436 5.159436 5.159436 5.159436 5.159436 
5.159436 5.159436 5.159436 5.159436 5.159436 5.159436 5.159436 5.159436 5.159436 5.159436 5.159436 5.159436 5.159436 5.159436 5.159436 5.159436 5.159436 5.159436 5.159436 5.159436 5.159436 5.159436 5.159436 5.159436 5.159436 5.159436 5.159436 5.159436 5.159436 5.159436 5.159436 5.159436 5.159436 5.159436 5.159436 5.159436 5.159436 5.159436 5.159436 5.159436 5.159436 5.159436 5.159436 5.159436 5.159436 5.159436 5.159436 5.159436 5.159436 5.159436 5.159436 5.159436 5.159436 5.159436 5.159436 5.159436 5.159436 5.159436 5.159436 5.159436 5.159436 5.159436 5.159436 5.159436 
5.159436 5.159436 5.159436 5.159436 5.159436 5.159436 5.159436 5.159436 5.159436 5.159436 5.159436 5.159436 5.159436 5.159436 5.159436 5.159436 5.159436 5.159436 5.159436 5.159436 5.159436 5.159436 5.159436 5.159436 5.159436 5.159436 5.159436 5.159436 5.159436 5.159436 5.159436 5.159436 5.159436 5.159436 5.159436 5.159436 5.159436 5.159436 5.159436 5.159436 5.159436 5.159436 5.159436 5.159436 5.159436 5.159436 5.159436 5.159436 5.159436 5.159436 5.159436 5.159436 5.159436 5.159436 5.159436 5.159436 5.159436 5.159436 5.159436 5.159436 5.159436 5.159436 5.159436 5.159436 
5.159436 5.159436 5.159436 5.159436 5.159436 5.159436 5.159436 5.159436 5.159436 5.159436 5.159436 5.159436 5.159436 5.159436 5.159436 5.159436 5.159436 5.159436 5.159436 5.159436 5.159436 5.159436 5.159436 5.159436 5.159436 5.159436 5.159436 5.159436 5.159436 5.159436 5.159436 5.159436 5.159436 5.159436 5.159436 5.159436 5.159436 5.159436 5.159436 5.159436 5.159436 5.159436 5.159436 5.159436 5.159436 5.159436 5.159436 5.159436 5.159436 5.159436 5.159436 5.159436 5.159436 5.159436 5.159436 5.159436 5.159436 5.159436 5.159436 5.159436 5.159436 5.159436 5.159436 5.159436 
5.159436 5.159436 5.159436 5.159436 5.159436 5.159436 5.159436 5.159436 5.159436 5.159436 5.159436 5.159436 5.159436 5.159436 5.159436 5.159436 5.159436 5.159436 5.159436 5.159436 5.159436 5.159436 5.159436 5.159436 5.159436 5.159436 5.159436 5.159436 5.159436 5.159436 5.159436 5.159436 5.159436 5.159436 5.159436 5.159436 5.159436 5.159436 5.159436 5.159436 5.159436 5.159436 5.159436 5.159436 5.159436 5.159436 5.159436 5.159436 5.159436 5.159436 5.159436 5.159436 5.159436 5.159436 5.159436 5.159436 5.159436 5.159436 5.159436 5.159436 5.159436 5.159436 5.159436 5.159436 
5.159436 5.159436 5.159436 5.159436 5.159436 5.159436 5.159436 5.159436 5.159436 5.159436 5.159436 5.159436 5.159436 5.159436 5.159436 5.159436 5.159436 5.159436 5.159436 5.159436 5.159436 5.159436 5.159436 5.159436 5.159436 5.159436 5.159436 5.159436 5.159436 5.159436 5.159436 5.159436 5.159436 5.159436 5.159436 5.159436 5.159436 5.159436 5.159436 5.159436 5.159436 5.159436 5.159436 5.159436 5.159436 5.159436 5.159436 5.159436 5.159436 5.159436 5.159436 5.159436 5.159436 5.159436 5.159436 5.159436 5.159436 5.159436 5.159436 5.159436 5.159436 5.159436 5.159436 5.159436 
5.159436 5.159436 5.159436 5.159436 5.159436 5.159436 5.159436 5.159436 5.159436 5.159436 5.159436 5.159436 5.159436 5.159436 5.159436 5.159436 5.159436 5.159436 5.159436 5.159436 5.159436 5.159436 5.159436 5.159436 5.159436 5.159436 5.159436 5.159436 5.159436 5.159436 5.159436 5.159436 5.159436 5.159436 5.159436 5.159436 5.159436 5.159436 5.159436 5.159436 5.159436 5.159436 5.159436 5.159436 5.159436 5.159436 5.159436 5.159436 5.159436 5.159436 5.159436 5.159436 5.159436 5.159436 5.159436 5.159436 5.159436 5.159436 5.159436 5.159436 5.159436 5.159436 5.159436 5.159436 
5.159436 5.159436 5.159436 5.159436 5.159436 5.159436 5.159436 5.159436 5.159436 5.159436 5.159436 5.159436 5.159436 5.159436 5.159436 5.159436 5.159436 5.159436 5.159436 5.159436 5.159436 5.159436 5.159436 5.159436 5.159436 5.159436 5.159436 5.159436 5.159436 5.159436 5.159436 5.159436 5.159436 5.159436 5.159436 5.159436 5.159436 5.159436 5.159436 5.159436 5.159436 5.159436 5.159436 5.159436 5.159436 5.159436 5.159436 5.159436 5.159436 5.159436 5.159436 5.159436 5.159436 5.159436 5.159436 5.159436 5.159436 5.159436 5.159436 5.159436 5.159436 5.159436 5.159436 5.159436 
5.159436 5.159436 5.159436 5.159436 5.159436 5.159436 5.159436 5.159436 5.159436 5.159436 5.159436 5.159436 5.159436 5.159436 5.159436 5.159436 5.159436 5.159436 5.159436 5.159436 5.159436 5.159436 5.159436 5.159436 5.159436 5.159436 5.159436 5.159436 5.159436 5.159436 5.159436 5.159436 5.159436 5.159436 5.159436 5.159436 5.159436 5.159436 5.159436 5.159436 5.159436 5.159436 5.159436 5.159436 5.159436 5.159436 5.159436 5.159436 5.159436 5.159436 5.159436 5.159436 5.159436 5.159436 5.159436 5.159436 5.159436 5.159436 5.159436 5.159436 5.159436 5.159436 5.159436 5.159436 
5.159436 5.159436 5.159436 5.159436 5.159436 5.159436 5.159436 5.159436 5.159436 5.159436 5.159436 5.159436 5.159436 5.159436 5.159436 5.159436 5.159436 5.159436 5.159436 5.159436 5.159436 5.159436 5.159436 5.159436 5.159436 5.159436 5.159436 5.159436 5.159436 5.159436 5.159436 5.159436 5.159436 5.159436 5.159436 5.159436 5.159436 5.159436 5.159436 5.159436 5.159436 5.159436 5.159436 5.159436 5.159436 5.159436 5.159436 5.159436 5.159436 5.159436 5.159436 5.159436 5.159436 5.159436 5.159436 5.159436 5.159436 5.159436 5.159436 5.159436 5.159436 5.159436 5.159436 5.159436 
5.159436 5.159436 5.159436 5.159436 5.159436 5.159436 5.159436 5.159436 5.159436 5.159436 5.159436 5.159436 5.159436 5.159436 5.159436 5.159436 5.159436 5.159436 5.159436 5.159436 5.159436 5.159436 5.159436 5.159436 5.159436 5.159436 5.159436 5.159436 5.159436 5.159436 5.159436 5.159436 5.159436 5.159436 5.159436 5.159436 5.159436 5.159436 5.159436 5.159436 5.159436 5.159436 5.159436 5.159436 5.159436 5.159436 5.159436 5.159436 5.159436 5.159436 5.159436 5.159436 5.159436 5.159436 5.159436 5.159436 5.159436 5.159436 5.159436 5.159436 5.159436 5.159436 5.159436 5.159436 
5.159436 5.159436 5.159436 5.159436 5.159436 5.159436 5.159436 5.159436 5.159436 5.159436 5.159436 5.159436 5.159436 5.159436 5.159436 5.159436 5.159436 5.159436 5.159436 5.159436 5.159436 5.159436 5.159436 5.159436 5.159436 5.159436 5.159436 5.159436 5.159436 5.159436 5.159436 5.159436 5.159436 5.159436 5.159436 5.159436 5.159436 5.159436 5.159436 5.159436 5.159436 5.159436 5.159436 5.159436 5.159436 5.159436 5.159436 5.159436 5.159436 5.159436 5.159436 5.159436 5.159436 5.159436 5.159436 5.159436 5.159436 5.159436 5.159436 5.159436 5.159436 5.159436 5.159436 5.159436 
5.159436 5.159436 5.159436 5.159436 5.159436 5.159436 5.159436 5.159436 5.159436 5.159436 5.159436 5.159436 5.159436 5.159436 5.159436 5.159436 5.159436 5.159436 5.159436 5.159436 5.159436 5.159436 5.159436 5.159436 5.159436 5.159436 5.159436 5.159436 5.159436 5.159436 5.159436 5.159436 5.159436 5.159436 5.159436 5.159436 5.159436 5.159436 5.159436 5.159436 5.159436 5.159436 5.159436 5.159436 5.159436 5.159436 5.159436 5.159436 5.159436 5.159436 5.159436 5.159436 5.159436 5.159436 5.159436 5.159436 5.159436 5.159436 5.159436 5.159436 5.159436 5.159436 5.159436 5.159436 
5.159436 5.159436 5.159436 5.159436 5.159436 5.159436 5.159436 5.159436 5.159436 5.159436 5.159436 5.159436 5.159436 5.159436 5.159436 5.159436 5.159436 5.159436 5.159436 5.159436 5.159436 5.159436 5.159436 5.159436 5.159436 5.159436 5.159436 5.159436 5.159436 5.159436 5.159436 5.159436 5.159436 5.159436 5.159436 5.159436 5.159436 5.159436 5.159436 5.159436 5.159436 5.159436 5.159436 5.159436 5.159436 5.159436 5.159436 5.159436 5.159436 5.159436 5.159436 5.159436 5.159436 5.159436 5.159436 5.159436 5.159436 5.159436 5.159436 5.159436 5.159436 5.159436 5.159436 5.159436 
5.159436 5.159436 5.159436 5.159436 5.159436 5.159436 5.159436 5.159436 5.159436 5.159436 5.159436 5.159436 5.159436 5.159436 5.159436 5.159436 5.159436 5.159436 5.159436 5.159436 5.159436 5.159436 5.159436 5.159436 5.159436 5.159436 5.159436 5.159436 5.159436 5.159436 5.159436 5.159436 5.159436 5.159436 5.159436 5.159436 5.159436 5.159436 5.159436 5.159436 5.159436 5.159436 5.159436 5.159436 5.159436 5.159436 5.159436 5.159436 5.159436 5.159436 5.159436 5.159436 5.159436 5.159436 5.159436 5.159436 5.159436 5.159436 5.159436 5.159436 5.159436 5.159436 5.159436 5.159436 
5.159436 5.159436 5.159436 5.159436 5.159436 5.159436 5.159436 5.159436 5.159436 5.159436 5.159436 5.159436 5.159436 5.159436 5.159436 5.159436 5.159436 5.159436 5.159436 5.159436 5.159436 5.159436 5.159436 5.159436 5.159436 5.159436 5.159436 5.159436 5.159436 5.159436 5.159436 5.159436 5.159436 5.159436 5.159436 5.159436 5.159436 5.159436 5.159436 5.159436 5.159436 5.159436 5.159436 5.159436 5.159436 5.159436 5.159436 5.159436 5.159436 5.159436 5.159436 5.159436 5.159436 5.159436 5.159436 5.159436 5.159436 5.159436 5.159436 5.159436 5.159436 5.159436 5.159436 5.159436 
5.159436 5.159436 5.159436 5.159436 5.159436 5.159436 5.159436 5.159436 5.159436 5.159436 5.159436 5.159436 5.159436 5.159436 5.159436 5.159436 5.159436 5.159436 5.159436 5.159436 5.159436 5.159436 5.159436 5.159436 5.159436 5.159436 5.159436 5.159436 5.159436 5.159436 5.159436 5.159436 5.159436 5.159436 5.159436 5.159436 5.159436 5.159436 5.159436 5.159436 5.159436 5.159436 5.159436 5.159436 5.159436 5.159436 5.159436 5.159436 5.159436 5.159436 5.159436 5.159436 5.159436 5.159436 5.159436 5.159436 5.159436 5.159436 5.159436 5.159436 5.159436 5.159436 5.159436 5.159436 
5.159436 5.159436 5.159436 5.159436 5.159436 5.159436 5.159436 5.159436 5.159436 5.159436 5.159436 5.159436 5.159436 5.159436 5.159436 5.159436 5.159436 5.159436 5.159436 5.159436 5.159436 5.159436 5.159436 5.159436 5.159436 5.159436 5.159436 5.159436 5.159436 5.159436 5.159436 5.159436 5.159436 5.159436 5.159436 5.159436 5.159436 5.159436 5.159436 5.159436 5.159436 5.159436 5.159436 5.159436 5.159436 5.159436 5.159436 5.159436 5.159436 5.159436 5.159436 5.159436 5.159436 5.159436 5.159436 5.159436 5.159436 5.159436 5.159436 5.159436 5.159436 5.159436 5.159436 5.159436 
5.159436 5.159436 5.159436 5.159436 5.159436 5.159436 5.159436 5.159436 5.159436 5.159436 5.159436 5.159436 5.159436 5.159436 5.159436 5.159436 5.159436 5.159436 5.159436 5.159436 5.159436 5.159436 5.159436 5.159436 5.159436 5.159436 5.159436 5.159436 5.159436 5.159436 5.159436 5.159436 5.159436 5.159436 5.159436 5.159436 5.159436 5.159436 5.159436 5.159436 5.159436 5.159436 5.159436 5.159436 5.159436 5.159436 5.159436 5.159436 5.159436 5.159436 5.159436 5.159436 5.159436 5.159436 5.159436 5.159436 5.159436 5.159436 5.159436 5.159436 5.159436 5.159436 5.159436 5.159436 
5.159436 5.159436 5.159436 5.159436 5.159436 5.159436 5.159436 5.159436 5.159436 5.159436 5.159436 5.159436 5.159436 5.159436 5.159436 5.159436 5.159436 5.159436 5.159436 5.159436 5.159436 5.159436 5.159436 5.159436 5.159436 5.159436 5.159436 5.159436 5.159436 5.159436 5.159436 5.159436 5.159436 5.159436 5.159436 5.159436 5.159436 5.159436 5.159436 5.159436 5.159436 5.159436 5.159436 5.159436 5.159436 5.159436 5.159436 5.159436 5.159436 5.159436 5.159436 5.159436 5.159436 5.159436 5.159436 5.159436 5.159436 5.159436 5.159436 5.159436 5.159436 5.159436 5.159436 5.159436 
5.159436 5.159436 5.159436 5.159436 5.159436 5.159436 5.159436 5.159436 5.159436 5.159436 5.159436 5.159436 5.159436 5.159436 5.159436 5.159436 5.159436 5.159436 5.159436 5.159436 5.159436 5.159436 5.159436 5.159436 5.159436 5.159436 5.159436 5.159436 5.159436 5.159436 5.159436 5.159436 5.159436 5.159436 5.159436 5.159436 5.159436 5.159436 5.159436 5.159436 5.159436 5.159436 5.159436 5.159436 5.159436 5.159436 5.159436 5.159436 5.159436 5.159436 5.159436 5.159436 5.159436 5.159436 5.159436 5.159436 5.159436 5.159436 5.159436 5.159436 5.159436 5.159436 5.159436 5.159436 
5.159436 5.159436 5.159436 5.159436 5.159436 5.159436 5.159436 5.159436 5.159436 5.159436 5.159436 5.159436 5.159436 5.159436 5.159436 5.159436 5.159436 5.159436 5.159436 5.159436 5.159436 5.159436 5.159436 5.159436 5.159436 5.159436 5.159436 5.159436 5.159436 5.159436 5.159436 5.159436 5.159436 5.159436 5.159436 5.159436 5.159436 5.159436 5.159436 5.159436 5.159436 5.159436 5.159436 5.159436 5.159436 5.159436 5.159436 5.159436 5.159436 5.159436 5.159436 5.159436 5.159436 5.159436 5.159436 5.159436 5.159436 5.159436 5.159436 5.159436 5.159436 5.159436 5.159436 5.159436 
5.159436 5.159436 5.159436 5.159436 5.159436 5.159436 5.159436 5.159436 5.159436 5.159436 5.159436 5.159436 5.159436 5.159436 5.159436 5.159436 5.159436 5.159436 5.159436 5.159436 5.159436 5.159436 5.159436 5.159436 5.159436 5.159436 5.159436 5.159436 5.159436 5.159436 5.159436 5.159436 5.159436 5.159436 5.159436 5.159436 5.159436 5.159436 5.159436 5.159436 5.159436 5.159436 5.159436 5.159436 5.159436 5.159436 5.159436 5.159436 5.159436 5.159436 5.159436 5.159436 5.159436 5.159436 5.159436 5.159436 5.159436 5.159436 5.159436 5.159436 5.159436 5.159436 5.159436 5.159436 
5.159436 5.159436 5.159436 5.159436 5.159436 5.159436 5.159436 5.159436 5.159436 5.159436 5.159436 5.159436 5.159436 5.159436 5.159436 5.159436 5.159436 5.159436 5.159436 5.159436 5.159436 5.159436 5.159436 5.159436 5.159436 5.159436 5.159436 5.159436 5.159436 5.159436 5.159436 5.159436 5.159436 5.159436 5.159436 5.159436 5.159436 5.159436 5.159436 5.159436 5.159436 5.159436 5.159436 5.159436 5.159436 5.159436 5.159436 5.159436 5.159436 5.159436 5.159436 5.159436 5.159436 5.159436 5.159436 5.159436 5.159436 5.159436 5.159436 5.159436 5.159436 5.159436 5.159436 5.159436 
5.159436 5.159436 5.159436 5.159436 5.159436 5.159436 5.159436 5.159436 5.159436 5.159436 5.159436 5.159436 5.159436 5.159436 5.159436 5.159436 5.159436 5.159436 5.159436 5.159436 5.159436 5.159436 5.159436 5.159436 5.159436 5.159436 5.159436 5.159436 5.159436 5.159436 5.159436 5.159436 5.159436 5.159436 5.159436 5.159436 5.159436 5.159436 5.159436 5.159436 5.159436 5.159436 5.159436 5.159436 5.159436 5.159436 5.159436 5.159436 5.159436 5.159436 5.159436 5.159436 5.159436 5.159436 5.159436 5.159436 5.159436 5.159436 5.159436 5.159436 5.159436 5.159436 5.159436 5.159436 
