4.554408 4.554408 4.554408 4.554408 4.554408 4.554408 4.554408 4.554408 4.554408 4.554408 4.554408 4.554408 4.554408 4.554408 4.554408 4.554408 4.554408 4.554408 4.554408 4.554408 4.554408 4.554408 4.554408 4.554408 4.554408 4.554408 4.554408 4.554408 4.554408 4.554408 4.554408 4.554408 4.554408 4.554408 4.554408 4.554408 4.554408 4.554408 4.554408 4.554408 4.554408 4.554408 4.554408 4.554408 4.554408 4.554408 4.554408 4.554408 4.554408 4.554408 4.554408 4.554408 4.554408 4.554408 4.554408 4.554408 4.554408 4.554408 4.554408 4.554408 4.554408 4.554408 4.554408 4.554408 
4.554408 4.554408 4.554408 4.554408 4.554408 4.554408 4.554408 4.554408 4.554408 4.554408 4.554408 4.554408 4.554408 4.554408 4.554408 4.554408 4.554408 4.554408 4.554408 4.554408 4.554408 4.554408 4.554408 4.554408 4.554408 4.554408 4.554408 4.554408 4.554408 4.554408 4.554408 4.554408 4.554408 4.554408 4.554408 4.554408 4.554408 4.554408 4.554408 4.554408 4.554408 4.554408 4.554408 4.554408 4.554408 4.554408 4.554408 4.554408 4.554408 4.554408 4.554408 4.554408 4.554408 4.554408 4.554408 4.554408 4.554408 4.554408 4.554408 4.554408 4.554408 4.554408 4.554408 4.554408 
4.554408 4.554408 4.554408 4.554408 4.554408 4.554408 4.554408 4.554408 4.554408 4.554408 4.554408 4.554408 4.554408 4.554408 4.554408 4.554408 4.554408 4.554408 4.554408 4.554408 4.554408 4.554408 4.554408 4.554408 4.554408 4.554408 4.554408 4.554408 4.554408 4.554408 4.554408 4.554408 4.554408 4.554408 4.554408 4.554408 4.554408 4.554408 4.554408 4.554408 4.554408 4.554408 4.554408 4.554408 4.554408 4.554408 4.554408 4.554408 4.554408 4.554408 4.554408 4.554408 4.554408 4.554408 4.554408 4.554408 4.554408 4.554408 4.554408 4.554408 4.554408 4.554408 4.554408 4.554408 
4.554408 4.554408 4.554408 4.554408 4.554408 4.554408 4.554408 4.554408 4.554408 4.554408 4.554408 4.554408 4.554408 4.554408 4.554408 4.554408 4.554408 4.554408 4.554408 4.554408 4.554408 4.554408 4.554408 4.554408 4.554408 4.554408 4.554408 4.554408 4.554408 4.554408 4.554408 4.554408 4.554408 4.554408 4.554408 4.554408 4.554408 4.554408 4.554408 4.554408 4.554408 4.554408 4.554408 4.554408 4.554408 4.554408 4.554408 4.554408 4.554408 4.554408 4.554408 4.554408 4.554408 4.554408 4.554408 4.554408 4.554408 4.554408 4.554408 4.554408 4.554408 4.554408 4.554408 4.554408 
4.554408 4.554408 4.554408 4.554408 4.554408 4.554408 4.554408 4.554408 4.554408 4.554408 4.554408 4.554408 4.554408 4.554408 4.554408 4.554408 4.554408 4.554408 4.554408 4.554408 4.554408 4.554408 4.554408 4.554408 4.554408 4.554408 4.554408 4.554408 4.554408 4.554408 4.554408 4.554408 4.554408 4.554408 4.554408 4.554408 4.554408 4.554408 4.554408 4.554408 4.554408 4.554408 4.554408 4.554408 4.554408 4.554408 4.554408 4.554408 4.554408 4.554408 4.554408 4.554408 4.554408 4.554408 4.554408 4.554408 4.554408 4.554408 4.554408 4.554408 4.554408 4.554408 4.554408 4.554408 
4.554408 4.554408 4.554408 4.554408 4.554408 4.554408 4.554408 4.554408 4.554408 4.554408 4.554408 4.554408 4.554408 4.554408 4.554408 4.554408 4.554408 4.554408 4.554408 4.554408 4.554408 4.554408 4.554408 4.554408 4.554408 4.554408 4.554408 4.554408 4.554408 4.554408 4.554408 4.554408 4.554408 4.554408 4.554408 4.554408 4.554408 4.554408 4.554408 4.554408 4.554408 4.554408 4.554408 4.554408 4.554408 4.554408 4.554408 4.554408 4.554408 4.554408 4.554408 4.554408 4.554408 4.554408 4.554408 4.554408 4.554408 4.554408 4.554408 4.554408 4.554408 4.554408 4.554408 4.554408 
4.554408 4.554408 4.554408 4.554408 4.554408 4.554408 4.554408 4.554408 4.554408 4.554408 4.554408 4.554408 4.554408 4.554408 4.554408 4.554408 4.554408 4.554408 4.554408 4.554408 4.554408 4.554408 4.554408 4.554408 4.554408 4.554408 4.554408 4.554408 4.554408 4.554408 4.554408 4.554408 4.554408 4.554408 4.554408 4.554408 4.554408 4.554408 4.554408 4.554408 4.554408 4.554408 4.554408 4.554408 4.554408 4.554408 4.554408 4.554408 4.554408 4.554408 4.554408 4.554408 4.554408 4.554408 4.554408 4.554408 4.554408 4.554408 4.554408 4.554408 4.554408 4.554408 4.554408 4.554408 
4.554408 4.554408 4.554408 4.554408 4.554408 4.554408 4.554408 4.554408 4.554408 4.554408 4.554408 4.554408 4.554408 4.554408 4.554408 4.554408 4.554408 4.554408 4.554408 4.554408 4.554408 4.554408 4.554408 4.554408 4.554408 4.554408 4.554408 4.554408 4.554408 4.554408 4.554408 4.554408 4.554408 4.554408 4.554408 4.554408 4.554408 4.554408 4.554408 4.554408 4.554408 4.554408 4.554408 4.554408 4.554408 4.554408 4.554408 4.554408 4.554408 4.554408 4.554408 4.554408 4.554408 4.554408 4.554408 4.554408 4.554408 4.554408 4.554408 4.554408 4.554408 4.554408 4.554408 4.554408 
4.554408 4.554408 4.554408 4.554408 4.554408 4.554408 4.554408 4.554408 4.554408 4.554408 4.554408 4.554408 4.554408 4.554408 4.554408 4.554408 4.554408 4.554408 4.554408 4.554408 4.554408 4.554408 4.554408 4.554408 4.554408 4.554408 4.554408 4.554408 4.554408 4.554408 4.554408 4.554408 4.554408 4.554408 4.554408 4.554408 4.554408 4.554408 4.554408 4.554408 4.554408 4.554408 4.554408 4.554408 4.554408 4.554408 4.554408 4.554408 4.554408 4.554408 4.554408 4.554408 4.554408 4.554408 4.554408 4.554408 4.554408 4.554408 4.554408 4.554408 4.554408 4.554408 4.554408 4.554408 
4.554408 4.554408 4.554408 4.554408 4.554408 4.554408 4.554408 4.554408 4.554408 4.554408 4.554408 4.554408 4.554408 4.554408 4.554408 4.554408 4.554408 4.554408 4.554408 4.554408 4.554408 4.554408 4.554408 4.554408 4.554408 4.554408 4.554408 4.554408 4.554408 4.554408 4.554408 4.554408 4.554408 4.554408 4.554408 4.554408 4.554408 4.554408 4.554408 4.554408 4.554408 4.554408 4.554408 4.554408 4.554408 4.554408 4.554408 4.554408 4.554408 4.554408 4.554408 4.554408 4.554408 4.554408 4.554408 4.554408 4.554408 4.554408 4.554408 4.554408 4.554408 4.554408 4.554408 4.554408 
4.554408 4.554408 4.554408 4.554408 4.554408 4.554408 4.554408 4.554408 4.554408 4.554408 4.554408 4.554408 4.554408 4.554408 4.554408 4.554408 4.554408 4.554408 4.554408 4.554408 4.554408 4.554408 4.554408 4.554408 4.554408 4.554408 4.554408 4.554408 4.554408 4.554408 4.554408 4.554408 4.554408 4.554408 4.554408 4.554408 4.554408 4.554408 4.554408 4.554408 4.554408 4.554408 4.554408 4.554408 4.554408 4.554408 4.554408 4.554408 4.554408 4.554408 4.554408 4.554408 4.554408 4.554408 4.554408 4.554408 4.554408 4.554408 4.554408 4.554408 4.554408 4.554408 4.554408 4.554408 
4.554408 4.554408 4.554408 4.554408 4.554408 4.554408 4.554408 4.554408 4.554408 4.554408 4.554408 4.554408 4.554408 4.554408 4.554408 4.554408 4.554408 4.554408 4.554408 4.554408 4.554408 4.554408 4.554408 4.554408 4.554408 4.554408 4.554408 4.554408 4.554408 4.554408 4.554408 4.554408 4.554408 4.554408 4.554408 4.554408 4.554408 4.554408 4.554408 4.554408 4.554408 4.554408 4.554408 4.554408 4.554408 4.554408 4.554408 4.554408 4.554408 4.554408 4.554408 4.554408 4.554408 4.554408 4.554408 4.554408 4.554408 4.554408 4.554408 4.554408 4.554408 4.554408 4.554408 4.554408 
4.554408 4.554408 4.554408 4.554408 4.554408 4.554408 4.554408 4.554408 4.554408 4.554408 4.554408 4.554408 4.554408 4.554408 4.554408 4.554408 4.554408 4.554408 4.554408 4.554408 4.554408 4.554408 4.554408 4.554408 4.554408 4.554408 4.554408 4.554408 4.554408 4.554408 4.554408 4.554408 4.554408 4.554408 4.554408 4.554408 4.554408 4.554408 4.554408 4.554408 4.554408 4.554408 4.554408 4.554408 4.554408 4.554408 4.554408 4.554408 4.554408 4.554408 4.554408 4.554408 4.554408 4.554408 4.554408 4.554408 4.554408 4.554408 4.554408 4.554408 4.554408 4.554408 4.554408 4.554408 
4.554408 4.554408 4.554408 4.554408 4.554408 4.554408 4.554408 4.554408 4.554408 4.554408 4.554408 4.554408 4.554408 4.554408 4.554408 4.554408 4.554408 4.554408 4.554408 4.554408 4.554408 4.554408 4.554408 4.554408 4.554408 4.554408 4.554408 4.554408 4.554408 4.554408 4.554408 4.554408 4.554408 4.554408 4.554408 4.554408 4.554408 4.554408 4.554408 4.554408 4.554408 4.554408 4.554408 4.554408 4.554408 4.554408 4.554408 4.554408 4.554408 4.554408 4.554408 4.554408 4.554408 4.554408 4.554408 4.554408 4.554408 4.554408 4.554408 4.554408 4.554408 4.554408 4.554408 4.554408 
4.554408 4.554408 4.554408 4.554408 4.554408 4.554408 4.554408 4.554408 4.554408 4.554408 4.554408 4.554408 4.554408 4.554408 4.554408 4.554408 4.554408 4.554408 4.554408 4.554408 4.554408 4.554408 4.554408 4.554408 4.554408 4.554408 4.554408 4.554408 4.554408 4.554408 4.554408 4.554408 4.554408 4.554408 4.554408 4.554408 4.554408 4.554408 4.554408 4.554408 4.554408 4.554408 4.554408 4.554408 4.554408 4.554408 4.554408 4.554408 4.554408 4.554408 4.554408 4.554408 4.554408 4.554408 4.554408 4.554408 4.554408 4.554408 4.554408 4.554408 4.554408 4.554408 4.554408 4.554408 
4.554408 4.554408 4.554408 4.554408 4.554408 4.554408 4.554408 4.554408 4.554408 4.554408 4.554408 4.554408 4.554408 4.554408 4.554408 4.554408 4.554408 4.554408 4.554408 4.554408 4.554408 4.554408 4.554408 4.554408 4.554408 4.554408 4.554408 4.554408 4.554408 4.554408 4.554408 4.554408 4.554408 4.554408 4.554408 4.554408 4.554408 4.554408 4.554408 4.554408 4.554408 4.554408 4.554408 4.554408 4.554408 4.554408 4.554408 4.554408 4.554408 4.554408 4.554408 4.554408 4.554408 4.554408 4.554408 4.554408 4.554408 4.554408 4.554408 4.554408 4.554408 4.554408 4.554408 4.554408 
4.554408 4.554408 4.554408 4.554408 4.554408 4.554408 4.554408 4.554408 4.554408 4.554408 4.554408 4.554408 4.554408 4.554408 4.554408 4.554408 4.554408 4.554408 4.554408 4.554408 4.554408 4.554408 4.554408 4.554408 4.554408 4.554408 4.554408 4.554408 4.554408 4.554408 4.554408 4.554408 4.554408 4.554408 4.554408 4.554408 4.554408 4.554408 4.554408 4.554408 4.554408 4.554408 4.554408 4.554408 4.554408 4.554408 4.554408 4.554408 4.554408 4.554408 4.554408 4.554408 4.554408 4.554408 4.554408 4.554408 4.554408 4.554408 4.554408 4.554408 4.554408 4.554408 4.554408 4.554408 
4.554408 4.554408 4.554408 4.554408 4.554408 4.554408 4.554408 4.554408 4.554408 4.554408 4.554408 4.554408 4.554408 4.554408 4.554408 4.554408 4.554408 4.554408 4.554408 4.554408 4.554408 4.554408 4.554408 4.554408 4.554408 4.554408 4.554408 4.554408 4.554408 4.554408 4.554408 4.554408 4.554408 4.554408 4.554408 4.554408 4.554408 4.554408 4.554408 4.554408 4.554408 4.554408 4.554408 4.554408 4.554408 4.554408 4.554408 4.554408 4.554408 4.554408 4.554408 4.554408 4.554408 4.554408 4.554408 4.554408 4.554408 4.554408 4.554408 4.554408 4.554408 4.554408 4.554408 4.554408 
4.554408 4.554408 4.554408 4.554408 4.554408 4.554408 4.554408 4.554408 4.554408 4.554408 4.554408 4.554408 4.554408 4.554408 4.554408 4.554408 4.554408 4.554408 4.554408 4.554408 4.554408 4.554408 4.554408 4.554408 4.554408 4.554408 4.554408 4.554408 4.554408 4.554408 4.554408 4.554408 4.554408 4.554408 4.554408 4.554408 4.554408 4.554408 4.554408 4.554408 4.554408 4.554408 4.554408 4.554408 4.554408 4.554408 4.554408 4.554408 4.554408 4.554408 4.554408 4.554408 4.554408 4.554408 4.554408 4.554408 4.554408 4.554408 4.554408 4.554408 4.554408 4.554408 4.554408 4.554408 
4.554408 4.554408 4.554408 4.554408 4.554408 4.554408 4.554408 4.554408 4.554408 4.554408 4.554408 4.554408 4.554408 4.554408 4.554408 4.554408 4.554408 4.554408 4.554408 4.554408 4.554408 4.554408 4.554408 4.554408 4.554408 4.554408 4.554408 4.554408 4.554408 4.554408 4.554408 4.554408 4.554408 4.554408 4.554408 4.554408 4.554408 4.554408 4.554408 4.554408 4.554408 4.554408 4.554408 4.554408 4.554408 4.554408 4.554408 4.554408 4.554408 4.554408 4.554408 4.554408 4.554408 4.554408 4.554408 4.554408 4.554408 4.554408 4.554408 4.554408 4.554408 4.554408 4.554408 4.554408 
4.554408 4.554408 4.554408 4.554408 4.554408 4.554408 4.554408 4.554408 4.554408 4.554408 4.554408 4.554408 4.554408 4.554408 4.554408 4.554408 4.554408 4.554408 4.554408 4.554408 4.554408 4.554408 4.554408 4.554408 4.554408 4.554408 4.554408 4.554408 4.554408 4.554408 4.554408 4.554408 4.554408 4.554408 4.554408 4.554408 4.554408 4.554408 4.554408 4.554408 4.554408 4.554408 4.554408 4.554408 4.554408 4.554408 4.554408 4.554408 4.554408 4.554408 4.554408 4.554408 4.554408 4.554408 4.554408 4.554408 4.554408 4.554408 4.554408 4.554408 4.554408 4.554408 4.554408 4.554408 
4.554408 4.554408 4.554408 4.554408 4.554408 4.554408 4.554408 4.554408 4.554408 4.554408 4.554408 4.554408 4.554408 4.554408 4.554408 4.554408 4.554408 4.554408 4.554408 4.554408 4.554408 4.554408 4.554408 4.554408 4.554408 4.554408 4.554408 4.554408 4.554408 4.554408 4.554408 4.554408 4.554408 4.554408 4.554408 4.554408 4.554408 4.554408 4.554408 4.554408 4.554408 4.554408 4.554408 4.554408 4.554408 4.554408 4.554408 4.554408 4.554408 4.554408 4.554408 4.554408 4.554408 4.554408 4.554408 4.554408 4.554408 4.554408 4.554408 4.554408 4.554408 4.554408 4.554408 4.554408 
4.554408 4.554408 4.554408 4.554408 4.554408 4.554408 4.554408 4.554408 4.554408 4.554408 4.554408 4.554408 4.554408 4.554408 4.554408 4.554408 4.554408 4.554408 4.554408 4.554408 4.554408 4.554408 4.554408 4.554408 4.554408 4.554408 4.554408 4.554408 4.554408 4.554408 4.554408 4.554408 4.554408 4.554408 4.554408 4.554408 4.554408 4.554408 4.554408 4.554408 4.554408 4.554408 4.554408 4.554408 4.554408 4.554408 4.554408 4.554408 4.554408 4.554408 4.554408 4.554408 4.554408 4.554408 4.554408 4.554408 4.554408 4.554408 4.554408 4.554408 4.554408 4.554408 4.554408 4.554408 
4.554408 4.554408 4.554408 4.554408 4.554408 4.554408 4.554408 4.554408 4.554408 4.554408 4.554408 4.554408 4.554408 4.554408 4.554408 4.554408 4.554408 4.554408 4.554408 4.554408 4.554408 4.554408 4.554408 4.554408 4.554408 4.554408 4.554408 4.554408 4.554408 4.554408 4.554408 4.554408 4.554408 4.554408 4.554408 4.554408 4.554408 4.554408 4.554408 4.554408 4.554408 4.554408 4.554408 4.554408 4.554408 4.554408 4.554408 4.554408 4.554408 4.554408 4.554408 4.554408 4.554408 4.554408 4.554408 4.554408 4.554408 4.554408 4.554408 4.554408 4.554408 4.554408 4.554408 4.554408 
4.554408 4.554408 4.554408 4.554408 4.554408 4.554408 4.554408 4.554408 4.554408 4.554408 4.554408 4.554408 4.554408 4.554408 4.554408 4.554408 4.554408 4.554408 4.554408 4.554408 4.554408 4.554408 4.554408 4.554408 4.554408 4.554408 4.554408 4.554408 4.554408 4.554408 4.554408 4.554408 4.554408 4.554408 4.554408 4.554408 4.554408 4.554408 4.554408 4.554408 4.554408 4.554408 4.554408 4.554408 4.554408 4.554408 4.554408 4.554408 4.554408 4.554408 4.554408 4.554408 4.554408 4.554408 4.554408 4.554408 4.554408 4.554408 4.554408 4.554408 4.554408 4.554408 4.554408 4.554408 
4.554408 4.554408 4.554408 4.554408 4.554408 4.554408 4.554408 4.554408 4.554408 4.554408 4.554408 4.554408 4.554408 4.554408 4.554408 4.554408 4.554408 4.554408 4.554408 4.554408 4.554408 4.554408 4.554408 4.554408 4.554408 4.554408 4.554408 4.554408 4.554408 4.554408 4.554408 4.554408 4.554408 4.554408 4.554408 4.554408 4.554408 4.554408 4.554408 4.554408 4.554408 4.554408 4.554408 4.554408 4.554408 4.554408 4.554408 4.554408 4.554408 4.554408 4.554408 4.554408 4.554408 4.554408 4.554408 4.554408 4.554408 4.554408 4.554408 4.554408 4.554408 4.554408 4.554408 4.554408 
4.554408 4.554408 4.554408 4.554408 4.554408 4.554408 4.554408 4.554408 4.554408 4.554408 4.554408 4.554408 4.554408 4.554408 4.554408 4.554408 4.554408 4.554408 4.554408 4.554408 4.554408 4.554408 4.554408 4.554408 4.554408 4.554408 4.554408 4.554408 4.554408 4.554408 4.554408 4.554408 4.554408 4.554408 4.554408 4.554408 4.554408 4.554408 4.554408 4.554408 4.554408 4.554408 4.554408 4.554408 4.554408 4.554408 4.554408 4.554408 4.554408 4.554408 4.554408 4.554408 4.554408 4.554408 4.554408 4.554408 4.554408 4.554408 4.554408 4.554408 4.554408 4.554408 4.554408 4.554408 
4.554408 4.554408 4.554408 4.554408 4.554408 4.554408 4.554408 4.554408 4.554408 4.554408 4.554408 4.554408 4.554408 4.554408 4.554408 4.554408 4.554408 4.554408 4.554408 4.554408 4.554408 4.554408 4.554408 4.554408 4.554408 4.554408 4.554408 4.554408 4.554408 4.554408 4.554408 4.554408 4.554408 4.554408 4.554408 4.554408 4.554408 4.554408 4.554408 4.554408 4.554408 4.554408 4.554408 4.554408 4.554408 4.554408 4.554408 4.554408 4.554408 4.554408 4.554408 4.554408 4.554408 4.554408 4.554408 4.554408 4.554408 4.554408 4.554408 4.554408 4.554408 4.554408 4.554408 4.554408 
4.554408 4.554408 4.554408 4.554408 4.554408 4.554408 4.554408 4.554408 4.554408 4.554408 4.554408 4.554408 4.554408 4.554408 4.554408 4.554408 4.554408 4.554408 4.554408 4.554408 4.554408 4.554408 4.554408 4.554408 4.554408 4.554408 4.554408 4.554408 4.554408 4.554408 4.554408 4.554408 4.554408 4.554408 4.554408 4.554408 4.554408 4.554408 4.554408 4.554408 4.554408 4.554408 4.554408 4.554408 4.554408 4.554408 4.554408 4.554408 4.554408 4.554408 4.554408 4.554408 4.554408 4.554408 4.554408 4.554408 4.554408 4.554408 4.554408 4.554408 4.554408 4.554408 4.554408 4.554408 
4.554408 4.554408 4.554408 4.554408 4.554408 4.554408 4.554408 4.554408 4.554408 4.554408 4.554408 4.554408 4.554408 4.554408 4.554408 4.554408 4.554408 4.554408 4.554408 4.554408 4.554408 4.554408 4.554408 4.554408 4.554408 4.554408 4.554408 4.554408 4.554408 4.554408 4.554408 4.554408 4.554408 4.554408 4.554408 4.554408 4.554408 4.554408 4.554408 4.554408 4.554408 4.554408 4.554408 4.554408 4.554408 4.554408 4.554408 4.554408 4.554408 4.554408 4.554408 4.554408 4.554408 4.554408 4.554408 4.554408 4.554408 4.554408 4.554408 4.554408 4.554408 4.554408 4.554408 4.554408 
4.554408 4.554408 4.554408 4.554408 4.554408 4.554408 4.554408 4.554408 4.554408 4.554408 4.554408 4.554408 4.554408 4.554408 4.554408 4.554408 4.554408 4.554408 4.554408 4.554408 4.554408 4.554408 4.554408 4.554408 4.554408 4.554408 4.554408 4.554408 4.554408 4.554408 4.554408 4.554408 4.554408 4.554408 4.554408 4.554408 4.554408 4.554408 4.554408 4.554408 4.554408 4.554408 4.554408 4.554408 4.554408 4.554408 4.554408 4.554408 4.554408 4.554408 4.554408 4.554408 4.554408 4.554408 4.554408 4.554408 4.554408 4.554408 4.554408 4.554408 4.554408 4.554408 4.554408 4.554408 
4.554408 4.554408 4.554408 4.554408 4.554408 4.554408 4.554408 4.554408 4.554408 4.554408 4.554408 4.554408 4.554408 4.554408 4.554408 4.554408 4.554408 4.554408 4.554408 4.554408 4.554408 4.554408 4.554408 4.554408 4.554408 4.554408 4.554408 4.554408 4.554408 4.554408 4.554408 4.554408 4.554408 4.554408 4.554408 4.554408 4.554408 4.554408 4.554408 4.554408 4.554408 4.554408 4.554408 4.554408 4.554408 4.554408 4.554408 4.554408 4.554408 4.554408 4.554408 4.554408 4.554408 4.554408 4.554408 4.554408 4.554408 4.554408 4.554408 4.554408 4.554408 4.554408 4.554408 4.554408 
4.554408 4.554408 4.554408 4.554408 4.554408 4.554408 4.554408 4.554408 4.554408 4.554408 4.554408 4.554408 4.554408 4.554408 4.554408 4.554408 4.554408 4.554408 4.554408 4.554408 4.554408 4.554408 4.554408 4.554408 4.554408 4.554408 4.554408 4.554408 4.554408 4.554408 4.554408 4.554408 4.554408 4.554408 4.554408 4.554408 4.554408 4.554408 4.554408 4.554408 4.554408 4.554408 4.554408 4.554408 4.554408 4.554408 4.554408 4.554408 4.554408 4.554408 4.554408 4.554408 4.554408 4.554408 4.554408 4.554408 4.554408 4.554408 4.554408 4.554408 4.554408 4.554408 4.554408 4.554408 
4.554408 4.554408 4.554408 4.554408 4.554408 4.554408 4.554408 4.554408 4.554408 4.554408 4.554408 4.554408 4.554408 4.554408 4.554408 4.554408 4.554408 4.554408 4.554408 4.554408 4.554408 4.554408 4.554408 4.554408 4.554408 4.554408 4.554408 4.554408 4.554408 4.554408 4.554408 4.554408 4.554408 4.554408 4.554408 4.554408 4.554408 4.554408 4.554408 4.554408 4.554408 4.554408 4.554408 4.554408 4.554408 4.554408 4.554408 4.554408 4.554408 4.554408 4.554408 4.554408 4.554408 4.554408 4.554408 4.554408 4.554408 4.554408 4.554408 4.554408 4.554408 4.554408 4.554408 4.554408 
4.554408 4.554408 4.554408 4.554408 4.554408 4.554408 4.554408 4.554408 4.554408 4.554408 4.554408 4.554408 4.554408 4.554408 4.554408 4.554408 4.554408 4.554408 4.554408 4.554408 4.554408 4.554408 4.554408 4.554408 4.554408 4.554408 4.554408 4.554408 4.554408 4.554408 4.554408 4.554408 4.554408 4.554408 4.554408 4.554408 4.554408 4.554408 4.554408 4.554408 4.554408 4.554408 4.554408 4.554408 4.554408 4.554408 4.554408 4.554408 4.554408 4.554408 4.554408 4.554408 4.554408 4.554408 4.554408 4.554408 4.554408 4.554408 4.554408 4.554408 4.554408 4.554408 4.554408 4.554408 
4.554408 4.554408 4.554408 4.554408 4.554408 4.554408 4.554408 4.554408 4.554408 4.554408 4.554408 4.554408 4.554408 4.554408 4.554408 4.554408 4.554408 4.554408 4.554408 4.554408 4.554408 4.554408 4.554408 4.554408 4.554408 4.554408 4.554408 4.554408 4.554408 4.554408 4.554408 4.554408 4.554408 4.554408 4.554408 4.554408 4.554408 4.554408 4.554408 4.554408 4.554408 4.554408 4.554408 4.554408 4.554408 4.554408 4.554408 4.554408 4.554408 4.554408 4.554408 4.554408 4.554408 4.554408 4.554408 4.554408 4.554408 4.554408 4.554408 4.554408 4.554408 4.554408 4.554408 4.554408 
4.554408 4.554408 4.554408 4.554408 4.554408 4.554408 4.554408 4.554408 4.554408 4.554408 4.554408 4.554408 4.554408 4.554408 4.554408 4.554408 4.554408 4.554408 4.554408 4.554408 4.554408 4.554408 4.554408 4.554408 4.554408 4.554408 4.554408 4.554408 4.554408 4.554408 4.554408 4.554408 4.554408 4.554408 4.554408 4.554408 4.554408 4.554408 4.554408 4.554408 4.554408 4.554408 4.554408 4.554408 4.554408 4.554408 4.554408 4.554408 4.554408 4.554408 4.554408 4.554408 4.554408 4.554408 4.554408 4.554408 4.554408 4.554408 4.554408 4.554408 4.554408 4.554408 4.554408 4.554408 
4.554408 4.554408 4.554408 4.554408 4.554408 4.554408 4.554408 4.554408 4.554408 4.554408 4.554408 4.554408 4.554408 4.554408 4.554408 4.554408 4.554408 4.554408 4.554408 4.554408 4.554408 4.554408 4.554408 4.554408 4.554408 4.554408 4.554408 4.554408 4.554408 4.554408 4.554408 4.554408 4.554408 4.554408 4.554408 4.554408 4.554408 4.554408 4.554408 4.554408 4.554408 4.554408 4.554408 4.554408 4.554408 4.554408 4.554408 4.554408 4.554408 4.554408 4.554408 4.554408 4.554408 4.554408 4.554408 4.554408 4.554408 4.554408 4.554408 4.554408 4.554408 4.554408 4.554408 4.554408 
4.554408 4.554408 4.554408 4.554408 4.554408 4.554408 4.554408 4.554408 4.554408 4.554408 4.554408 4.554408 4.554408 4.554408 4.554408 4.554408 4.554408 4.554408 4.554408 4.554408 4.554408 4.554408 4.554408 4.554408 4.554408 4.554408 4.554408 4.554408 4.554408 4.554408 4.554408 4.554408 4.554408 4.554408 4.554408 4.554408 4.554408 4.554408 4.554408 4.554408 4.554408 4.554408 4.554408 4.554408 4.554408 4.554408 4.554408 4.554408 4.554408 4.554408 4.554408 4.554408 4.554408 4.554408 4.554408 4.554408 4.554408 4.554408 4.554408 4.554408 4.554408 4.554408 4.554408 4.554408 
4.554408 4.554408 4.554408 4.554408 4.554408 4.554408 4.554408 4.554408 4.554408 4.554408 4.554408 4.554408 4.554408 4.554408 4.554408 4.554408 4.554408 4.554408 4.554408 4.554408 4.554408 4.554408 4.554408 4.554408 4.554408 4.554408 4.554408 4.554408 4.554408 4.554408 4.554408 4.554408 4.554408 4.554408 4.554408 4.554408 4.554408 4.554408 4.554408 4.554408 4.554408 4.554408 4.554408 4.554408 4.554408 4.554408 4.554408 4.554408 4.554408 4.554408 4.554408 4.554408 4.554408 4.554408 4.554408 4.554408 4.554408 4.554408 4.554408 4.554408 4.554408 4.554408 4.554408 4.554408 
4.554408 4.554408 4.554408 4.554408 4.554408 4.554408 4.554408 4.554408 4.554408 4.554408 4.554408 4.554408 4.554408 4.554408 4.554408 4.554408 4.554408 4.554408 4.554408 4.554408 4.554408 4.554408 4.554408 4.554408 4.554408 4.554408 4.554408 4.554408 4.554408 4.554408 4.554408 4.554408 4.554408 4.554408 4.554408 4.554408 4.554408 4.554408 4.554408 4.554408 4.554408 4.554408 4.554408 4.554408 4.554408 4.554408 4.554408 4.554408 4.554408 4.554408 4.554408 4.554408 4.554408 4.554408 4.554408 4.554408 4.554408 4.554408 4.554408 4.554408 4.554408 4.554408 4.554408 4.554408 
4.554408 4.554408 4.554408 4.554408 4.554408 4.554408 4.554408 4.554408 4.554408 4.554408 4.554408 4.554408 4.554408 4.554408 4.554408 4.554408 4.554408 4.554408 4.554408 4.554408 4.554408 4.554408 4.554408 4.554408 4.554408 4.554408 4.554408 4.554408 4.554408 4.554408 4.554408 4.554408 4.554408 4.554408 4.554408 4.554408 4.554408 4.554408 4.554408 4.554408 4.554408 4.554408 4.554408 4.554408 4.554408 4.554408 4.554408 4.554408 4.554408 4.554408 4.554408 4.554408 4.554408 4.554408 4.554408 4.554408 4.554408 4.554408 4.554408 4.554408 4.554408 4.554408 4.554408 4.554408 
4.554408 4.554408 4.554408 4.554408 4.554408 4.554408 4.554408 4.554408 4.554408 4.554408 4.554408 4.554408 4.554408 4.554408 4.554408 4.554408 4.554408 4.554408 4.554408 4.554408 4.554408 4.554408 4.554408 4.554408 4.554408 4.554408 4.554408 4.554408 4.554408 4.554408 4.554408 4.554408 4.554408 4.554408 4.554408 4.554408 4.554408 4.554408 4.554408 4.554408 4.554408 4.554408 4.554408 4.554408 4.554408 4.554408 4.554408 4.554408 4.554408 4.554408 4.554408 4.554408 4.554408 4.554408 4.554408 4.554408 4.554408 4.554408 4.554408 4.554408 4.554408 4.554408 4.554408 4.554408 
4.554408 4.554408 4.554408 4.554408 4.554408 4.554408 4.554408 4.554408 4.554408 4.554408 4.554408 4.554408 4.554408 4.554408 4.554408 4.554408 4.554408 4.554408 4.554408 4.554408 4.554408 4.554408 4.554408 4.554408 4.554408 4.554408 4.554408 4.554408 4.554408 4.554408 4.554408 4.554408 4.554408 4.554408 4.554408 4.554408 4.554408 4.554408 4.554408 4.554408 4.554408 4.554408 4.554408 4.554408 4.554408 4.554408 4.554408 4.554408 4.554408 4.554408 4.554408 4.554408 4.554408 4.554408 4.554408 4.554408 4.554408 4.554408 4.554408 4.554408 4.554408 4.554408 4.554408 4.554408 
4.554408 4.554408 4.554408 4.554408 4.554408 4.554408 4.554408 4.554408 4.554408 4.554408 4.554408 4.554408 4.554408 4.554408 4.554408 4.554408 4.554408 4.554408 4.554408 4.554408 4.554408 4.554408 4.554408 4.554408 4.554408 4.554408 4.554408 4.554408 4.554408 4.554408 4.554408 4.554408 4.554408 4.554408 4.554408 4.554408 4.554408 4.554408 4.554408 4.554408 4.554408 4.554408 4.554408 4.554408 4.554408 4.554408 4.554408 4.554408 4.554408 4.554408 4.554408 4.554408 4.554408 4.554408 4.554408 4.554408 4.554408 4.554408 4.554408 4.554408 4.554408 4.554408 4.554408 4.554408 
4.554408 4.554408 4.554408 4.554408 4.554408 4.554408 4.554408 4.554408 4.554408 4.554408 4.554408 4.554408 4.554408 4.554408 4.554408 4.554408 4.554408 4.554408 4.554408 4.554408 4.554408 4.554408 4.554408 4.554408 4.554408 4.554408 4.554408 4.554408 4.554408 4.554408 4.554408 4.554408 4.554408 4.554408 4.554408 4.554408 4.554408 4.554408 4.554408 4.554408 4.554408 4.554408 4.554408 4.554408 4.554408 4.554408 4.554408 4.554408 4.554408 4.554408 4.554408 4.554408 4.554408 4.554408 4.554408 4.554408 4.554408 4.554408 4.554408 4.554408 4.554408 4.554408 4.554408 4.554408 
4.554408 4.554408 4.554408 4.554408 4.554408 4.554408 4.554408 4.554408 4.554408 4.554408 4.554408 4.554408 4.554408 4.554408 4.554408 4.554408 4.554408 4.554408 4.554408 4.554408 4.554408 4.554408 4.554408 4.554408 4.554408 4.554408 4.554408 4.554408 4.554408 4.554408 4.554408 4.554408 4.554408 4.554408 4.554408 4.554408 4.554408 4.554408 4.554408 4.554408 4.554408 4.554408 4.554408 4.554408 4.554408 4.554408 4.554408 4.554408 4.554408 4.554408 4.554408 4.554408 4.554408 4.554408 4.554408 4.554408 4.554408 4.554408 4.554408 4.554408 4.554408 4.554408 4.554408 4.554408 
4.554408 4.554408 4.554408 4.554408 4.554408 4.554408 4.554408 4.554408 4.554408 4.554408 4.554408 4.554408 4.554408 4.554408 4.554408 4.554408 4.554408 4.554408 4.554408 4.554408 4.554408 4.554408 4.554408 4.554408 4.554408 4.554408 4.554408 4.554408 4.554408 4.554408 4.554408 4.554408 4.554408 4.554408 4.554408 4.554408 4.554408 4.554408 4.554408 4.554408 4.554408 4.554408 4.554408 4.554408 4.554408 4.554408 4.554408 4.554408 4.554408 4.554408 4.554408 4.554408 4.554408 4.554408 4.554408 4.554408 4.554408 4.554408 4.554408 4.554408 4.554408 4.554408 4.554408 4.554408 
4.554408 4.554408 4.554408 4.554408 4.554408 4.554408 4.554408 4.554408 4.554408 4.554408 4.554408 4.554408 4.554408 4.554408 4.554408 4.554408 4.554408 4.554408 4.554408 4.554408 4.554408 4.554408 4.554408 4.554408 4.554408 4.554408 4.554408 4.554408 4.554408 4.554408 4.554408 4.554408 4.554408 4.554408 4.554408 4.554408 4.554408 4.554408 4.554408 4.554408 4.554408 4.554408 4.554408 4.554408 4.554408 4.554408 4.554408 4.554408 4.554408 4.554408 4.554408 4.554408 4.554408 4.554408 4.554408 4.554408 4.554408 4.554408 4.554408 4.554408 4.554408 4.554408 4.554408 4.554408 
4.554408 4.554408 4.554408 4.554408 4.554408 4.554408 4.554408 4.554408 4.554408 4.554408 4.554408 4.554408 4.554408 4.554408 4.554408 4.554408 4.554408 4.554408 4.554408 4.554408 4.554408 4.554408 4.554408 4.554408 4.554408 4.554408 4.554408 4.554408 4.554408 4.554408 4.554408 4.554408 4.554408 4.554408 4.554408 4.554408 4.554408 4.554408 4.554408 4.554408 4.554408 4.554408 4.554408 4.554408 4.554408 4.554408 4.554408 4.554408 4.554408 4.554408 4.554408 4.554408 4.554408 4.554408 4.554408 4.554408 4.554408 4.554408 4.554408 4.554408 4.554408 4.554408 4.554408 4.554408 
4.554408 4.554408 4.554408 4.554408 4.554408 4.554408 4.554408 4.554408 4.554408 4.554408 4.554408 4.554408 4.554408 4.554408 4.554408 4.554408 4.554408 4.554408 4.554408 4.554408 4.554408 4.554408 4.554408 4.554408 4.554408 4.554408 4.554408 4.554408 4.554408 4.554408 4.554408 4.554408 4.554408 4.554408 4.554408 4.554408 4.554408 4.554408 4.554408 4.554408 4.554408 4.554408 4.554408 4.554408 4.554408 4.554408 4.554408 4.554408 4.554408 4.554408 4.554408 4.554408 4.554408 4.554408 4.554408 4.554408 4.554408 4.554408 4.554408 4.554408 4.554408 4.554408 4.554408 4.554408 
4.554408 4.554408 4.554408 4.554408 4.554408 4.554408 4.554408 4.554408 4.554408 4.554408 4.554408 4.554408 4.554408 4.554408 4.554408 4.554408 4.554408 4.554408 4.554408 4.554408 4.554408 4.554408 4.554408 4.554408 4.554408 4.554408 4.554408 4.554408 4.554408 4.554408 4.554408 4.554408 4.554408 4.554408 4.554408 4.554408 4.554408 4.554408 4.554408 4.554408 4.554408 4.554408 4.554408 4.554408 4.554408 4.554408 4.554408 4.554408 4.554408 4.554408 4.554408 4.554408 4.554408 4.554408 4.554408 4.554408 4.554408 4.554408 4.554408 4.554408 4.554408 4.554408 4.554408 4.554408 
4.554408 4.554408 4.554408 4.554408 4.554408 4.554408 4.554408 4.554408 4.554408 4.554408 4.554408 4.554408 4.554408 4.554408 4.554408 4.554408 4.554408 4.554408 4.554408 4.554408 4.554408 4.554408 4.554408 4.554408 4.554408 4.554408 4.554408 4.554408 4.554408 4.554408 4.554408 4.554408 4.554408 4.554408 4.554408 4.554408 4.554408 4.554408 4.554408 4.554408 4.554408 4.554408 4.554408 4.554408 4.554408 4.554408 4.554408 4.554408 4.554408 4.554408 4.554408 4.554408 4.554408 4.554408 4.554408 4.554408 4.554408 4.554408 4.554408 4.554408 4.554408 4.554408 4.554408 4.554408 
4.554408 4.554408 4.554408 4.554408 4.554408 4.554408 4.554408 4.554408 4.554408 4.554408 4.554408 4.554408 4.554408 4.554408 4.554408 4.554408 4.554408 4.554408 4.554408 4.554408 4.554408 4.554408 4.554408 4.554408 4.554408 4.554408 4.554408 4.554408 4.554408 4.554408 4.554408 4.554408 4.554408 4.554408 4.554408 4.554408 4.554408 4.554408 4.554408 4.554408 4.554408 4.554408 4.554408 4.554408 4.554408 4.554408 4.554408 4.554408 4.554408 4.554408 4.554408 4.554408 4.554408 4.554408 4.554408 4.554408 4.554408 4.554408 4.554408 4.554408 4.554408 4.554408 4.554408 4.554408 
4.554408 4.554408 4.554408 4.554408 4.554408 4.554408 4.554408 4.554408 4.554408 4.554408 4.554408 4.554408 4.554408 4.554408 4.554408 4.554408 4.554408 4.554408 4.554408 4.554408 4.554408 4.554408 4.554408 4.554408 4.554408 4.554408 4.554408 4.554408 4.554408 4.554408 4.554408 4.554408 4.554408 4.554408 4.554408 4.554408 4.554408 4.554408 4.554408 4.554408 4.554408 4.554408 4.554408 4.554408 4.554408 4.554408 4.554408 4.554408 4.554408 4.554408 4.554408 4.554408 4.554408 4.554408 4.554408 4.554408 4.554408 4.554408 4.554408 4.554408 4.554408 4.554408 4.554408 4.554408 
4.554408 4.554408 4.554408 4.554408 4.554408 4.554408 4.554408 4.554408 4.554408 4.554408 4.554408 4.554408 4.554408 4.554408 4.554408 4.554408 4.554408 4.554408 4.554408 4.554408 4.554408 4.554408 4.554408 4.554408 4.554408 4.554408 4.554408 4.554408 4.554408 4.554408 4.554408 4.554408 4.554408 4.554408 4.554408 4.554408 4.554408 4.554408 4.554408 4.554408 4.554408 4.554408 4.554408 4.554408 4.554408 4.554408 4.554408 4.554408 4.554408 4.554408 4.554408 4.554408 4.554408 4.554408 4.554408 4.554408 4.554408 4.554408 4.554408 4.554408 4.554408 4.554408 4.554408 4.554408 
4.554408 4.554408 4.554408 4.554408 4.554408 4.554408 4.554408 4.554408 4.554408 4.554408 4.554408 4.554408 4.554408 4.554408 4.554408 4.554408 4.554408 4.554408 4.554408 4.554408 4.554408 4.554408 4.554408 4.554408 4.554408 4.554408 4.554408 4.554408 4.554408 4.554408 4.554408 4.554408 4.554408 4.554408 4.554408 4.554408 4.554408 4.554408 4.554408 4.554408 4.554408 4.554408 4.554408 4.554408 4.554408 4.554408 4.554408 4.554408 4.554408 4.554408 4.554408 4.554408 4.554408 4.554408 4.554408 4.554408 4.554408 4.554408 4.554408 4.554408 4.554408 4.554408 4.554408 4.554408 
4.554408 4.554408 4.554408 4.554408 4.554408 4.554408 4.554408 4.554408 4.554408 4.554408 4.554408 4.554408 4.554408 4.554408 4.554408 4.554408 4.554408 4.554408 4.554408 4.554408 4.554408 4.554408 4.554408 4.554408 4.554408 4.554408 4.554408 4.554408 4.554408 4.554408 4.554408 4.554408 4.554408 4.554408 4.554408 4.554408 4.554408 4.554408 4.554408 4.554408 4.554408 4.554408 4.554408 4.554408 4.554408 4.554408 4.554408 4.554408 4.554408 4.554408 4.554408 4.554408 4.554408 4.554408 4.554408 4.554408 4.554408 4.554408 4.554408 4.554408 4.554408 4.554408 4.554408 4.554408 
4.554408 4.554408 4.554408 4.554408 4.554408 4.554408 4.554408 4.554408 4.554408 4.554408 4.554408 4.554408 4.554408 4.554408 4.554408 4.554408 4.554408 4.554408 4.554408 4.554408 4.554408 4.554408 4.554408 4.554408 4.554408 4.554408 4.554408 4.554408 4.554408 4.554408 4.554408 4.554408 4.554408 4.554408 4.554408 4.554408 4.554408 4.554408 4.554408 4.554408 4.554408 4.554408 4.554408 4.554408 4.554408 4.554408 4.554408 4.554408 4.554408 4.554408 4.554408 4.554408 4.554408 4.554408 4.554408 4.554408 4.554408 4.554408 4.554408 4.554408 4.554408 4.554408 4.554408 4.554408 
4.554408 4.554408 4.554408 4.554408 4.554408 4.554408 4.554408 4.554408 4.554408 4.554408 4.554408 4.554408 4.554408 4.554408 4.554408 4.554408 4.554408 4.554408 4.554408 4.554408 4.554408 4.554408 4.554408 4.554408 4.554408 4.554408 4.554408 4.554408 4.554408 4.554408 4.554408 4.554408 4.554408 4.554408 4.554408 4.554408 4.554408 4.554408 4.554408 4.554408 4.554408 4.554408 4.554408 4.554408 4.554408 4.554408 4.554408 4.554408 4.554408 4.554408 4.554408 4.554408 4.554408 4.554408 4.554408 4.554408 4.554408 4.554408 4.554408 4.554408 4.554408 4.554408 4.554408 4.554408 
4.554408 4.554408 4.554408 4.554408 4.554408 4.554408 4.554408 4.554408 4.554408 4.554408 4.554408 4.554408 4.554408 4.554408 4.554408 4.554408 4.554408 4.554408 4.554408 4.554408 4.554408 4.554408 4.554408 4.554408 4.554408 4.554408 4.554408 4.554408 4.554408 4.554408 4.554408 4.554408 4.554408 4.554408 4.554408 4.554408 4.554408 4.554408 4.554408 4.554408 4.554408 4.554408 4.554408 4.554408 4.554408 4.554408 4.554408 4.554408 4.554408 4.554408 4.554408 4.554408 4.554408 4.554408 4.554408 4.554408 4.554408 4.554408 4.554408 4.554408 4.554408 4.554408 4.554408 4.554408 
4.554408 4.554408 4.554408 4.554408 4.554408 4.554408 4.554408 4.554408 4.554408 4.554408 4.554408 4.554408 4.554408 4.554408 4.554408 4.554408 4.554408 4.554408 4.554408 4.554408 4.554408 4.554408 4.554408 4.554408 4.554408 4.554408 4.554408 4.554408 4.554408 4.554408 4.554408 4.554408 4.554408 4.554408 4.554408 4.554408 4.554408 4.554408 4.554408 4.554408 4.554408 4.554408 4.554408 4.554408 4.554408 4.554408 4.554408 4.554408 4.554408 4.554408 4.554408 4.554408 4.554408 4.554408 4.554408 4.554408 4.554408 4.554408 4.554408 4.554408 4.554408 4.554408 4.554408 4.554408 
4.554408 4.554408 4.554408 4.554408 4.554408 4.554408 4.554408 4.554408 4.554408 4.554408 4.554408 4.554408 4.554408 4.554408 4.554408 4.554408 4.554408 4.554408 4.554408 4.554408 4.554408 4.554408 4.554408 4.554408 4.554408 4.554408 4.554408 4.554408 4.554408 4.554408 4.554408 4.554408 4.554408 4.554408 4.554408 4.554408 4.554408 4.554408 4.554408 4.554408 4.554408 4.554408 4.554408 4.554408 4.554408 4.554408 4.554408 4.554408 4.554408 4.554408 4.554408 4.554408 4.554408 4.554408 4.554408 4.554408 4.554408 4.554408 4.554408 4.554408 4.554408 4.554408 4.554408 4.554408 
4.554408 4.554408 4.554408 4.554408 4.554408 4.554408 4.554408 4.554408 4.554408 4.554408 4.554408 4.554408 4.554408 4.554408 4.554408 4.554408 4.554408 4.554408 4.554408 4.554408 4.554408 4.554408 4.554408 4.554408 4.554408 4.554408 4.554408 4.554408 4.554408 4.554408 4.554408 4.554408 4.554408 4.554408 4.554408 4.554408 4.554408 4.554408 4.554408 4.554408 4.554408 4.554408 4.554408 4.554408 4.554408 4.554408 4.554408 4.554408 4.554408 4.554408 4.554408 4.554408 4.554408 4.554408 4.554408 4.554408 4.554408 4.554408 4.554408 4.554408 4.554408 4.554408 4.554408 4.554408 
