4.756082 4.756082 4.756082 4.756082 4.756082 4.756082 4.756082 4.756082 4.756082 4.756082 4.756082 4.756082 4.756082 4.756082 4.756082 4.756082 4.756082 4.756082 4.756082 4.756082 4.756082 4.756082 4.756082 4.756082 4.756082 4.756082 4.756082 4.756082 4.756082 4.756082 4.756082 4.756082 4.756082 4.756082 4.756082 4.756082 4.756082 4.756082 4.756082 4.756082 4.756082 4.756082 4.756082 4.756082 4.756082 4.756082 4.756082 4.756082 4.756082 4.756082 4.756082 4.756082 4.756082 4.756082 4.756082 4.756082 4.756082 4.756082 4.756082 4.756082 4.756082 4.756082 4.756082 4.756082 
4.756082 4.756082 4.756082 4.756082 4.756082 4.756082 4.756082 4.756082 4.756082 4.756082 4.756082 4.756082 4.756082 4.756082 4.756082 4.756082 4.756082 4.756082 4.756082 4.756082 4.756082 4.756082 4.756082 4.756082 4.756082 4.756082 4.756082 4.756082 4.756082 4.756082 4.756082 4.756082 4.756082 4.756082 4.756082 4.756082 4.756082 4.756082 4.756082 4.756082 4.756082 4.756082 4.756082 4.756082 4.756082 4.756082 4.756082 4.756082 4.756082 4.756082 4.756082 4.756082 4.756082 4.756082 4.756082 4.756082 4.756082 4.756082 4.756082 4.756082 4.756082 4.756082 4.756082 4.756082 
4.756082 4.756082 4.756082 4.756082 4.756082 4.756082 4.756082 4.756082 4.756082 4.756082 4.756082 4.756082 4.756082 4.756082 4.756082 4.756082 4.756082 4.756082 4.756082 4.756082 4.756082 4.756082 4.756082 4.756082 4.756082 4.756082 4.756082 4.756082 4.756082 4.756082 4.756082 4.756082 4.756082 4.756082 4.756082 4.756082 4.756082 4.756082 4.756082 4.756082 4.756082 4.756082 4.756082 4.756082 4.756082 4.756082 4.756082 4.756082 4.756082 4.756082 4.756082 4.756082 4.756082 4.756082 4.756082 4.756082 4.756082 4.756082 4.756082 4.756082 4.756082 4.756082 4.756082 4.756082 
4.756082 4.756082 4.756082 4.756082 4.756082 4.756082 4.756082 4.756082 4.756082 4.756082 4.756082 4.756082 4.756082 4.756082 4.756082 4.756082 4.756082 4.756082 4.756082 4.756082 4.756082 4.756082 4.756082 4.756082 4.756082 4.756082 4.756082 4.756082 4.756082 4.756082 4.756082 4.756082 4.756082 4.756082 4.756082 4.756082 4.756082 4.756082 4.756082 4.756082 4.756082 4.756082 4.756082 4.756082 4.756082 4.756082 4.756082 4.756082 4.756082 4.756082 4.756082 4.756082 4.756082 4.756082 4.756082 4.756082 4.756082 4.756082 4.756082 4.756082 4.756082 4.756082 4.756082 4.756082 
4.756082 4.756082 4.756082 4.756082 4.756082 4.756082 4.756082 4.756082 4.756082 4.756082 4.756082 4.756082 4.756082 4.756082 4.756082 4.756082 4.756082 4.756082 4.756082 4.756082 4.756082 4.756082 4.756082 4.756082 4.756082 4.756082 4.756082 4.756082 4.756082 4.756082 4.756082 4.756082 4.756082 4.756082 4.756082 4.756082 4.756082 4.756082 4.756082 4.756082 4.756082 4.756082 4.756082 4.756082 4.756082 4.756082 4.756082 4.756082 4.756082 4.756082 4.756082 4.756082 4.756082 4.756082 4.756082 4.756082 4.756082 4.756082 4.756082 4.756082 4.756082 4.756082 4.756082 4.756082 
4.756082 4.756082 4.756082 4.756082 4.756082 4.756082 4.756082 4.756082 4.756082 4.756082 4.756082 4.756082 4.756082 4.756082 4.756082 4.756082 4.756082 4.756082 4.756082 4.756082 4.756082 4.756082 4.756082 4.756082 4.756082 4.756082 4.756082 4.756082 4.756082 4.756082 4.756082 4.756082 4.756082 4.756082 4.756082 4.756082 4.756082 4.756082 4.756082 4.756082 4.756082 4.756082 4.756082 4.756082 4.756082 4.756082 4.756082 4.756082 4.756082 4.756082 4.756082 4.756082 4.756082 4.756082 4.756082 4.756082 4.756082 4.756082 4.756082 4.756082 4.756082 4.756082 4.756082 4.756082 
4.756082 4.756082 4.756082 4.756082 4.756082 4.756082 4.756082 4.756082 4.756082 4.756082 4.756082 4.756082 4.756082 4.756082 4.756082 4.756082 4.756082 4.756082 4.756082 4.756082 4.756082 4.756082 4.756082 4.756082 4.756082 4.756082 4.756082 4.756082 4.756082 4.756082 4.756082 4.756082 4.756082 4.756082 4.756082 4.756082 4.756082 4.756082 4.756082 4.756082 4.756082 4.756082 4.756082 4.756082 4.756082 4.756082 4.756082 4.756082 4.756082 4.756082 4.756082 4.756082 4.756082 4.756082 4.756082 4.756082 4.756082 4.756082 4.756082 4.756082 4.756082 4.756082 4.756082 4.756082 
4.756082 4.756082 4.756082 4.756082 4.756082 4.756082 4.756082 4.756082 4.756082 4.756082 4.756082 4.756082 4.756082 4.756082 4.756082 4.756082 4.756082 4.756082 4.756082 4.756082 4.756082 4.756082 4.756082 4.756082 4.756082 4.756082 4.756082 4.756082 4.756082 4.756082 4.756082 4.756082 4.756082 4.756082 4.756082 4.756082 4.756082 4.756082 4.756082 4.756082 4.756082 4.756082 4.756082 4.756082 4.756082 4.756082 4.756082 4.756082 4.756082 4.756082 4.756082 4.756082 4.756082 4.756082 4.756082 4.756082 4.756082 4.756082 4.756082 4.756082 4.756082 4.756082 4.756082 4.756082 
4.756082 4.756082 4.756082 4.756082 4.756082 4.756082 4.756082 4.756082 4.756082 4.756082 4.756082 4.756082 4.756082 4.756082 4.756082 4.756082 4.756082 4.756082 4.756082 4.756082 4.756082 4.756082 4.756082 4.756082 4.756082 4.756082 4.756082 4.756082 4.756082 4.756082 4.756082 4.756082 4.756082 4.756082 4.756082 4.756082 4.756082 4.756082 4.756082 4.756082 4.756082 4.756082 4.756082 4.756082 4.756082 4.756082 4.756082 4.756082 4.756082 4.756082 4.756082 4.756082 4.756082 4.756082 4.756082 4.756082 4.756082 4.756082 4.756082 4.756082 4.756082 4.756082 4.756082 4.756082 
4.756082 4.756082 4.756082 4.756082 4.756082 4.756082 4.756082 4.756082 4.756082 4.756082 4.756082 4.756082 4.756082 4.756082 4.756082 4.756082 4.756082 4.756082 4.756082 4.756082 4.756082 4.756082 4.756082 4.756082 4.756082 4.756082 4.756082 4.756082 4.756082 4.756082 4.756082 4.756082 4.756082 4.756082 4.756082 4.756082 4.756082 4.756082 4.756082 4.756082 4.756082 4.756082 4.756082 4.756082 4.756082 4.756082 4.756082 4.756082 4.756082 4.756082 4.756082 4.756082 4.756082 4.756082 4.756082 4.756082 4.756082 4.756082 4.756082 4.756082 4.756082 4.756082 4.756082 4.756082 
4.756082 4.756082 4.756082 4.756082 4.756082 4.756082 4.756082 4.756082 4.756082 4.756082 4.756082 4.756082 4.756082 4.756082 4.756082 4.756082 4.756082 4.756082 4.756082 4.756082 4.756082 4.756082 4.756082 4.756082 4.756082 4.756082 4.756082 4.756082 4.756082 4.756082 4.756082 4.756082 4.756082 4.756082 4.756082 4.756082 4.756082 4.756082 4.756082 4.756082 4.756082 4.756082 4.756082 4.756082 4.756082 4.756082 4.756082 4.756082 4.756082 4.756082 4.756082 4.756082 4.756082 4.756082 4.756082 4.756082 4.756082 4.756082 4.756082 4.756082 4.756082 4.756082 4.756082 4.756082 
4.756082 4.756082 4.756082 4.756082 4.756082 4.756082 4.756082 4.756082 4.756082 4.756082 4.756082 4.756082 4.756082 4.756082 4.756082 4.756082 4.756082 4.756082 4.756082 4.756082 4.756082 4.756082 4.756082 4.756082 4.756082 4.756082 4.756082 4.756082 4.756082 4.756082 4.756082 4.756082 4.756082 4.756082 4.756082 4.756082 4.756082 4.756082 4.756082 4.756082 4.756082 4.756082 4.756082 4.756082 4.756082 4.756082 4.756082 4.756082 4.756082 4.756082 4.756082 4.756082 4.756082 4.756082 4.756082 4.756082 4.756082 4.756082 4.756082 4.756082 4.756082 4.756082 4.756082 4.756082 
4.756082 4.756082 4.756082 4.756082 4.756082 4.756082 4.756082 4.756082 4.756082 4.756082 4.756082 4.756082 4.756082 4.756082 4.756082 4.756082 4.756082 4.756082 4.756082 4.756082 4.756082 4.756082 4.756082 4.756082 4.756082 4.756082 4.756082 4.756082 4.756082 4.756082 4.756082 4.756082 4.756082 4.756082 4.756082 4.756082 4.756082 4.756082 4.756082 4.756082 4.756082 4.756082 4.756082 4.756082 4.756082 4.756082 4.756082 4.756082 4.756082 4.756082 4.756082 4.756082 4.756082 4.756082 4.756082 4.756082 4.756082 4.756082 4.756082 4.756082 4.756082 4.756082 4.756082 4.756082 
4.756082 4.756082 4.756082 4.756082 4.756082 4.756082 4.756082 4.756082 4.756082 4.756082 4.756082 4.756082 4.756082 4.756082 4.756082 4.756082 4.756082 4.756082 4.756082 4.756082 4.756082 4.756082 4.756082 4.756082 4.756082 4.756082 4.756082 4.756082 4.756082 4.756082 4.756082 4.756082 4.756082 4.756082 4.756082 4.756082 4.756082 4.756082 4.756082 4.756082 4.756082 4.756082 4.756082 4.756082 4.756082 4.756082 4.756082 4.756082 4.756082 4.756082 4.756082 4.756082 4.756082 4.756082 4.756082 4.756082 4.756082 4.756082 4.756082 4.756082 4.756082 4.756082 4.756082 4.756082 
4.756082 4.756082 4.756082 4.756082 4.756082 4.756082 4.756082 4.756082 4.756082 4.756082 4.756082 4.756082 4.756082 4.756082 4.756082 4.756082 4.756082 4.756082 4.756082 4.756082 4.756082 4.756082 4.756082 4.756082 4.756082 4.756082 4.756082 4.756082 4.756082 4.756082 4.756082 4.756082 4.756082 4.756082 4.756082 4.756082 4.756082 4.756082 4.756082 4.756082 4.756082 4.756082 4.756082 4.756082 4.756082 4.756082 4.756082 4.756082 4.756082 4.756082 4.756082 4.756082 4.756082 4.756082 4.756082 4.756082 4.756082 4.756082 4.756082 4.756082 4.756082 4.756082 4.756082 4.756082 
4.756082 4.756082 4.756082 4.756082 4.756082 4.756082 4.756082 4.756082 4.756082 4.756082 4.756082 4.756082 4.756082 4.756082 4.756082 4.756082 4.756082 4.756082 4.756082 4.756082 4.756082 4.756082 4.756082 4.756082 4.756082 4.756082 4.756082 4.756082 4.756082 4.756082 4.756082 4.756082 4.756082 4.756082 4.756082 4.756082 4.756082 4.756082 4.756082 4.756082 4.756082 4.756082 4.756082 4.756082 4.756082 4.756082 4.756082 4.756082 4.756082 4.756082 4.756082 4.756082 4.756082 4.756082 4.756082 4.756082 4.756082 4.756082 4.756082 4.756082 4.756082 4.756082 4.756082 4.756082 
4.756082 4.756082 4.756082 4.756082 4.756082 4.756082 4.756082 4.756082 4.756082 4.756082 4.756082 4.756082 4.756082 4.756082 4.756082 4.756082 4.756082 4.756082 4.756082 4.756082 4.756082 4.756082 4.756082 4.756082 4.756082 4.756082 4.756082 4.756082 4.756082 4.756082 4.756082 4.756082 4.756082 4.756082 4.756082 4.756082 4.756082 4.756082 4.756082 4.756082 4.756082 4.756082 4.756082 4.756082 4.756082 4.756082 4.756082 4.756082 4.756082 4.756082 4.756082 4.756082 4.756082 4.756082 4.756082 4.756082 4.756082 4.756082 4.756082 4.756082 4.756082 4.756082 4.756082 4.756082 
4.756082 4.756082 4.756082 4.756082 4.756082 4.756082 4.756082 4.756082 4.756082 4.756082 4.756082 4.756082 4.756082 4.756082 4.756082 4.756082 4.756082 4.756082 4.756082 4.756082 4.756082 4.756082 4.756082 4.756082 4.756082 4.756082 4.756082 4.756082 4.756082 4.756082 4.756082 4.756082 4.756082 4.756082 4.756082 4.756082 4.756082 4.756082 4.756082 4.756082 4.756082 4.756082 4.756082 4.756082 4.756082 4.756082 4.756082 4.756082 4.756082 4.756082 4.756082 4.756082 4.756082 4.756082 4.756082 4.756082 4.756082 4.756082 4.756082 4.756082 4.756082 4.756082 4.756082 4.756082 
4.756082 4.756082 4.756082 4.756082 4.756082 4.756082 4.756082 4.756082 4.756082 4.756082 4.756082 4.756082 4.756082 4.756082 4.756082 4.756082 4.756082 4.756082 4.756082 4.756082 4.756082 4.756082 4.756082 4.756082 4.756082 4.756082 4.756082 4.756082 4.756082 4.756082 4.756082 4.756082 4.756082 4.756082 4.756082 4.756082 4.756082 4.756082 4.756082 4.756082 4.756082 4.756082 4.756082 4.756082 4.756082 4.756082 4.756082 4.756082 4.756082 4.756082 4.756082 4.756082 4.756082 4.756082 4.756082 4.756082 4.756082 4.756082 4.756082 4.756082 4.756082 4.756082 4.756082 4.756082 
4.756082 4.756082 4.756082 4.756082 4.756082 4.756082 4.756082 4.756082 4.756082 4.756082 4.756082 4.756082 4.756082 4.756082 4.756082 4.756082 4.756082 4.756082 4.756082 4.756082 4.756082 4.756082 4.756082 4.756082 4.756082 4.756082 4.756082 4.756082 4.756082 4.756082 4.756082 4.756082 4.756082 4.756082 4.756082 4.756082 4.756082 4.756082 4.756082 4.756082 4.756082 4.756082 4.756082 4.756082 4.756082 4.756082 4.756082 4.756082 4.756082 4.756082 4.756082 4.756082 4.756082 4.756082 4.756082 4.756082 4.756082 4.756082 4.756082 4.756082 4.756082 4.756082 4.756082 4.756082 
4.756082 4.756082 4.756082 4.756082 4.756082 4.756082 4.756082 4.756082 4.756082 4.756082 4.756082 4.756082 4.756082 4.756082 4.756082 4.756082 4.756082 4.756082 4.756082 4.756082 4.756082 4.756082 4.756082 4.756082 4.756082 4.756082 4.756082 4.756082 4.756082 4.756082 4.756082 4.756082 4.756082 4.756082 4.756082 4.756082 4.756082 4.756082 4.756082 4.756082 4.756082 4.756082 4.756082 4.756082 4.756082 4.756082 4.756082 4.756082 4.756082 4.756082 4.756082 4.756082 4.756082 4.756082 4.756082 4.756082 4.756082 4.756082 4.756082 4.756082 4.756082 4.756082 4.756082 4.756082 
4.756082 4.756082 4.756082 4.756082 4.756082 4.756082 4.756082 4.756082 4.756082 4.756082 4.756082 4.756082 4.756082 4.756082 4.756082 4.756082 4.756082 4.756082 4.756082 4.756082 4.756082 4.756082 4.756082 4.756082 4.756082 4.756082 4.756082 4.756082 4.756082 4.756082 4.756082 4.756082 4.756082 4.756082 4.756082 4.756082 4.756082 4.756082 4.756082 4.756082 4.756082 4.756082 4.756082 4.756082 4.756082 4.756082 4.756082 4.756082 4.756082 4.756082 4.756082 4.756082 4.756082 4.756082 4.756082 4.756082 4.756082 4.756082 4.756082 4.756082 4.756082 4.756082 4.756082 4.756082 
4.756082 4.756082 4.756082 4.756082 4.756082 4.756082 4.756082 4.756082 4.756082 4.756082 4.756082 4.756082 4.756082 4.756082 4.756082 4.756082 4.756082 4.756082 4.756082 4.756082 4.756082 4.756082 4.756082 4.756082 4.756082 4.756082 4.756082 4.756082 4.756082 4.756082 4.756082 4.756082 4.756082 4.756082 4.756082 4.756082 4.756082 4.756082 4.756082 4.756082 4.756082 4.756082 4.756082 4.756082 4.756082 4.756082 4.756082 4.756082 4.756082 4.756082 4.756082 4.756082 4.756082 4.756082 4.756082 4.756082 4.756082 4.756082 4.756082 4.756082 4.756082 4.756082 4.756082 4.756082 
4.756082 4.756082 4.756082 4.756082 4.756082 4.756082 4.756082 4.756082 4.756082 4.756082 4.756082 4.756082 4.756082 4.756082 4.756082 4.756082 4.756082 4.756082 4.756082 4.756082 4.756082 4.756082 4.756082 4.756082 4.756082 4.756082 4.756082 4.756082 4.756082 4.756082 4.756082 4.756082 4.756082 4.756082 4.756082 4.756082 4.756082 4.756082 4.756082 4.756082 4.756082 4.756082 4.756082 4.756082 4.756082 4.756082 4.756082 4.756082 4.756082 4.756082 4.756082 4.756082 4.756082 4.756082 4.756082 4.756082 4.756082 4.756082 4.756082 4.756082 4.756082 4.756082 4.756082 4.756082 
4.756082 4.756082 4.756082 4.756082 4.756082 4.756082 4.756082 4.756082 4.756082 4.756082 4.756082 4.756082 4.756082 4.756082 4.756082 4.756082 4.756082 4.756082 4.756082 4.756082 4.756082 4.756082 4.756082 4.756082 4.756082 4.756082 4.756082 4.756082 4.756082 4.756082 4.756082 4.756082 4.756082 4.756082 4.756082 4.756082 4.756082 4.756082 4.756082 4.756082 4.756082 4.756082 4.756082 4.756082 4.756082 4.756082 4.756082 4.756082 4.756082 4.756082 4.756082 4.756082 4.756082 4.756082 4.756082 4.756082 4.756082 4.756082 4.756082 4.756082 4.756082 4.756082 4.756082 4.756082 
4.756082 4.756082 4.756082 4.756082 4.756082 4.756082 4.756082 4.756082 4.756082 4.756082 4.756082 4.756082 4.756082 4.756082 4.756082 4.756082 4.756082 4.756082 4.756082 4.756082 4.756082 4.756082 4.756082 4.756082 4.756082 4.756082 4.756082 4.756082 4.756082 4.756082 4.756082 4.756082 4.756082 4.756082 4.756082 4.756082 4.756082 4.756082 4.756082 4.756082 4.756082 4.756082 4.756082 4.756082 4.756082 4.756082 4.756082 4.756082 4.756082 4.756082 4.756082 4.756082 4.756082 4.756082 4.756082 4.756082 4.756082 4.756082 4.756082 4.756082 4.756082 4.756082 4.756082 4.756082 
4.756082 4.756082 4.756082 4.756082 4.756082 4.756082 4.756082 4.756082 4.756082 4.756082 4.756082 4.756082 4.756082 4.756082 4.756082 4.756082 4.756082 4.756082 4.756082 4.756082 4.756082 4.756082 4.756082 4.756082 4.756082 4.756082 4.756082 4.756082 4.756082 4.756082 4.756082 4.756082 4.756082 4.756082 4.756082 4.756082 4.756082 4.756082 4.756082 4.756082 4.756082 4.756082 4.756082 4.756082 4.756082 4.756082 4.756082 4.756082 4.756082 4.756082 4.756082 4.756082 4.756082 4.756082 4.756082 4.756082 4.756082 4.756082 4.756082 4.756082 4.756082 4.756082 4.756082 4.756082 
4.756082 4.756082 4.756082 4.756082 4.756082 4.756082 4.756082 4.756082 4.756082 4.756082 4.756082 4.756082 4.756082 4.756082 4.756082 4.756082 4.756082 4.756082 4.756082 4.756082 4.756082 4.756082 4.756082 4.756082 4.756082 4.756082 4.756082 4.756082 4.756082 4.756082 4.756082 4.756082 4.756082 4.756082 4.756082 4.756082 4.756082 4.756082 4.756082 4.756082 4.756082 4.756082 4.756082 4.756082 4.756082 4.756082 4.756082 4.756082 4.756082 4.756082 4.756082 4.756082 4.756082 4.756082 4.756082 4.756082 4.756082 4.756082 4.756082 4.756082 4.756082 4.756082 4.756082 4.756082 
4.756082 4.756082 4.756082 4.756082 4.756082 4.756082 4.756082 4.756082 4.756082 4.756082 4.756082 4.756082 4.756082 4.756082 4.756082 4.756082 4.756082 4.756082 4.756082 4.756082 4.756082 4.756082 4.756082 4.756082 4.756082 4.756082 4.756082 4.756082 4.756082 4.756082 4.756082 4.756082 4.756082 4.756082 4.756082 4.756082 4.756082 4.756082 4.756082 4.756082 4.756082 4.756082 4.756082 4.756082 4.756082 4.756082 4.756082 4.756082 4.756082 4.756082 4.756082 4.756082 4.756082 4.756082 4.756082 4.756082 4.756082 4.756082 4.756082 4.756082 4.756082 4.756082 4.756082 4.756082 
4.756082 4.756082 4.756082 4.756082 4.756082 4.756082 4.756082 4.756082 4.756082 4.756082 4.756082 4.756082 4.756082 4.756082 4.756082 4.756082 4.756082 4.756082 4.756082 4.756082 4.756082 4.756082 4.756082 4.756082 4.756082 4.756082 4.756082 4.756082 4.756082 4.756082 4.756082 4.756082 4.756082 4.756082 4.756082 4.756082 4.756082 4.756082 4.756082 4.756082 4.756082 4.756082 4.756082 4.756082 4.756082 4.756082 4.756082 4.756082 4.756082 4.756082 4.756082 4.756082 4.756082 4.756082 4.756082 4.756082 4.756082 4.756082 4.756082 4.756082 4.756082 4.756082 4.756082 4.756082 
4.756082 4.756082 4.756082 4.756082 4.756082 4.756082 4.756082 4.756082 4.756082 4.756082 4.756082 4.756082 4.756082 4.756082 4.756082 4.756082 4.756082 4.756082 4.756082 4.756082 4.756082 4.756082 4.756082 4.756082 4.756082 4.756082 4.756082 4.756082 4.756082 4.756082 4.756082 4.756082 4.756082 4.756082 4.756082 4.756082 4.756082 4.756082 4.756082 4.756082 4.756082 4.756082 4.756082 4.756082 4.756082 4.756082 4.756082 4.756082 4.756082 4.756082 4.756082 4.756082 4.756082 4.756082 4.756082 4.756082 4.756082 4.756082 4.756082 4.756082 4.756082 4.756082 4.756082 4.756082 
4.756082 4.756082 4.756082 4.756082 4.756082 4.756082 4.756082 4.756082 4.756082 4.756082 4.756082 4.756082 4.756082 4.756082 4.756082 4.756082 4.756082 4.756082 4.756082 4.756082 4.756082 4.756082 4.756082 4.756082 4.756082 4.756082 4.756082 4.756082 4.756082 4.756082 4.756082 4.756082 4.756082 4.756082 4.756082 4.756082 4.756082 4.756082 4.756082 4.756082 4.756082 4.756082 4.756082 4.756082 4.756082 4.756082 4.756082 4.756082 4.756082 4.756082 4.756082 4.756082 4.756082 4.756082 4.756082 4.756082 4.756082 4.756082 4.756082 4.756082 4.756082 4.756082 4.756082 4.756082 
4.756082 4.756082 4.756082 4.756082 4.756082 4.756082 4.756082 4.756082 4.756082 4.756082 4.756082 4.756082 4.756082 4.756082 4.756082 4.756082 4.756082 4.756082 4.756082 4.756082 4.756082 4.756082 4.756082 4.756082 4.756082 4.756082 4.756082 4.756082 4.756082 4.756082 4.756082 4.756082 4.756082 4.756082 4.756082 4.756082 4.756082 4.756082 4.756082 4.756082 4.756082 4.756082 4.756082 4.756082 4.756082 4.756082 4.756082 4.756082 4.756082 4.756082 4.756082 4.756082 4.756082 4.756082 4.756082 4.756082 4.756082 4.756082 4.756082 4.756082 4.756082 4.756082 4.756082 4.756082 
4.756082 4.756082 4.756082 4.756082 4.756082 4.756082 4.756082 4.756082 4.756082 4.756082 4.756082 4.756082 4.756082 4.756082 4.756082 4.756082 4.756082 4.756082 4.756082 4.756082 4.756082 4.756082 4.756082 4.756082 4.756082 4.756082 4.756082 4.756082 4.756082 4.756082 4.756082 4.756082 4.756082 4.756082 4.756082 4.756082 4.756082 4.756082 4.756082 4.756082 4.756082 4.756082 4.756082 4.756082 4.756082 4.756082 4.756082 4.756082 4.756082 4.756082 4.756082 4.756082 4.756082 4.756082 4.756082 4.756082 4.756082 4.756082 4.756082 4.756082 4.756082 4.756082 4.756082 4.756082 
4.756082 4.756082 4.756082 4.756082 4.756082 4.756082 4.756082 4.756082 4.756082 4.756082 4.756082 4.756082 4.756082 4.756082 4.756082 4.756082 4.756082 4.756082 4.756082 4.756082 4.756082 4.756082 4.756082 4.756082 4.756082 4.756082 4.756082 4.756082 4.756082 4.756082 4.756082 4.756082 4.756082 4.756082 4.756082 4.756082 4.756082 4.756082 4.756082 4.756082 4.756082 4.756082 4.756082 4.756082 4.756082 4.756082 4.756082 4.756082 4.756082 4.756082 4.756082 4.756082 4.756082 4.756082 4.756082 4.756082 4.756082 4.756082 4.756082 4.756082 4.756082 4.756082 4.756082 4.756082 
4.756082 4.756082 4.756082 4.756082 4.756082 4.756082 4.756082 4.756082 4.756082 4.756082 4.756082 4.756082 4.756082 4.756082 4.756082 4.756082 4.756082 4.756082 4.756082 4.756082 4.756082 4.756082 4.756082 4.756082 4.756082 4.756082 4.756082 4.756082 4.756082 4.756082 4.756082 4.756082 4.756082 4.756082 4.756082 4.756082 4.756082 4.756082 4.756082 4.756082 4.756082 4.756082 4.756082 4.756082 4.756082 4.756082 4.756082 4.756082 4.756082 4.756082 4.756082 4.756082 4.756082 4.756082 4.756082 4.756082 4.756082 4.756082 4.756082 4.756082 4.756082 4.756082 4.756082 4.756082 
4.756082 4.756082 4.756082 4.756082 4.756082 4.756082 4.756082 4.756082 4.756082 4.756082 4.756082 4.756082 4.756082 4.756082 4.756082 4.756082 4.756082 4.756082 4.756082 4.756082 4.756082 4.756082 4.756082 4.756082 4.756082 4.756082 4.756082 4.756082 4.756082 4.756082 4.756082 4.756082 4.756082 4.756082 4.756082 4.756082 4.756082 4.756082 4.756082 4.756082 4.756082 4.756082 4.756082 4.756082 4.756082 4.756082 4.756082 4.756082 4.756082 4.756082 4.756082 4.756082 4.756082 4.756082 4.756082 4.756082 4.756082 4.756082 4.756082 4.756082 4.756082 4.756082 4.756082 4.756082 
4.756082 4.756082 4.756082 4.756082 4.756082 4.756082 4.756082 4.756082 4.756082 4.756082 4.756082 4.756082 4.756082 4.756082 4.756082 4.756082 4.756082 4.756082 4.756082 4.756082 4.756082 4.756082 4.756082 4.756082 4.756082 4.756082 4.756082 4.756082 4.756082 4.756082 4.756082 4.756082 4.756082 4.756082 4.756082 4.756082 4.756082 4.756082 4.756082 4.756082 4.756082 4.756082 4.756082 4.756082 4.756082 4.756082 4.756082 4.756082 4.756082 4.756082 4.756082 4.756082 4.756082 4.756082 4.756082 4.756082 4.756082 4.756082 4.756082 4.756082 4.756082 4.756082 4.756082 4.756082 
4.756082 4.756082 4.756082 4.756082 4.756082 4.756082 4.756082 4.756082 4.756082 4.756082 4.756082 4.756082 4.756082 4.756082 4.756082 4.756082 4.756082 4.756082 4.756082 4.756082 4.756082 4.756082 4.756082 4.756082 4.756082 4.756082 4.756082 4.756082 4.756082 4.756082 4.756082 4.756082 4.756082 4.756082 4.756082 4.756082 4.756082 4.756082 4.756082 4.756082 4.756082 4.756082 4.756082 4.756082 4.756082 4.756082 4.756082 4.756082 4.756082 4.756082 4.756082 4.756082 4.756082 4.756082 4.756082 4.756082 4.756082 4.756082 4.756082 4.756082 4.756082 4.756082 4.756082 4.756082 
4.756082 4.756082 4.756082 4.756082 4.756082 4.756082 4.756082 4.756082 4.756082 4.756082 4.756082 4.756082 4.756082 4.756082 4.756082 4.756082 4.756082 4.756082 4.756082 4.756082 4.756082 4.756082 4.756082 4.756082 4.756082 4.756082 4.756082 4.756082 4.756082 4.756082 4.756082 4.756082 4.756082 4.756082 4.756082 4.756082 4.756082 4.756082 4.756082 4.756082 4.756082 4.756082 4.756082 4.756082 4.756082 4.756082 4.756082 4.756082 4.756082 4.756082 4.756082 4.756082 4.756082 4.756082 4.756082 4.756082 4.756082 4.756082 4.756082 4.756082 4.756082 4.756082 4.756082 4.756082 
4.756082 4.756082 4.756082 4.756082 4.756082 4.756082 4.756082 4.756082 4.756082 4.756082 4.756082 4.756082 4.756082 4.756082 4.756082 4.756082 4.756082 4.756082 4.756082 4.756082 4.756082 4.756082 4.756082 4.756082 4.756082 4.756082 4.756082 4.756082 4.756082 4.756082 4.756082 4.756082 4.756082 4.756082 4.756082 4.756082 4.756082 4.756082 4.756082 4.756082 4.756082 4.756082 4.756082 4.756082 4.756082 4.756082 4.756082 4.756082 4.756082 4.756082 4.756082 4.756082 4.756082 4.756082 4.756082 4.756082 4.756082 4.756082 4.756082 4.756082 4.756082 4.756082 4.756082 4.756082 
4.756082 4.756082 4.756082 4.756082 4.756082 4.756082 4.756082 4.756082 4.756082 4.756082 4.756082 4.756082 4.756082 4.756082 4.756082 4.756082 4.756082 4.756082 4.756082 4.756082 4.756082 4.756082 4.756082 4.756082 4.756082 4.756082 4.756082 4.756082 4.756082 4.756082 4.756082 4.756082 4.756082 4.756082 4.756082 4.756082 4.756082 4.756082 4.756082 4.756082 4.756082 4.756082 4.756082 4.756082 4.756082 4.756082 4.756082 4.756082 4.756082 4.756082 4.756082 4.756082 4.756082 4.756082 4.756082 4.756082 4.756082 4.756082 4.756082 4.756082 4.756082 4.756082 4.756082 4.756082 
4.756082 4.756082 4.756082 4.756082 4.756082 4.756082 4.756082 4.756082 4.756082 4.756082 4.756082 4.756082 4.756082 4.756082 4.756082 4.756082 4.756082 4.756082 4.756082 4.756082 4.756082 4.756082 4.756082 4.756082 4.756082 4.756082 4.756082 4.756082 4.756082 4.756082 4.756082 4.756082 4.756082 4.756082 4.756082 4.756082 4.756082 4.756082 4.756082 4.756082 4.756082 4.756082 4.756082 4.756082 4.756082 4.756082 4.756082 4.756082 4.756082 4.756082 4.756082 4.756082 4.756082 4.756082 4.756082 4.756082 4.756082 4.756082 4.756082 4.756082 4.756082 4.756082 4.756082 4.756082 
4.756082 4.756082 4.756082 4.756082 4.756082 4.756082 4.756082 4.756082 4.756082 4.756082 4.756082 4.756082 4.756082 4.756082 4.756082 4.756082 4.756082 4.756082 4.756082 4.756082 4.756082 4.756082 4.756082 4.756082 4.756082 4.756082 4.756082 4.756082 4.756082 4.756082 4.756082 4.756082 4.756082 4.756082 4.756082 4.756082 4.756082 4.756082 4.756082 4.756082 4.756082 4.756082 4.756082 4.756082 4.756082 4.756082 4.756082 4.756082 4.756082 4.756082 4.756082 4.756082 4.756082 4.756082 4.756082 4.756082 4.756082 4.756082 4.756082 4.756082 4.756082 4.756082 4.756082 4.756082 
4.756082 4.756082 4.756082 4.756082 4.756082 4.756082 4.756082 4.756082 4.756082 4.756082 4.756082 4.756082 4.756082 4.756082 4.756082 4.756082 4.756082 4.756082 4.756082 4.756082 4.756082 4.756082 4.756082 4.756082 4.756082 4.756082 4.756082 4.756082 4.756082 4.756082 4.756082 4.756082 4.756082 4.756082 4.756082 4.756082 4.756082 4.756082 4.756082 4.756082 4.756082 4.756082 4.756082 4.756082 4.756082 4.756082 4.756082 4.756082 4.756082 4.756082 4.756082 4.756082 4.756082 4.756082 4.756082 4.756082 4.756082 4.756082 4.756082 4.756082 4.756082 4.756082 4.756082 4.756082 
4.756082 4.756082 4.756082 4.756082 4.756082 4.756082 4.756082 4.756082 4.756082 4.756082 4.756082 4.756082 4.756082 4.756082 4.756082 4.756082 4.756082 4.756082 4.756082 4.756082 4.756082 4.756082 4.756082 4.756082 4.756082 4.756082 4.756082 4.756082 4.756082 4.756082 4.756082 4.756082 4.756082 4.756082 4.756082 4.756082 4.756082 4.756082 4.756082 4.756082 4.756082 4.756082 4.756082 4.756082 4.756082 4.756082 4.756082 4.756082 4.756082 4.756082 4.756082 4.756082 4.756082 4.756082 4.756082 4.756082 4.756082 4.756082 4.756082 4.756082 4.756082 4.756082 4.756082 4.756082 
4.756082 4.756082 4.756082 4.756082 4.756082 4.756082 4.756082 4.756082 4.756082 4.756082 4.756082 4.756082 4.756082 4.756082 4.756082 4.756082 4.756082 4.756082 4.756082 4.756082 4.756082 4.756082 4.756082 4.756082 4.756082 4.756082 4.756082 4.756082 4.756082 4.756082 4.756082 4.756082 4.756082 4.756082 4.756082 4.756082 4.756082 4.756082 4.756082 4.756082 4.756082 4.756082 4.756082 4.756082 4.756082 4.756082 4.756082 4.756082 4.756082 4.756082 4.756082 4.756082 4.756082 4.756082 4.756082 4.756082 4.756082 4.756082 4.756082 4.756082 4.756082 4.756082 4.756082 4.756082 
4.756082 4.756082 4.756082 4.756082 4.756082 4.756082 4.756082 4.756082 4.756082 4.756082 4.756082 4.756082 4.756082 4.756082 4.756082 4.756082 4.756082 4.756082 4.756082 4.756082 4.756082 4.756082 4.756082 4.756082 4.756082 4.756082 4.756082 4.756082 4.756082 4.756082 4.756082 4.756082 4.756082 4.756082 4.756082 4.756082 4.756082 4.756082 4.756082 4.756082 4.756082 4.756082 4.756082 4.756082 4.756082 4.756082 4.756082 4.756082 4.756082 4.756082 4.756082 4.756082 4.756082 4.756082 4.756082 4.756082 4.756082 4.756082 4.756082 4.756082 4.756082 4.756082 4.756082 4.756082 
4.756082 4.756082 4.756082 4.756082 4.756082 4.756082 4.756082 4.756082 4.756082 4.756082 4.756082 4.756082 4.756082 4.756082 4.756082 4.756082 4.756082 4.756082 4.756082 4.756082 4.756082 4.756082 4.756082 4.756082 4.756082 4.756082 4.756082 4.756082 4.756082 4.756082 4.756082 4.756082 4.756082 4.756082 4.756082 4.756082 4.756082 4.756082 4.756082 4.756082 4.756082 4.756082 4.756082 4.756082 4.756082 4.756082 4.756082 4.756082 4.756082 4.756082 4.756082 4.756082 4.756082 4.756082 4.756082 4.756082 4.756082 4.756082 4.756082 4.756082 4.756082 4.756082 4.756082 4.756082 
4.756082 4.756082 4.756082 4.756082 4.756082 4.756082 4.756082 4.756082 4.756082 4.756082 4.756082 4.756082 4.756082 4.756082 4.756082 4.756082 4.756082 4.756082 4.756082 4.756082 4.756082 4.756082 4.756082 4.756082 4.756082 4.756082 4.756082 4.756082 4.756082 4.756082 4.756082 4.756082 4.756082 4.756082 4.756082 4.756082 4.756082 4.756082 4.756082 4.756082 4.756082 4.756082 4.756082 4.756082 4.756082 4.756082 4.756082 4.756082 4.756082 4.756082 4.756082 4.756082 4.756082 4.756082 4.756082 4.756082 4.756082 4.756082 4.756082 4.756082 4.756082 4.756082 4.756082 4.756082 
4.756082 4.756082 4.756082 4.756082 4.756082 4.756082 4.756082 4.756082 4.756082 4.756082 4.756082 4.756082 4.756082 4.756082 4.756082 4.756082 4.756082 4.756082 4.756082 4.756082 4.756082 4.756082 4.756082 4.756082 4.756082 4.756082 4.756082 4.756082 4.756082 4.756082 4.756082 4.756082 4.756082 4.756082 4.756082 4.756082 4.756082 4.756082 4.756082 4.756082 4.756082 4.756082 4.756082 4.756082 4.756082 4.756082 4.756082 4.756082 4.756082 4.756082 4.756082 4.756082 4.756082 4.756082 4.756082 4.756082 4.756082 4.756082 4.756082 4.756082 4.756082 4.756082 4.756082 4.756082 
4.756082 4.756082 4.756082 4.756082 4.756082 4.756082 4.756082 4.756082 4.756082 4.756082 4.756082 4.756082 4.756082 4.756082 4.756082 4.756082 4.756082 4.756082 4.756082 4.756082 4.756082 4.756082 4.756082 4.756082 4.756082 4.756082 4.756082 4.756082 4.756082 4.756082 4.756082 4.756082 4.756082 4.756082 4.756082 4.756082 4.756082 4.756082 4.756082 4.756082 4.756082 4.756082 4.756082 4.756082 4.756082 4.756082 4.756082 4.756082 4.756082 4.756082 4.756082 4.756082 4.756082 4.756082 4.756082 4.756082 4.756082 4.756082 4.756082 4.756082 4.756082 4.756082 4.756082 4.756082 
4.756082 4.756082 4.756082 4.756082 4.756082 4.756082 4.756082 4.756082 4.756082 4.756082 4.756082 4.756082 4.756082 4.756082 4.756082 4.756082 4.756082 4.756082 4.756082 4.756082 4.756082 4.756082 4.756082 4.756082 4.756082 4.756082 4.756082 4.756082 4.756082 4.756082 4.756082 4.756082 4.756082 4.756082 4.756082 4.756082 4.756082 4.756082 4.756082 4.756082 4.756082 4.756082 4.756082 4.756082 4.756082 4.756082 4.756082 4.756082 4.756082 4.756082 4.756082 4.756082 4.756082 4.756082 4.756082 4.756082 4.756082 4.756082 4.756082 4.756082 4.756082 4.756082 4.756082 4.756082 
4.756082 4.756082 4.756082 4.756082 4.756082 4.756082 4.756082 4.756082 4.756082 4.756082 4.756082 4.756082 4.756082 4.756082 4.756082 4.756082 4.756082 4.756082 4.756082 4.756082 4.756082 4.756082 4.756082 4.756082 4.756082 4.756082 4.756082 4.756082 4.756082 4.756082 4.756082 4.756082 4.756082 4.756082 4.756082 4.756082 4.756082 4.756082 4.756082 4.756082 4.756082 4.756082 4.756082 4.756082 4.756082 4.756082 4.756082 4.756082 4.756082 4.756082 4.756082 4.756082 4.756082 4.756082 4.756082 4.756082 4.756082 4.756082 4.756082 4.756082 4.756082 4.756082 4.756082 4.756082 
4.756082 4.756082 4.756082 4.756082 4.756082 4.756082 4.756082 4.756082 4.756082 4.756082 4.756082 4.756082 4.756082 4.756082 4.756082 4.756082 4.756082 4.756082 4.756082 4.756082 4.756082 4.756082 4.756082 4.756082 4.756082 4.756082 4.756082 4.756082 4.756082 4.756082 4.756082 4.756082 4.756082 4.756082 4.756082 4.756082 4.756082 4.756082 4.756082 4.756082 4.756082 4.756082 4.756082 4.756082 4.756082 4.756082 4.756082 4.756082 4.756082 4.756082 4.756082 4.756082 4.756082 4.756082 4.756082 4.756082 4.756082 4.756082 4.756082 4.756082 4.756082 4.756082 4.756082 4.756082 
4.756082 4.756082 4.756082 4.756082 4.756082 4.756082 4.756082 4.756082 4.756082 4.756082 4.756082 4.756082 4.756082 4.756082 4.756082 4.756082 4.756082 4.756082 4.756082 4.756082 4.756082 4.756082 4.756082 4.756082 4.756082 4.756082 4.756082 4.756082 4.756082 4.756082 4.756082 4.756082 4.756082 4.756082 4.756082 4.756082 4.756082 4.756082 4.756082 4.756082 4.756082 4.756082 4.756082 4.756082 4.756082 4.756082 4.756082 4.756082 4.756082 4.756082 4.756082 4.756082 4.756082 4.756082 4.756082 4.756082 4.756082 4.756082 4.756082 4.756082 4.756082 4.756082 4.756082 4.756082 
4.756082 4.756082 4.756082 4.756082 4.756082 4.756082 4.756082 4.756082 4.756082 4.756082 4.756082 4.756082 4.756082 4.756082 4.756082 4.756082 4.756082 4.756082 4.756082 4.756082 4.756082 4.756082 4.756082 4.756082 4.756082 4.756082 4.756082 4.756082 4.756082 4.756082 4.756082 4.756082 4.756082 4.756082 4.756082 4.756082 4.756082 4.756082 4.756082 4.756082 4.756082 4.756082 4.756082 4.756082 4.756082 4.756082 4.756082 4.756082 4.756082 4.756082 4.756082 4.756082 4.756082 4.756082 4.756082 4.756082 4.756082 4.756082 4.756082 4.756082 4.756082 4.756082 4.756082 4.756082 
4.756082 4.756082 4.756082 4.756082 4.756082 4.756082 4.756082 4.756082 4.756082 4.756082 4.756082 4.756082 4.756082 4.756082 4.756082 4.756082 4.756082 4.756082 4.756082 4.756082 4.756082 4.756082 4.756082 4.756082 4.756082 4.756082 4.756082 4.756082 4.756082 4.756082 4.756082 4.756082 4.756082 4.756082 4.756082 4.756082 4.756082 4.756082 4.756082 4.756082 4.756082 4.756082 4.756082 4.756082 4.756082 4.756082 4.756082 4.756082 4.756082 4.756082 4.756082 4.756082 4.756082 4.756082 4.756082 4.756082 4.756082 4.756082 4.756082 4.756082 4.756082 4.756082 4.756082 4.756082 
4.756082 4.756082 4.756082 4.756082 4.756082 4.756082 4.756082 4.756082 4.756082 4.756082 4.756082 4.756082 4.756082 4.756082 4.756082 4.756082 4.756082 4.756082 4.756082 4.756082 4.756082 4.756082 4.756082 4.756082 4.756082 4.756082 4.756082 4.756082 4.756082 4.756082 4.756082 4.756082 4.756082 4.756082 4.756082 4.756082 4.756082 4.756082 4.756082 4.756082 4.756082 4.756082 4.756082 4.756082 4.756082 4.756082 4.756082 4.756082 4.756082 4.756082 4.756082 4.756082 4.756082 4.756082 4.756082 4.756082 4.756082 4.756082 4.756082 4.756082 4.756082 4.756082 4.756082 4.756082 
4.756082 4.756082 4.756082 4.756082 4.756082 4.756082 4.756082 4.756082 4.756082 4.756082 4.756082 4.756082 4.756082 4.756082 4.756082 4.756082 4.756082 4.756082 4.756082 4.756082 4.756082 4.756082 4.756082 4.756082 4.756082 4.756082 4.756082 4.756082 4.756082 4.756082 4.756082 4.756082 4.756082 4.756082 4.756082 4.756082 4.756082 4.756082 4.756082 4.756082 4.756082 4.756082 4.756082 4.756082 4.756082 4.756082 4.756082 4.756082 4.756082 4.756082 4.756082 4.756082 4.756082 4.756082 4.756082 4.756082 4.756082 4.756082 4.756082 4.756082 4.756082 4.756082 4.756082 4.756082 
4.756082 4.756082 4.756082 4.756082 4.756082 4.756082 4.756082 4.756082 4.756082 4.756082 4.756082 4.756082 4.756082 4.756082 4.756082 4.756082 4.756082 4.756082 4.756082 4.756082 4.756082 4.756082 4.756082 4.756082 4.756082 4.756082 4.756082 4.756082 4.756082 4.756082 4.756082 4.756082 4.756082 4.756082 4.756082 4.756082 4.756082 4.756082 4.756082 4.756082 4.756082 4.756082 4.756082 4.756082 4.756082 4.756082 4.756082 4.756082 4.756082 4.756082 4.756082 4.756082 4.756082 4.756082 4.756082 4.756082 4.756082 4.756082 4.756082 4.756082 4.756082 4.756082 4.756082 4.756082 
4.756082 4.756082 4.756082 4.756082 4.756082 4.756082 4.756082 4.756082 4.756082 4.756082 4.756082 4.756082 4.756082 4.756082 4.756082 4.756082 4.756082 4.756082 4.756082 4.756082 4.756082 4.756082 4.756082 4.756082 4.756082 4.756082 4.756082 4.756082 4.756082 4.756082 4.756082 4.756082 4.756082 4.756082 4.756082 4.756082 4.756082 4.756082 4.756082 4.756082 4.756082 4.756082 4.756082 4.756082 4.756082 4.756082 4.756082 4.756082 4.756082 4.756082 4.756082 4.756082 4.756082 4.756082 4.756082 4.756082 4.756082 4.756082 4.756082 4.756082 4.756082 4.756082 4.756082 4.756082 
4.756082 4.756082 4.756082 4.756082 4.756082 4.756082 4.756082 4.756082 4.756082 4.756082 4.756082 4.756082 4.756082 4.756082 4.756082 4.756082 4.756082 4.756082 4.756082 4.756082 4.756082 4.756082 4.756082 4.756082 4.756082 4.756082 4.756082 4.756082 4.756082 4.756082 4.756082 4.756082 4.756082 4.756082 4.756082 4.756082 4.756082 4.756082 4.756082 4.756082 4.756082 4.756082 4.756082 4.756082 4.756082 4.756082 4.756082 4.756082 4.756082 4.756082 4.756082 4.756082 4.756082 4.756082 4.756082 4.756082 4.756082 4.756082 4.756082 4.756082 4.756082 4.756082 4.756082 4.756082 
4.756082 4.756082 4.756082 4.756082 4.756082 4.756082 4.756082 4.756082 4.756082 4.756082 4.756082 4.756082 4.756082 4.756082 4.756082 4.756082 4.756082 4.756082 4.756082 4.756082 4.756082 4.756082 4.756082 4.756082 4.756082 4.756082 4.756082 4.756082 4.756082 4.756082 4.756082 4.756082 4.756082 4.756082 4.756082 4.756082 4.756082 4.756082 4.756082 4.756082 4.756082 4.756082 4.756082 4.756082 4.756082 4.756082 4.756082 4.756082 4.756082 4.756082 4.756082 4.756082 4.756082 4.756082 4.756082 4.756082 4.756082 4.756082 4.756082 4.756082 4.756082 4.756082 4.756082 4.756082 
