4.151066 4.151066 4.151066 4.151066 4.151066 4.151066 4.151066 4.151066 4.151066 4.151066 4.151066 4.151066 4.151066 4.151066 4.151066 4.151066 4.151066 4.151066 4.151066 4.151066 4.151066 4.151066 4.151066 4.151066 4.151066 4.151066 4.151066 4.151066 4.151066 4.151066 4.151066 4.151066 4.151066 4.151066 4.151066 4.151066 4.151066 4.151066 4.151066 4.151066 4.151066 4.151066 4.151066 4.151066 4.151066 4.151066 4.151066 4.151066 4.151066 4.151066 4.151066 4.151066 4.151066 4.151066 4.151066 4.151066 4.151066 4.151066 4.151066 4.151066 4.151066 4.151066 4.151066 4.151066 
4.151066 4.151066 4.151066 4.151066 4.151066 4.151066 4.151066 4.151066 4.151066 4.151066 4.151066 4.151066 4.151066 4.151066 4.151066 4.151066 4.151066 4.151066 4.151066 4.151066 4.151066 4.151066 4.151066 4.151066 4.151066 4.151066 4.151066 4.151066 4.151066 4.151066 4.151066 4.151066 4.151066 4.151066 4.151066 4.151066 4.151066 4.151066 4.151066 4.151066 4.151066 4.151066 4.151066 4.151066 4.151066 4.151066 4.151066 4.151066 4.151066 4.151066 4.151066 4.151066 4.151066 4.151066 4.151066 4.151066 4.151066 4.151066 4.151066 4.151066 4.151066 4.151066 4.151066 4.151066 
4.151066 4.151066 4.151066 4.151066 4.151066 4.151066 4.151066 4.151066 4.151066 4.151066 4.151066 4.151066 4.151066 4.151066 4.151066 4.151066 4.151066 4.151066 4.151066 4.151066 4.151066 4.151066 4.151066 4.151066 4.151066 4.151066 4.151066 4.151066 4.151066 4.151066 4.151066 4.151066 4.151066 4.151066 4.151066 4.151066 4.151066 4.151066 4.151066 4.151066 4.151066 4.151066 4.151066 4.151066 4.151066 4.151066 4.151066 4.151066 4.151066 4.151066 4.151066 4.151066 4.151066 4.151066 4.151066 4.151066 4.151066 4.151066 4.151066 4.151066 4.151066 4.151066 4.151066 4.151066 
4.151066 4.151066 4.151066 4.151066 4.151066 4.151066 4.151066 4.151066 4.151066 4.151066 4.151066 4.151066 4.151066 4.151066 4.151066 4.151066 4.151066 4.151066 4.151066 4.151066 4.151066 4.151066 4.151066 4.151066 4.151066 4.151066 4.151066 4.151066 4.151066 4.151066 4.151066 4.151066 4.151066 4.151066 4.151066 4.151066 4.151066 4.151066 4.151066 4.151066 4.151066 4.151066 4.151066 4.151066 4.151066 4.151066 4.151066 4.151066 4.151066 4.151066 4.151066 4.151066 4.151066 4.151066 4.151066 4.151066 4.151066 4.151066 4.151066 4.151066 4.151066 4.151066 4.151066 4.151066 
4.151066 4.151066 4.151066 4.151066 4.151066 4.151066 4.151066 4.151066 4.151066 4.151066 4.151066 4.151066 4.151066 4.151066 4.151066 4.151066 4.151066 4.151066 4.151066 4.151066 4.151066 4.151066 4.151066 4.151066 4.151066 4.151066 4.151066 4.151066 4.151066 4.151066 4.151066 4.151066 4.151066 4.151066 4.151066 4.151066 4.151066 4.151066 4.151066 4.151066 4.151066 4.151066 4.151066 4.151066 4.151066 4.151066 4.151066 4.151066 4.151066 4.151066 4.151066 4.151066 4.151066 4.151066 4.151066 4.151066 4.151066 4.151066 4.151066 4.151066 4.151066 4.151066 4.151066 4.151066 
4.151066 4.151066 4.151066 4.151066 4.151066 4.151066 4.151066 4.151066 4.151066 4.151066 4.151066 4.151066 4.151066 4.151066 4.151066 4.151066 4.151066 4.151066 4.151066 4.151066 4.151066 4.151066 4.151066 4.151066 4.151066 4.151066 4.151066 4.151066 4.151066 4.151066 4.151066 4.151066 4.151066 4.151066 4.151066 4.151066 4.151066 4.151066 4.151066 4.151066 4.151066 4.151066 4.151066 4.151066 4.151066 4.151066 4.151066 4.151066 4.151066 4.151066 4.151066 4.151066 4.151066 4.151066 4.151066 4.151066 4.151066 4.151066 4.151066 4.151066 4.151066 4.151066 4.151066 4.151066 
4.151066 4.151066 4.151066 4.151066 4.151066 4.151066 4.151066 4.151066 4.151066 4.151066 4.151066 4.151066 4.151066 4.151066 4.151066 4.151066 4.151066 4.151066 4.151066 4.151066 4.151066 4.151066 4.151066 4.151066 4.151066 4.151066 4.151066 4.151066 4.151066 4.151066 4.151066 4.151066 4.151066 4.151066 4.151066 4.151066 4.151066 4.151066 4.151066 4.151066 4.151066 4.151066 4.151066 4.151066 4.151066 4.151066 4.151066 4.151066 4.151066 4.151066 4.151066 4.151066 4.151066 4.151066 4.151066 4.151066 4.151066 4.151066 4.151066 4.151066 4.151066 4.151066 4.151066 4.151066 
4.151066 4.151066 4.151066 4.151066 4.151066 4.151066 4.151066 4.151066 4.151066 4.151066 4.151066 4.151066 4.151066 4.151066 4.151066 4.151066 4.151066 4.151066 4.151066 4.151066 4.151066 4.151066 4.151066 4.151066 4.151066 4.151066 4.151066 4.151066 4.151066 4.151066 4.151066 4.151066 4.151066 4.151066 4.151066 4.151066 4.151066 4.151066 4.151066 4.151066 4.151066 4.151066 4.151066 4.151066 4.151066 4.151066 4.151066 4.151066 4.151066 4.151066 4.151066 4.151066 4.151066 4.151066 4.151066 4.151066 4.151066 4.151066 4.151066 4.151066 4.151066 4.151066 4.151066 4.151066 
4.151066 4.151066 4.151066 4.151066 4.151066 4.151066 4.151066 4.151066 4.151066 4.151066 4.151066 4.151066 4.151066 4.151066 4.151066 4.151066 4.151066 4.151066 4.151066 4.151066 4.151066 4.151066 4.151066 4.151066 4.151066 4.151066 4.151066 4.151066 4.151066 4.151066 4.151066 4.151066 4.151066 4.151066 4.151066 4.151066 4.151066 4.151066 4.151066 4.151066 4.151066 4.151066 4.151066 4.151066 4.151066 4.151066 4.151066 4.151066 4.151066 4.151066 4.151066 4.151066 4.151066 4.151066 4.151066 4.151066 4.151066 4.151066 4.151066 4.151066 4.151066 4.151066 4.151066 4.151066 
4.151066 4.151066 4.151066 4.151066 4.151066 4.151066 4.151066 4.151066 4.151066 4.151066 4.151066 4.151066 4.151066 4.151066 4.151066 4.151066 4.151066 4.151066 4.151066 4.151066 4.151066 4.151066 4.151066 4.151066 4.151066 4.151066 4.151066 4.151066 4.151066 4.151066 4.151066 4.151066 4.151066 4.151066 4.151066 4.151066 4.151066 4.151066 4.151066 4.151066 4.151066 4.151066 4.151066 4.151066 4.151066 4.151066 4.151066 4.151066 4.151066 4.151066 4.151066 4.151066 4.151066 4.151066 4.151066 4.151066 4.151066 4.151066 4.151066 4.151066 4.151066 4.151066 4.151066 4.151066 
4.151066 4.151066 4.151066 4.151066 4.151066 4.151066 4.151066 4.151066 4.151066 4.151066 4.151066 4.151066 4.151066 4.151066 4.151066 4.151066 4.151066 4.151066 4.151066 4.151066 4.151066 4.151066 4.151066 4.151066 4.151066 4.151066 4.151066 4.151066 4.151066 4.151066 4.151066 4.151066 4.151066 4.151066 4.151066 4.151066 4.151066 4.151066 4.151066 4.151066 4.151066 4.151066 4.151066 4.151066 4.151066 4.151066 4.151066 4.151066 4.151066 4.151066 4.151066 4.151066 4.151066 4.151066 4.151066 4.151066 4.151066 4.151066 4.151066 4.151066 4.151066 4.151066 4.151066 4.151066 
4.151066 4.151066 4.151066 4.151066 4.151066 4.151066 4.151066 4.151066 4.151066 4.151066 4.151066 4.151066 4.151066 4.151066 4.151066 4.151066 4.151066 4.151066 4.151066 4.151066 4.151066 4.151066 4.151066 4.151066 4.151066 4.151066 4.151066 4.151066 4.151066 4.151066 4.151066 4.151066 4.151066 4.151066 4.151066 4.151066 4.151066 4.151066 4.151066 4.151066 4.151066 4.151066 4.151066 4.151066 4.151066 4.151066 4.151066 4.151066 4.151066 4.151066 4.151066 4.151066 4.151066 4.151066 4.151066 4.151066 4.151066 4.151066 4.151066 4.151066 4.151066 4.151066 4.151066 4.151066 
4.151066 4.151066 4.151066 4.151066 4.151066 4.151066 4.151066 4.151066 4.151066 4.151066 4.151066 4.151066 4.151066 4.151066 4.151066 4.151066 4.151066 4.151066 4.151066 4.151066 4.151066 4.151066 4.151066 4.151066 4.151066 4.151066 4.151066 4.151066 4.151066 4.151066 4.151066 4.151066 4.151066 4.151066 4.151066 4.151066 4.151066 4.151066 4.151066 4.151066 4.151066 4.151066 4.151066 4.151066 4.151066 4.151066 4.151066 4.151066 4.151066 4.151066 4.151066 4.151066 4.151066 4.151066 4.151066 4.151066 4.151066 4.151066 4.151066 4.151066 4.151066 4.151066 4.151066 4.151066 
4.151066 4.151066 4.151066 4.151066 4.151066 4.151066 4.151066 4.151066 4.151066 4.151066 4.151066 4.151066 4.151066 4.151066 4.151066 4.151066 4.151066 4.151066 4.151066 4.151066 4.151066 4.151066 4.151066 4.151066 4.151066 4.151066 4.151066 4.151066 4.151066 4.151066 4.151066 4.151066 4.151066 4.151066 4.151066 4.151066 4.151066 4.151066 4.151066 4.151066 4.151066 4.151066 4.151066 4.151066 4.151066 4.151066 4.151066 4.151066 4.151066 4.151066 4.151066 4.151066 4.151066 4.151066 4.151066 4.151066 4.151066 4.151066 4.151066 4.151066 4.151066 4.151066 4.151066 4.151066 
4.151066 4.151066 4.151066 4.151066 4.151066 4.151066 4.151066 4.151066 4.151066 4.151066 4.151066 4.151066 4.151066 4.151066 4.151066 4.151066 4.151066 4.151066 4.151066 4.151066 4.151066 4.151066 4.151066 4.151066 4.151066 4.151066 4.151066 4.151066 4.151066 4.151066 4.151066 4.151066 4.151066 4.151066 4.151066 4.151066 4.151066 4.151066 4.151066 4.151066 4.151066 4.151066 4.151066 4.151066 4.151066 4.151066 4.151066 4.151066 4.151066 4.151066 4.151066 4.151066 4.151066 4.151066 4.151066 4.151066 4.151066 4.151066 4.151066 4.151066 4.151066 4.151066 4.151066 4.151066 
4.151066 4.151066 4.151066 4.151066 4.151066 4.151066 4.151066 4.151066 4.151066 4.151066 4.151066 4.151066 4.151066 4.151066 4.151066 4.151066 4.151066 4.151066 4.151066 4.151066 4.151066 4.151066 4.151066 4.151066 4.151066 4.151066 4.151066 4.151066 4.151066 4.151066 4.151066 4.151066 4.151066 4.151066 4.151066 4.151066 4.151066 4.151066 4.151066 4.151066 4.151066 4.151066 4.151066 4.151066 4.151066 4.151066 4.151066 4.151066 4.151066 4.151066 4.151066 4.151066 4.151066 4.151066 4.151066 4.151066 4.151066 4.151066 4.151066 4.151066 4.151066 4.151066 4.151066 4.151066 
4.151066 4.151066 4.151066 4.151066 4.151066 4.151066 4.151066 4.151066 4.151066 4.151066 4.151066 4.151066 4.151066 4.151066 4.151066 4.151066 4.151066 4.151066 4.151066 4.151066 4.151066 4.151066 4.151066 4.151066 4.151066 4.151066 4.151066 4.151066 4.151066 4.151066 4.151066 4.151066 4.151066 4.151066 4.151066 4.151066 4.151066 4.151066 4.151066 4.151066 4.151066 4.151066 4.151066 4.151066 4.151066 4.151066 4.151066 4.151066 4.151066 4.151066 4.151066 4.151066 4.151066 4.151066 4.151066 4.151066 4.151066 4.151066 4.151066 4.151066 4.151066 4.151066 4.151066 4.151066 
4.151066 4.151066 4.151066 4.151066 4.151066 4.151066 4.151066 4.151066 4.151066 4.151066 4.151066 4.151066 4.151066 4.151066 4.151066 4.151066 4.151066 4.151066 4.151066 4.151066 4.151066 4.151066 4.151066 4.151066 4.151066 4.151066 4.151066 4.151066 4.151066 4.151066 4.151066 4.151066 4.151066 4.151066 4.151066 4.151066 4.151066 4.151066 4.151066 4.151066 4.151066 4.151066 4.151066 4.151066 4.151066 4.151066 4.151066 4.151066 4.151066 4.151066 4.151066 4.151066 4.151066 4.151066 4.151066 4.151066 4.151066 4.151066 4.151066 4.151066 4.151066 4.151066 4.151066 4.151066 
4.151066 4.151066 4.151066 4.151066 4.151066 4.151066 4.151066 4.151066 4.151066 4.151066 4.151066 4.151066 4.151066 4.151066 4.151066 4.151066 4.151066 4.151066 4.151066 4.151066 4.151066 4.151066 4.151066 4.151066 4.151066 4.151066 4.151066 4.151066 4.151066 4.151066 4.151066 4.151066 4.151066 4.151066 4.151066 4.151066 4.151066 4.151066 4.151066 4.151066 4.151066 4.151066 4.151066 4.151066 4.151066 4.151066 4.151066 4.151066 4.151066 4.151066 4.151066 4.151066 4.151066 4.151066 4.151066 4.151066 4.151066 4.151066 4.151066 4.151066 4.151066 4.151066 4.151066 4.151066 
4.151066 4.151066 4.151066 4.151066 4.151066 4.151066 4.151066 4.151066 4.151066 4.151066 4.151066 4.151066 4.151066 4.151066 4.151066 4.151066 4.151066 4.151066 4.151066 4.151066 4.151066 4.151066 4.151066 4.151066 4.151066 4.151066 4.151066 4.151066 4.151066 4.151066 4.151066 4.151066 4.151066 4.151066 4.151066 4.151066 4.151066 4.151066 4.151066 4.151066 4.151066 4.151066 4.151066 4.151066 4.151066 4.151066 4.151066 4.151066 4.151066 4.151066 4.151066 4.151066 4.151066 4.151066 4.151066 4.151066 4.151066 4.151066 4.151066 4.151066 4.151066 4.151066 4.151066 4.151066 
4.151066 4.151066 4.151066 4.151066 4.151066 4.151066 4.151066 4.151066 4.151066 4.151066 4.151066 4.151066 4.151066 4.151066 4.151066 4.151066 4.151066 4.151066 4.151066 4.151066 4.151066 4.151066 4.151066 4.151066 4.151066 4.151066 4.151066 4.151066 4.151066 4.151066 4.151066 4.151066 4.151066 4.151066 4.151066 4.151066 4.151066 4.151066 4.151066 4.151066 4.151066 4.151066 4.151066 4.151066 4.151066 4.151066 4.151066 4.151066 4.151066 4.151066 4.151066 4.151066 4.151066 4.151066 4.151066 4.151066 4.151066 4.151066 4.151066 4.151066 4.151066 4.151066 4.151066 4.151066 
4.151066 4.151066 4.151066 4.151066 4.151066 4.151066 4.151066 4.151066 4.151066 4.151066 4.151066 4.151066 4.151066 4.151066 4.151066 4.151066 4.151066 4.151066 4.151066 4.151066 4.151066 4.151066 4.151066 4.151066 4.151066 4.151066 4.151066 4.151066 4.151066 4.151066 4.151066 4.151066 4.151066 4.151066 4.151066 4.151066 4.151066 4.151066 4.151066 4.151066 4.151066 4.151066 4.151066 4.151066 4.151066 4.151066 4.151066 4.151066 4.151066 4.151066 4.151066 4.151066 4.151066 4.151066 4.151066 4.151066 4.151066 4.151066 4.151066 4.151066 4.151066 4.151066 4.151066 4.151066 
4.151066 4.151066 4.151066 4.151066 4.151066 4.151066 4.151066 4.151066 4.151066 4.151066 4.151066 4.151066 4.151066 4.151066 4.151066 4.151066 4.151066 4.151066 4.151066 4.151066 4.151066 4.151066 4.151066 4.151066 4.151066 4.151066 4.151066 4.151066 4.151066 4.151066 4.151066 4.151066 4.151066 4.151066 4.151066 4.151066 4.151066 4.151066 4.151066 4.151066 4.151066 4.151066 4.151066 4.151066 4.151066 4.151066 4.151066 4.151066 4.151066 4.151066 4.151066 4.151066 4.151066 4.151066 4.151066 4.151066 4.151066 4.151066 4.151066 4.151066 4.151066 4.151066 4.151066 4.151066 
4.151066 4.151066 4.151066 4.151066 4.151066 4.151066 4.151066 4.151066 4.151066 4.151066 4.151066 4.151066 4.151066 4.151066 4.151066 4.151066 4.151066 4.151066 4.151066 4.151066 4.151066 4.151066 4.151066 4.151066 4.151066 4.151066 4.151066 4.151066 4.151066 4.151066 4.151066 4.151066 4.151066 4.151066 4.151066 4.151066 4.151066 4.151066 4.151066 4.151066 4.151066 4.151066 4.151066 4.151066 4.151066 4.151066 4.151066 4.151066 4.151066 4.151066 4.151066 4.151066 4.151066 4.151066 4.151066 4.151066 4.151066 4.151066 4.151066 4.151066 4.151066 4.151066 4.151066 4.151066 
4.151066 4.151066 4.151066 4.151066 4.151066 4.151066 4.151066 4.151066 4.151066 4.151066 4.151066 4.151066 4.151066 4.151066 4.151066 4.151066 4.151066 4.151066 4.151066 4.151066 4.151066 4.151066 4.151066 4.151066 4.151066 4.151066 4.151066 4.151066 4.151066 4.151066 4.151066 4.151066 4.151066 4.151066 4.151066 4.151066 4.151066 4.151066 4.151066 4.151066 4.151066 4.151066 4.151066 4.151066 4.151066 4.151066 4.151066 4.151066 4.151066 4.151066 4.151066 4.151066 4.151066 4.151066 4.151066 4.151066 4.151066 4.151066 4.151066 4.151066 4.151066 4.151066 4.151066 4.151066 
4.151066 4.151066 4.151066 4.151066 4.151066 4.151066 4.151066 4.151066 4.151066 4.151066 4.151066 4.151066 4.151066 4.151066 4.151066 4.151066 4.151066 4.151066 4.151066 4.151066 4.151066 4.151066 4.151066 4.151066 4.151066 4.151066 4.151066 4.151066 4.151066 4.151066 4.151066 4.151066 4.151066 4.151066 4.151066 4.151066 4.151066 4.151066 4.151066 4.151066 4.151066 4.151066 4.151066 4.151066 4.151066 4.151066 4.151066 4.151066 4.151066 4.151066 4.151066 4.151066 4.151066 4.151066 4.151066 4.151066 4.151066 4.151066 4.151066 4.151066 4.151066 4.151066 4.151066 4.151066 
4.151066 4.151066 4.151066 4.151066 4.151066 4.151066 4.151066 4.151066 4.151066 4.151066 4.151066 4.151066 4.151066 4.151066 4.151066 4.151066 4.151066 4.151066 4.151066 4.151066 4.151066 4.151066 4.151066 4.151066 4.151066 4.151066 4.151066 4.151066 4.151066 4.151066 4.151066 4.151066 4.151066 4.151066 4.151066 4.151066 4.151066 4.151066 4.151066 4.151066 4.151066 4.151066 4.151066 4.151066 4.151066 4.151066 4.151066 4.151066 4.151066 4.151066 4.151066 4.151066 4.151066 4.151066 4.151066 4.151066 4.151066 4.151066 4.151066 4.151066 4.151066 4.151066 4.151066 4.151066 
4.151066 4.151066 4.151066 4.151066 4.151066 4.151066 4.151066 4.151066 4.151066 4.151066 4.151066 4.151066 4.151066 4.151066 4.151066 4.151066 4.151066 4.151066 4.151066 4.151066 4.151066 4.151066 4.151066 4.151066 4.151066 4.151066 4.151066 4.151066 4.151066 4.151066 4.151066 4.151066 4.151066 4.151066 4.151066 4.151066 4.151066 4.151066 4.151066 4.151066 4.151066 4.151066 4.151066 4.151066 4.151066 4.151066 4.151066 4.151066 4.151066 4.151066 4.151066 4.151066 4.151066 4.151066 4.151066 4.151066 4.151066 4.151066 4.151066 4.151066 4.151066 4.151066 4.151066 4.151066 
4.151066 4.151066 4.151066 4.151066 4.151066 4.151066 4.151066 4.151066 4.151066 4.151066 4.151066 4.151066 4.151066 4.151066 4.151066 4.151066 4.151066 4.151066 4.151066 4.151066 4.151066 4.151066 4.151066 4.151066 4.151066 4.151066 4.151066 4.151066 4.151066 4.151066 4.151066 4.151066 4.151066 4.151066 4.151066 4.151066 4.151066 4.151066 4.151066 4.151066 4.151066 4.151066 4.151066 4.151066 4.151066 4.151066 4.151066 4.151066 4.151066 4.151066 4.151066 4.151066 4.151066 4.151066 4.151066 4.151066 4.151066 4.151066 4.151066 4.151066 4.151066 4.151066 4.151066 4.151066 
4.151066 4.151066 4.151066 4.151066 4.151066 4.151066 4.151066 4.151066 4.151066 4.151066 4.151066 4.151066 4.151066 4.151066 4.151066 4.151066 4.151066 4.151066 4.151066 4.151066 4.151066 4.151066 4.151066 4.151066 4.151066 4.151066 4.151066 4.151066 4.151066 4.151066 4.151066 4.151066 4.151066 4.151066 4.151066 4.151066 4.151066 4.151066 4.151066 4.151066 4.151066 4.151066 4.151066 4.151066 4.151066 4.151066 4.151066 4.151066 4.151066 4.151066 4.151066 4.151066 4.151066 4.151066 4.151066 4.151066 4.151066 4.151066 4.151066 4.151066 4.151066 4.151066 4.151066 4.151066 
4.151066 4.151066 4.151066 4.151066 4.151066 4.151066 4.151066 4.151066 4.151066 4.151066 4.151066 4.151066 4.151066 4.151066 4.151066 4.151066 4.151066 4.151066 4.151066 4.151066 4.151066 4.151066 4.151066 4.151066 4.151066 4.151066 4.151066 4.151066 4.151066 4.151066 4.151066 4.151066 4.151066 4.151066 4.151066 4.151066 4.151066 4.151066 4.151066 4.151066 4.151066 4.151066 4.151066 4.151066 4.151066 4.151066 4.151066 4.151066 4.151066 4.151066 4.151066 4.151066 4.151066 4.151066 4.151066 4.151066 4.151066 4.151066 4.151066 4.151066 4.151066 4.151066 4.151066 4.151066 
4.151066 4.151066 4.151066 4.151066 4.151066 4.151066 4.151066 4.151066 4.151066 4.151066 4.151066 4.151066 4.151066 4.151066 4.151066 4.151066 4.151066 4.151066 4.151066 4.151066 4.151066 4.151066 4.151066 4.151066 4.151066 4.151066 4.151066 4.151066 4.151066 4.151066 4.151066 4.151066 4.151066 4.151066 4.151066 4.151066 4.151066 4.151066 4.151066 4.151066 4.151066 4.151066 4.151066 4.151066 4.151066 4.151066 4.151066 4.151066 4.151066 4.151066 4.151066 4.151066 4.151066 4.151066 4.151066 4.151066 4.151066 4.151066 4.151066 4.151066 4.151066 4.151066 4.151066 4.151066 
4.151066 4.151066 4.151066 4.151066 4.151066 4.151066 4.151066 4.151066 4.151066 4.151066 4.151066 4.151066 4.151066 4.151066 4.151066 4.151066 4.151066 4.151066 4.151066 4.151066 4.151066 4.151066 4.151066 4.151066 4.151066 4.151066 4.151066 4.151066 4.151066 4.151066 4.151066 4.151066 4.151066 4.151066 4.151066 4.151066 4.151066 4.151066 4.151066 4.151066 4.151066 4.151066 4.151066 4.151066 4.151066 4.151066 4.151066 4.151066 4.151066 4.151066 4.151066 4.151066 4.151066 4.151066 4.151066 4.151066 4.151066 4.151066 4.151066 4.151066 4.151066 4.151066 4.151066 4.151066 
4.151066 4.151066 4.151066 4.151066 4.151066 4.151066 4.151066 4.151066 4.151066 4.151066 4.151066 4.151066 4.151066 4.151066 4.151066 4.151066 4.151066 4.151066 4.151066 4.151066 4.151066 4.151066 4.151066 4.151066 4.151066 4.151066 4.151066 4.151066 4.151066 4.151066 4.151066 4.151066 4.151066 4.151066 4.151066 4.151066 4.151066 4.151066 4.151066 4.151066 4.151066 4.151066 4.151066 4.151066 4.151066 4.151066 4.151066 4.151066 4.151066 4.151066 4.151066 4.151066 4.151066 4.151066 4.151066 4.151066 4.151066 4.151066 4.151066 4.151066 4.151066 4.151066 4.151066 4.151066 
4.151066 4.151066 4.151066 4.151066 4.151066 4.151066 4.151066 4.151066 4.151066 4.151066 4.151066 4.151066 4.151066 4.151066 4.151066 4.151066 4.151066 4.151066 4.151066 4.151066 4.151066 4.151066 4.151066 4.151066 4.151066 4.151066 4.151066 4.151066 4.151066 4.151066 4.151066 4.151066 4.151066 4.151066 4.151066 4.151066 4.151066 4.151066 4.151066 4.151066 4.151066 4.151066 4.151066 4.151066 4.151066 4.151066 4.151066 4.151066 4.151066 4.151066 4.151066 4.151066 4.151066 4.151066 4.151066 4.151066 4.151066 4.151066 4.151066 4.151066 4.151066 4.151066 4.151066 4.151066 
4.151066 4.151066 4.151066 4.151066 4.151066 4.151066 4.151066 4.151066 4.151066 4.151066 4.151066 4.151066 4.151066 4.151066 4.151066 4.151066 4.151066 4.151066 4.151066 4.151066 4.151066 4.151066 4.151066 4.151066 4.151066 4.151066 4.151066 4.151066 4.151066 4.151066 4.151066 4.151066 4.151066 4.151066 4.151066 4.151066 4.151066 4.151066 4.151066 4.151066 4.151066 4.151066 4.151066 4.151066 4.151066 4.151066 4.151066 4.151066 4.151066 4.151066 4.151066 4.151066 4.151066 4.151066 4.151066 4.151066 4.151066 4.151066 4.151066 4.151066 4.151066 4.151066 4.151066 4.151066 
4.151066 4.151066 4.151066 4.151066 4.151066 4.151066 4.151066 4.151066 4.151066 4.151066 4.151066 4.151066 4.151066 4.151066 4.151066 4.151066 4.151066 4.151066 4.151066 4.151066 4.151066 4.151066 4.151066 4.151066 4.151066 4.151066 4.151066 4.151066 4.151066 4.151066 4.151066 4.151066 4.151066 4.151066 4.151066 4.151066 4.151066 4.151066 4.151066 4.151066 4.151066 4.151066 4.151066 4.151066 4.151066 4.151066 4.151066 4.151066 4.151066 4.151066 4.151066 4.151066 4.151066 4.151066 4.151066 4.151066 4.151066 4.151066 4.151066 4.151066 4.151066 4.151066 4.151066 4.151066 
4.151066 4.151066 4.151066 4.151066 4.151066 4.151066 4.151066 4.151066 4.151066 4.151066 4.151066 4.151066 4.151066 4.151066 4.151066 4.151066 4.151066 4.151066 4.151066 4.151066 4.151066 4.151066 4.151066 4.151066 4.151066 4.151066 4.151066 4.151066 4.151066 4.151066 4.151066 4.151066 4.151066 4.151066 4.151066 4.151066 4.151066 4.151066 4.151066 4.151066 4.151066 4.151066 4.151066 4.151066 4.151066 4.151066 4.151066 4.151066 4.151066 4.151066 4.151066 4.151066 4.151066 4.151066 4.151066 4.151066 4.151066 4.151066 4.151066 4.151066 4.151066 4.151066 4.151066 4.151066 
4.151066 4.151066 4.151066 4.151066 4.151066 4.151066 4.151066 4.151066 4.151066 4.151066 4.151066 4.151066 4.151066 4.151066 4.151066 4.151066 4.151066 4.151066 4.151066 4.151066 4.151066 4.151066 4.151066 4.151066 4.151066 4.151066 4.151066 4.151066 4.151066 4.151066 4.151066 4.151066 4.151066 4.151066 4.151066 4.151066 4.151066 4.151066 4.151066 4.151066 4.151066 4.151066 4.151066 4.151066 4.151066 4.151066 4.151066 4.151066 4.151066 4.151066 4.151066 4.151066 4.151066 4.151066 4.151066 4.151066 4.151066 4.151066 4.151066 4.151066 4.151066 4.151066 4.151066 4.151066 
4.151066 4.151066 4.151066 4.151066 4.151066 4.151066 4.151066 4.151066 4.151066 4.151066 4.151066 4.151066 4.151066 4.151066 4.151066 4.151066 4.151066 4.151066 4.151066 4.151066 4.151066 4.151066 4.151066 4.151066 4.151066 4.151066 4.151066 4.151066 4.151066 4.151066 4.151066 4.151066 4.151066 4.151066 4.151066 4.151066 4.151066 4.151066 4.151066 4.151066 4.151066 4.151066 4.151066 4.151066 4.151066 4.151066 4.151066 4.151066 4.151066 4.151066 4.151066 4.151066 4.151066 4.151066 4.151066 4.151066 4.151066 4.151066 4.151066 4.151066 4.151066 4.151066 4.151066 4.151066 
4.151066 4.151066 4.151066 4.151066 4.151066 4.151066 4.151066 4.151066 4.151066 4.151066 4.151066 4.151066 4.151066 4.151066 4.151066 4.151066 4.151066 4.151066 4.151066 4.151066 4.151066 4.151066 4.151066 4.151066 4.151066 4.151066 4.151066 4.151066 4.151066 4.151066 4.151066 4.151066 4.151066 4.151066 4.151066 4.151066 4.151066 4.151066 4.151066 4.151066 4.151066 4.151066 4.151066 4.151066 4.151066 4.151066 4.151066 4.151066 4.151066 4.151066 4.151066 4.151066 4.151066 4.151066 4.151066 4.151066 4.151066 4.151066 4.151066 4.151066 4.151066 4.151066 4.151066 4.151066 
4.151066 4.151066 4.151066 4.151066 4.151066 4.151066 4.151066 4.151066 4.151066 4.151066 4.151066 4.151066 4.151066 4.151066 4.151066 4.151066 4.151066 4.151066 4.151066 4.151066 4.151066 4.151066 4.151066 4.151066 4.151066 4.151066 4.151066 4.151066 4.151066 4.151066 4.151066 4.151066 4.151066 4.151066 4.151066 4.151066 4.151066 4.151066 4.151066 4.151066 4.151066 4.151066 4.151066 4.151066 4.151066 4.151066 4.151066 4.151066 4.151066 4.151066 4.151066 4.151066 4.151066 4.151066 4.151066 4.151066 4.151066 4.151066 4.151066 4.151066 4.151066 4.151066 4.151066 4.151066 
4.151066 4.151066 4.151066 4.151066 4.151066 4.151066 4.151066 4.151066 4.151066 4.151066 4.151066 4.151066 4.151066 4.151066 4.151066 4.151066 4.151066 4.151066 4.151066 4.151066 4.151066 4.151066 4.151066 4.151066 4.151066 4.151066 4.151066 4.151066 4.151066 4.151066 4.151066 4.151066 4.151066 4.151066 4.151066 4.151066 4.151066 4.151066 4.151066 4.151066 4.151066 4.151066 4.151066 4.151066 4.151066 4.151066 4.151066 4.151066 4.151066 4.151066 4.151066 4.151066 4.151066 4.151066 4.151066 4.151066 4.151066 4.151066 4.151066 4.151066 4.151066 4.151066 4.151066 4.151066 
4.151066 4.151066 4.151066 4.151066 4.151066 4.151066 4.151066 4.151066 4.151066 4.151066 4.151066 4.151066 4.151066 4.151066 4.151066 4.151066 4.151066 4.151066 4.151066 4.151066 4.151066 4.151066 4.151066 4.151066 4.151066 4.151066 4.151066 4.151066 4.151066 4.151066 4.151066 4.151066 4.151066 4.151066 4.151066 4.151066 4.151066 4.151066 4.151066 4.151066 4.151066 4.151066 4.151066 4.151066 4.151066 4.151066 4.151066 4.151066 4.151066 4.151066 4.151066 4.151066 4.151066 4.151066 4.151066 4.151066 4.151066 4.151066 4.151066 4.151066 4.151066 4.151066 4.151066 4.151066 
4.151066 4.151066 4.151066 4.151066 4.151066 4.151066 4.151066 4.151066 4.151066 4.151066 4.151066 4.151066 4.151066 4.151066 4.151066 4.151066 4.151066 4.151066 4.151066 4.151066 4.151066 4.151066 4.151066 4.151066 4.151066 4.151066 4.151066 4.151066 4.151066 4.151066 4.151066 4.151066 4.151066 4.151066 4.151066 4.151066 4.151066 4.151066 4.151066 4.151066 4.151066 4.151066 4.151066 4.151066 4.151066 4.151066 4.151066 4.151066 4.151066 4.151066 4.151066 4.151066 4.151066 4.151066 4.151066 4.151066 4.151066 4.151066 4.151066 4.151066 4.151066 4.151066 4.151066 4.151066 
4.151066 4.151066 4.151066 4.151066 4.151066 4.151066 4.151066 4.151066 4.151066 4.151066 4.151066 4.151066 4.151066 4.151066 4.151066 4.151066 4.151066 4.151066 4.151066 4.151066 4.151066 4.151066 4.151066 4.151066 4.151066 4.151066 4.151066 4.151066 4.151066 4.151066 4.151066 4.151066 4.151066 4.151066 4.151066 4.151066 4.151066 4.151066 4.151066 4.151066 4.151066 4.151066 4.151066 4.151066 4.151066 4.151066 4.151066 4.151066 4.151066 4.151066 4.151066 4.151066 4.151066 4.151066 4.151066 4.151066 4.151066 4.151066 4.151066 4.151066 4.151066 4.151066 4.151066 4.151066 
4.151066 4.151066 4.151066 4.151066 4.151066 4.151066 4.151066 4.151066 4.151066 4.151066 4.151066 4.151066 4.151066 4.151066 4.151066 4.151066 4.151066 4.151066 4.151066 4.151066 4.151066 4.151066 4.151066 4.151066 4.151066 4.151066 4.151066 4.151066 4.151066 4.151066 4.151066 4.151066 4.151066 4.151066 4.151066 4.151066 4.151066 4.151066 4.151066 4.151066 4.151066 4.151066 4.151066 4.151066 4.151066 4.151066 4.151066 4.151066 4.151066 4.151066 4.151066 4.151066 4.151066 4.151066 4.151066 4.151066 4.151066 4.151066 4.151066 4.151066 4.151066 4.151066 4.151066 4.151066 
4.151066 4.151066 4.151066 4.151066 4.151066 4.151066 4.151066 4.151066 4.151066 4.151066 4.151066 4.151066 4.151066 4.151066 4.151066 4.151066 4.151066 4.151066 4.151066 4.151066 4.151066 4.151066 4.151066 4.151066 4.151066 4.151066 4.151066 4.151066 4.151066 4.151066 4.151066 4.151066 4.151066 4.151066 4.151066 4.151066 4.151066 4.151066 4.151066 4.151066 4.151066 4.151066 4.151066 4.151066 4.151066 4.151066 4.151066 4.151066 4.151066 4.151066 4.151066 4.151066 4.151066 4.151066 4.151066 4.151066 4.151066 4.151066 4.151066 4.151066 4.151066 4.151066 4.151066 4.151066 
4.151066 4.151066 4.151066 4.151066 4.151066 4.151066 4.151066 4.151066 4.151066 4.151066 4.151066 4.151066 4.151066 4.151066 4.151066 4.151066 4.151066 4.151066 4.151066 4.151066 4.151066 4.151066 4.151066 4.151066 4.151066 4.151066 4.151066 4.151066 4.151066 4.151066 4.151066 4.151066 4.151066 4.151066 4.151066 4.151066 4.151066 4.151066 4.151066 4.151066 4.151066 4.151066 4.151066 4.151066 4.151066 4.151066 4.151066 4.151066 4.151066 4.151066 4.151066 4.151066 4.151066 4.151066 4.151066 4.151066 4.151066 4.151066 4.151066 4.151066 4.151066 4.151066 4.151066 4.151066 
4.151066 4.151066 4.151066 4.151066 4.151066 4.151066 4.151066 4.151066 4.151066 4.151066 4.151066 4.151066 4.151066 4.151066 4.151066 4.151066 4.151066 4.151066 4.151066 4.151066 4.151066 4.151066 4.151066 4.151066 4.151066 4.151066 4.151066 4.151066 4.151066 4.151066 4.151066 4.151066 4.151066 4.151066 4.151066 4.151066 4.151066 4.151066 4.151066 4.151066 4.151066 4.151066 4.151066 4.151066 4.151066 4.151066 4.151066 4.151066 4.151066 4.151066 4.151066 4.151066 4.151066 4.151066 4.151066 4.151066 4.151066 4.151066 4.151066 4.151066 4.151066 4.151066 4.151066 4.151066 
4.151066 4.151066 4.151066 4.151066 4.151066 4.151066 4.151066 4.151066 4.151066 4.151066 4.151066 4.151066 4.151066 4.151066 4.151066 4.151066 4.151066 4.151066 4.151066 4.151066 4.151066 4.151066 4.151066 4.151066 4.151066 4.151066 4.151066 4.151066 4.151066 4.151066 4.151066 4.151066 4.151066 4.151066 4.151066 4.151066 4.151066 4.151066 4.151066 4.151066 4.151066 4.151066 4.151066 4.151066 4.151066 4.151066 4.151066 4.151066 4.151066 4.151066 4.151066 4.151066 4.151066 4.151066 4.151066 4.151066 4.151066 4.151066 4.151066 4.151066 4.151066 4.151066 4.151066 4.151066 
4.151066 4.151066 4.151066 4.151066 4.151066 4.151066 4.151066 4.151066 4.151066 4.151066 4.151066 4.151066 4.151066 4.151066 4.151066 4.151066 4.151066 4.151066 4.151066 4.151066 4.151066 4.151066 4.151066 4.151066 4.151066 4.151066 4.151066 4.151066 4.151066 4.151066 4.151066 4.151066 4.151066 4.151066 4.151066 4.151066 4.151066 4.151066 4.151066 4.151066 4.151066 4.151066 4.151066 4.151066 4.151066 4.151066 4.151066 4.151066 4.151066 4.151066 4.151066 4.151066 4.151066 4.151066 4.151066 4.151066 4.151066 4.151066 4.151066 4.151066 4.151066 4.151066 4.151066 4.151066 
4.151066 4.151066 4.151066 4.151066 4.151066 4.151066 4.151066 4.151066 4.151066 4.151066 4.151066 4.151066 4.151066 4.151066 4.151066 4.151066 4.151066 4.151066 4.151066 4.151066 4.151066 4.151066 4.151066 4.151066 4.151066 4.151066 4.151066 4.151066 4.151066 4.151066 4.151066 4.151066 4.151066 4.151066 4.151066 4.151066 4.151066 4.151066 4.151066 4.151066 4.151066 4.151066 4.151066 4.151066 4.151066 4.151066 4.151066 4.151066 4.151066 4.151066 4.151066 4.151066 4.151066 4.151066 4.151066 4.151066 4.151066 4.151066 4.151066 4.151066 4.151066 4.151066 4.151066 4.151066 
4.151066 4.151066 4.151066 4.151066 4.151066 4.151066 4.151066 4.151066 4.151066 4.151066 4.151066 4.151066 4.151066 4.151066 4.151066 4.151066 4.151066 4.151066 4.151066 4.151066 4.151066 4.151066 4.151066 4.151066 4.151066 4.151066 4.151066 4.151066 4.151066 4.151066 4.151066 4.151066 4.151066 4.151066 4.151066 4.151066 4.151066 4.151066 4.151066 4.151066 4.151066 4.151066 4.151066 4.151066 4.151066 4.151066 4.151066 4.151066 4.151066 4.151066 4.151066 4.151066 4.151066 4.151066 4.151066 4.151066 4.151066 4.151066 4.151066 4.151066 4.151066 4.151066 4.151066 4.151066 
4.151066 4.151066 4.151066 4.151066 4.151066 4.151066 4.151066 4.151066 4.151066 4.151066 4.151066 4.151066 4.151066 4.151066 4.151066 4.151066 4.151066 4.151066 4.151066 4.151066 4.151066 4.151066 4.151066 4.151066 4.151066 4.151066 4.151066 4.151066 4.151066 4.151066 4.151066 4.151066 4.151066 4.151066 4.151066 4.151066 4.151066 4.151066 4.151066 4.151066 4.151066 4.151066 4.151066 4.151066 4.151066 4.151066 4.151066 4.151066 4.151066 4.151066 4.151066 4.151066 4.151066 4.151066 4.151066 4.151066 4.151066 4.151066 4.151066 4.151066 4.151066 4.151066 4.151066 4.151066 
4.151066 4.151066 4.151066 4.151066 4.151066 4.151066 4.151066 4.151066 4.151066 4.151066 4.151066 4.151066 4.151066 4.151066 4.151066 4.151066 4.151066 4.151066 4.151066 4.151066 4.151066 4.151066 4.151066 4.151066 4.151066 4.151066 4.151066 4.151066 4.151066 4.151066 4.151066 4.151066 4.151066 4.151066 4.151066 4.151066 4.151066 4.151066 4.151066 4.151066 4.151066 4.151066 4.151066 4.151066 4.151066 4.151066 4.151066 4.151066 4.151066 4.151066 4.151066 4.151066 4.151066 4.151066 4.151066 4.151066 4.151066 4.151066 4.151066 4.151066 4.151066 4.151066 4.151066 4.151066 
4.151066 4.151066 4.151066 4.151066 4.151066 4.151066 4.151066 4.151066 4.151066 4.151066 4.151066 4.151066 4.151066 4.151066 4.151066 4.151066 4.151066 4.151066 4.151066 4.151066 4.151066 4.151066 4.151066 4.151066 4.151066 4.151066 4.151066 4.151066 4.151066 4.151066 4.151066 4.151066 4.151066 4.151066 4.151066 4.151066 4.151066 4.151066 4.151066 4.151066 4.151066 4.151066 4.151066 4.151066 4.151066 4.151066 4.151066 4.151066 4.151066 4.151066 4.151066 4.151066 4.151066 4.151066 4.151066 4.151066 4.151066 4.151066 4.151066 4.151066 4.151066 4.151066 4.151066 4.151066 
4.151066 4.151066 4.151066 4.151066 4.151066 4.151066 4.151066 4.151066 4.151066 4.151066 4.151066 4.151066 4.151066 4.151066 4.151066 4.151066 4.151066 4.151066 4.151066 4.151066 4.151066 4.151066 4.151066 4.151066 4.151066 4.151066 4.151066 4.151066 4.151066 4.151066 4.151066 4.151066 4.151066 4.151066 4.151066 4.151066 4.151066 4.151066 4.151066 4.151066 4.151066 4.151066 4.151066 4.151066 4.151066 4.151066 4.151066 4.151066 4.151066 4.151066 4.151066 4.151066 4.151066 4.151066 4.151066 4.151066 4.151066 4.151066 4.151066 4.151066 4.151066 4.151066 4.151066 4.151066 
4.151066 4.151066 4.151066 4.151066 4.151066 4.151066 4.151066 4.151066 4.151066 4.151066 4.151066 4.151066 4.151066 4.151066 4.151066 4.151066 4.151066 4.151066 4.151066 4.151066 4.151066 4.151066 4.151066 4.151066 4.151066 4.151066 4.151066 4.151066 4.151066 4.151066 4.151066 4.151066 4.151066 4.151066 4.151066 4.151066 4.151066 4.151066 4.151066 4.151066 4.151066 4.151066 4.151066 4.151066 4.151066 4.151066 4.151066 4.151066 4.151066 4.151066 4.151066 4.151066 4.151066 4.151066 4.151066 4.151066 4.151066 4.151066 4.151066 4.151066 4.151066 4.151066 4.151066 4.151066 
4.151066 4.151066 4.151066 4.151066 4.151066 4.151066 4.151066 4.151066 4.151066 4.151066 4.151066 4.151066 4.151066 4.151066 4.151066 4.151066 4.151066 4.151066 4.151066 4.151066 4.151066 4.151066 4.151066 4.151066 4.151066 4.151066 4.151066 4.151066 4.151066 4.151066 4.151066 4.151066 4.151066 4.151066 4.151066 4.151066 4.151066 4.151066 4.151066 4.151066 4.151066 4.151066 4.151066 4.151066 4.151066 4.151066 4.151066 4.151066 4.151066 4.151066 4.151066 4.151066 4.151066 4.151066 4.151066 4.151066 4.151066 4.151066 4.151066 4.151066 4.151066 4.151066 4.151066 4.151066 
4.151066 4.151066 4.151066 4.151066 4.151066 4.151066 4.151066 4.151066 4.151066 4.151066 4.151066 4.151066 4.151066 4.151066 4.151066 4.151066 4.151066 4.151066 4.151066 4.151066 4.151066 4.151066 4.151066 4.151066 4.151066 4.151066 4.151066 4.151066 4.151066 4.151066 4.151066 4.151066 4.151066 4.151066 4.151066 4.151066 4.151066 4.151066 4.151066 4.151066 4.151066 4.151066 4.151066 4.151066 4.151066 4.151066 4.151066 4.151066 4.151066 4.151066 4.151066 4.151066 4.151066 4.151066 4.151066 4.151066 4.151066 4.151066 4.151066 4.151066 4.151066 4.151066 4.151066 4.151066 
4.151066 4.151066 4.151066 4.151066 4.151066 4.151066 4.151066 4.151066 4.151066 4.151066 4.151066 4.151066 4.151066 4.151066 4.151066 4.151066 4.151066 4.151066 4.151066 4.151066 4.151066 4.151066 4.151066 4.151066 4.151066 4.151066 4.151066 4.151066 4.151066 4.151066 4.151066 4.151066 4.151066 4.151066 4.151066 4.151066 4.151066 4.151066 4.151066 4.151066 4.151066 4.151066 4.151066 4.151066 4.151066 4.151066 4.151066 4.151066 4.151066 4.151066 4.151066 4.151066 4.151066 4.151066 4.151066 4.151066 4.151066 4.151066 4.151066 4.151066 4.151066 4.151066 4.151066 4.151066 
4.151066 4.151066 4.151066 4.151066 4.151066 4.151066 4.151066 4.151066 4.151066 4.151066 4.151066 4.151066 4.151066 4.151066 4.151066 4.151066 4.151066 4.151066 4.151066 4.151066 4.151066 4.151066 4.151066 4.151066 4.151066 4.151066 4.151066 4.151066 4.151066 4.151066 4.151066 4.151066 4.151066 4.151066 4.151066 4.151066 4.151066 4.151066 4.151066 4.151066 4.151066 4.151066 4.151066 4.151066 4.151066 4.151066 4.151066 4.151066 4.151066 4.151066 4.151066 4.151066 4.151066 4.151066 4.151066 4.151066 4.151066 4.151066 4.151066 4.151066 4.151066 4.151066 4.151066 4.151066 
4.151066 4.151066 4.151066 4.151066 4.151066 4.151066 4.151066 4.151066 4.151066 4.151066 4.151066 4.151066 4.151066 4.151066 4.151066 4.151066 4.151066 4.151066 4.151066 4.151066 4.151066 4.151066 4.151066 4.151066 4.151066 4.151066 4.151066 4.151066 4.151066 4.151066 4.151066 4.151066 4.151066 4.151066 4.151066 4.151066 4.151066 4.151066 4.151066 4.151066 4.151066 4.151066 4.151066 4.151066 4.151066 4.151066 4.151066 4.151066 4.151066 4.151066 4.151066 4.151066 4.151066 4.151066 4.151066 4.151066 4.151066 4.151066 4.151066 4.151066 4.151066 4.151066 4.151066 4.151066 
