3.747733 3.747733 3.747733 3.747733 3.747733 3.747733 3.747733 3.747733 3.747733 3.747733 3.747733 3.747733 3.747733 3.747733 3.747733 3.747733 3.747733 3.747733 3.747733 3.747733 3.747733 3.747733 3.747733 3.747733 3.747733 3.747733 3.747733 3.747733 3.747733 3.747733 3.747733 3.747733 3.747733 3.747733 3.747733 3.747733 3.747733 3.747733 3.747733 3.747733 3.747733 3.747733 3.747733 3.747733 3.747733 3.747733 3.747733 3.747733 3.747733 3.747733 3.747733 3.747733 3.747733 3.747733 3.747733 3.747733 3.747733 3.747733 3.747733 3.747733 3.747733 3.747733 3.747733 3.747733 
3.747733 3.747733 3.747733 3.747733 3.747733 3.747733 3.747733 3.747733 3.747733 3.747733 3.747733 3.747733 3.747733 3.747733 3.747733 3.747733 3.747733 3.747733 3.747733 3.747733 3.747733 3.747733 3.747733 3.747733 3.747733 3.747733 3.747733 3.747733 3.747733 3.747733 3.747733 3.747733 3.747733 3.747733 3.747733 3.747733 3.747733 3.747733 3.747733 3.747733 3.747733 3.747733 3.747733 3.747733 3.747733 3.747733 3.747733 3.747733 3.747733 3.747733 3.747733 3.747733 3.747733 3.747733 3.747733 3.747733 3.747733 3.747733 3.747733 3.747733 3.747733 3.747733 3.747733 3.747733 
3.747733 3.747733 3.747733 3.747733 3.747733 3.747733 3.747733 3.747733 3.747733 3.747733 3.747733 3.747733 3.747733 3.747733 3.747733 3.747733 3.747733 3.747733 3.747733 3.747733 3.747733 3.747733 3.747733 3.747733 3.747733 3.747733 3.747733 3.747733 3.747733 3.747733 3.747733 3.747733 3.747733 3.747733 3.747733 3.747733 3.747733 3.747733 3.747733 3.747733 3.747733 3.747733 3.747733 3.747733 3.747733 3.747733 3.747733 3.747733 3.747733 3.747733 3.747733 3.747733 3.747733 3.747733 3.747733 3.747733 3.747733 3.747733 3.747733 3.747733 3.747733 3.747733 3.747733 3.747733 
3.747733 3.747733 3.747733 3.747733 3.747733 3.747733 3.747733 3.747733 3.747733 3.747733 3.747733 3.747733 3.747733 3.747733 3.747733 3.747733 3.747733 3.747733 3.747733 3.747733 3.747733 3.747733 3.747733 3.747733 3.747733 3.747733 3.747733 3.747733 3.747733 3.747733 3.747733 3.747733 3.747733 3.747733 3.747733 3.747733 3.747733 3.747733 3.747733 3.747733 3.747733 3.747733 3.747733 3.747733 3.747733 3.747733 3.747733 3.747733 3.747733 3.747733 3.747733 3.747733 3.747733 3.747733 3.747733 3.747733 3.747733 3.747733 3.747733 3.747733 3.747733 3.747733 3.747733 3.747733 
3.747733 3.747733 3.747733 3.747733 3.747733 3.747733 3.747733 3.747733 3.747733 3.747733 3.747733 3.747733 3.747733 3.747733 3.747733 3.747733 3.747733 3.747733 3.747733 3.747733 3.747733 3.747733 3.747733 3.747733 3.747733 3.747733 3.747733 3.747733 3.747733 3.747733 3.747733 3.747733 3.747733 3.747733 3.747733 3.747733 3.747733 3.747733 3.747733 3.747733 3.747733 3.747733 3.747733 3.747733 3.747733 3.747733 3.747733 3.747733 3.747733 3.747733 3.747733 3.747733 3.747733 3.747733 3.747733 3.747733 3.747733 3.747733 3.747733 3.747733 3.747733 3.747733 3.747733 3.747733 
3.747733 3.747733 3.747733 3.747733 3.747733 3.747733 3.747733 3.747733 3.747733 3.747733 3.747733 3.747733 3.747733 3.747733 3.747733 3.747733 3.747733 3.747733 3.747733 3.747733 3.747733 3.747733 3.747733 3.747733 3.747733 3.747733 3.747733 3.747733 3.747733 3.747733 3.747733 3.747733 3.747733 3.747733 3.747733 3.747733 3.747733 3.747733 3.747733 3.747733 3.747733 3.747733 3.747733 3.747733 3.747733 3.747733 3.747733 3.747733 3.747733 3.747733 3.747733 3.747733 3.747733 3.747733 3.747733 3.747733 3.747733 3.747733 3.747733 3.747733 3.747733 3.747733 3.747733 3.747733 
3.747733 3.747733 3.747733 3.747733 3.747733 3.747733 3.747733 3.747733 3.747733 3.747733 3.747733 3.747733 3.747733 3.747733 3.747733 3.747733 3.747733 3.747733 3.747733 3.747733 3.747733 3.747733 3.747733 3.747733 3.747733 3.747733 3.747733 3.747733 3.747733 3.747733 3.747733 3.747733 3.747733 3.747733 3.747733 3.747733 3.747733 3.747733 3.747733 3.747733 3.747733 3.747733 3.747733 3.747733 3.747733 3.747733 3.747733 3.747733 3.747733 3.747733 3.747733 3.747733 3.747733 3.747733 3.747733 3.747733 3.747733 3.747733 3.747733 3.747733 3.747733 3.747733 3.747733 3.747733 
3.747733 3.747733 3.747733 3.747733 3.747733 3.747733 3.747733 3.747733 3.747733 3.747733 3.747733 3.747733 3.747733 3.747733 3.747733 3.747733 3.747733 3.747733 3.747733 3.747733 3.747733 3.747733 3.747733 3.747733 3.747733 3.747733 3.747733 3.747733 3.747733 3.747733 3.747733 3.747733 3.747733 3.747733 3.747733 3.747733 3.747733 3.747733 3.747733 3.747733 3.747733 3.747733 3.747733 3.747733 3.747733 3.747733 3.747733 3.747733 3.747733 3.747733 3.747733 3.747733 3.747733 3.747733 3.747733 3.747733 3.747733 3.747733 3.747733 3.747733 3.747733 3.747733 3.747733 3.747733 
3.747733 3.747733 3.747733 3.747733 3.747733 3.747733 3.747733 3.747733 3.747733 3.747733 3.747733 3.747733 3.747733 3.747733 3.747733 3.747733 3.747733 3.747733 3.747733 3.747733 3.747733 3.747733 3.747733 3.747733 3.747733 3.747733 3.747733 3.747733 3.747733 3.747733 3.747733 3.747733 3.747733 3.747733 3.747733 3.747733 3.747733 3.747733 3.747733 3.747733 3.747733 3.747733 3.747733 3.747733 3.747733 3.747733 3.747733 3.747733 3.747733 3.747733 3.747733 3.747733 3.747733 3.747733 3.747733 3.747733 3.747733 3.747733 3.747733 3.747733 3.747733 3.747733 3.747733 3.747733 
3.747733 3.747733 3.747733 3.747733 3.747733 3.747733 3.747733 3.747733 3.747733 3.747733 3.747733 3.747733 3.747733 3.747733 3.747733 3.747733 3.747733 3.747733 3.747733 3.747733 3.747733 3.747733 3.747733 3.747733 3.747733 3.747733 3.747733 3.747733 3.747733 3.747733 3.747733 3.747733 3.747733 3.747733 3.747733 3.747733 3.747733 3.747733 3.747733 3.747733 3.747733 3.747733 3.747733 3.747733 3.747733 3.747733 3.747733 3.747733 3.747733 3.747733 3.747733 3.747733 3.747733 3.747733 3.747733 3.747733 3.747733 3.747733 3.747733 3.747733 3.747733 3.747733 3.747733 3.747733 
3.747733 3.747733 3.747733 3.747733 3.747733 3.747733 3.747733 3.747733 3.747733 3.747733 3.747733 3.747733 3.747733 3.747733 3.747733 3.747733 3.747733 3.747733 3.747733 3.747733 3.747733 3.747733 3.747733 3.747733 3.747733 3.747733 3.747733 3.747733 3.747733 3.747733 3.747733 3.747733 3.747733 3.747733 3.747733 3.747733 3.747733 3.747733 3.747733 3.747733 3.747733 3.747733 3.747733 3.747733 3.747733 3.747733 3.747733 3.747733 3.747733 3.747733 3.747733 3.747733 3.747733 3.747733 3.747733 3.747733 3.747733 3.747733 3.747733 3.747733 3.747733 3.747733 3.747733 3.747733 
3.747733 3.747733 3.747733 3.747733 3.747733 3.747733 3.747733 3.747733 3.747733 3.747733 3.747733 3.747733 3.747733 3.747733 3.747733 3.747733 3.747733 3.747733 3.747733 3.747733 3.747733 3.747733 3.747733 3.747733 3.747733 3.747733 3.747733 3.747733 3.747733 3.747733 3.747733 3.747733 3.747733 3.747733 3.747733 3.747733 3.747733 3.747733 3.747733 3.747733 3.747733 3.747733 3.747733 3.747733 3.747733 3.747733 3.747733 3.747733 3.747733 3.747733 3.747733 3.747733 3.747733 3.747733 3.747733 3.747733 3.747733 3.747733 3.747733 3.747733 3.747733 3.747733 3.747733 3.747733 
3.747733 3.747733 3.747733 3.747733 3.747733 3.747733 3.747733 3.747733 3.747733 3.747733 3.747733 3.747733 3.747733 3.747733 3.747733 3.747733 3.747733 3.747733 3.747733 3.747733 3.747733 3.747733 3.747733 3.747733 3.747733 3.747733 3.747733 3.747733 3.747733 3.747733 3.747733 3.747733 3.747733 3.747733 3.747733 3.747733 3.747733 3.747733 3.747733 3.747733 3.747733 3.747733 3.747733 3.747733 3.747733 3.747733 3.747733 3.747733 3.747733 3.747733 3.747733 3.747733 3.747733 3.747733 3.747733 3.747733 3.747733 3.747733 3.747733 3.747733 3.747733 3.747733 3.747733 3.747733 
3.747733 3.747733 3.747733 3.747733 3.747733 3.747733 3.747733 3.747733 3.747733 3.747733 3.747733 3.747733 3.747733 3.747733 3.747733 3.747733 3.747733 3.747733 3.747733 3.747733 3.747733 3.747733 3.747733 3.747733 3.747733 3.747733 3.747733 3.747733 3.747733 3.747733 3.747733 3.747733 3.747733 3.747733 3.747733 3.747733 3.747733 3.747733 3.747733 3.747733 3.747733 3.747733 3.747733 3.747733 3.747733 3.747733 3.747733 3.747733 3.747733 3.747733 3.747733 3.747733 3.747733 3.747733 3.747733 3.747733 3.747733 3.747733 3.747733 3.747733 3.747733 3.747733 3.747733 3.747733 
3.747733 3.747733 3.747733 3.747733 3.747733 3.747733 3.747733 3.747733 3.747733 3.747733 3.747733 3.747733 3.747733 3.747733 3.747733 3.747733 3.747733 3.747733 3.747733 3.747733 3.747733 3.747733 3.747733 3.747733 3.747733 3.747733 3.747733 3.747733 3.747733 3.747733 3.747733 3.747733 3.747733 3.747733 3.747733 3.747733 3.747733 3.747733 3.747733 3.747733 3.747733 3.747733 3.747733 3.747733 3.747733 3.747733 3.747733 3.747733 3.747733 3.747733 3.747733 3.747733 3.747733 3.747733 3.747733 3.747733 3.747733 3.747733 3.747733 3.747733 3.747733 3.747733 3.747733 3.747733 
3.747733 3.747733 3.747733 3.747733 3.747733 3.747733 3.747733 3.747733 3.747733 3.747733 3.747733 3.747733 3.747733 3.747733 3.747733 3.747733 3.747733 3.747733 3.747733 3.747733 3.747733 3.747733 3.747733 3.747733 3.747733 3.747733 3.747733 3.747733 3.747733 3.747733 3.747733 3.747733 3.747733 3.747733 3.747733 3.747733 3.747733 3.747733 3.747733 3.747733 3.747733 3.747733 3.747733 3.747733 3.747733 3.747733 3.747733 3.747733 3.747733 3.747733 3.747733 3.747733 3.747733 3.747733 3.747733 3.747733 3.747733 3.747733 3.747733 3.747733 3.747733 3.747733 3.747733 3.747733 
3.747733 3.747733 3.747733 3.747733 3.747733 3.747733 3.747733 3.747733 3.747733 3.747733 3.747733 3.747733 3.747733 3.747733 3.747733 3.747733 3.747733 3.747733 3.747733 3.747733 3.747733 3.747733 3.747733 3.747733 3.747733 3.747733 3.747733 3.747733 3.747733 3.747733 3.747733 3.747733 3.747733 3.747733 3.747733 3.747733 3.747733 3.747733 3.747733 3.747733 3.747733 3.747733 3.747733 3.747733 3.747733 3.747733 3.747733 3.747733 3.747733 3.747733 3.747733 3.747733 3.747733 3.747733 3.747733 3.747733 3.747733 3.747733 3.747733 3.747733 3.747733 3.747733 3.747733 3.747733 
3.747733 3.747733 3.747733 3.747733 3.747733 3.747733 3.747733 3.747733 3.747733 3.747733 3.747733 3.747733 3.747733 3.747733 3.747733 3.747733 3.747733 3.747733 3.747733 3.747733 3.747733 3.747733 3.747733 3.747733 3.747733 3.747733 3.747733 3.747733 3.747733 3.747733 3.747733 3.747733 3.747733 3.747733 3.747733 3.747733 3.747733 3.747733 3.747733 3.747733 3.747733 3.747733 3.747733 3.747733 3.747733 3.747733 3.747733 3.747733 3.747733 3.747733 3.747733 3.747733 3.747733 3.747733 3.747733 3.747733 3.747733 3.747733 3.747733 3.747733 3.747733 3.747733 3.747733 3.747733 
3.747733 3.747733 3.747733 3.747733 3.747733 3.747733 3.747733 3.747733 3.747733 3.747733 3.747733 3.747733 3.747733 3.747733 3.747733 3.747733 3.747733 3.747733 3.747733 3.747733 3.747733 3.747733 3.747733 3.747733 3.747733 3.747733 3.747733 3.747733 3.747733 3.747733 3.747733 3.747733 3.747733 3.747733 3.747733 3.747733 3.747733 3.747733 3.747733 3.747733 3.747733 3.747733 3.747733 3.747733 3.747733 3.747733 3.747733 3.747733 3.747733 3.747733 3.747733 3.747733 3.747733 3.747733 3.747733 3.747733 3.747733 3.747733 3.747733 3.747733 3.747733 3.747733 3.747733 3.747733 
3.747733 3.747733 3.747733 3.747733 3.747733 3.747733 3.747733 3.747733 3.747733 3.747733 3.747733 3.747733 3.747733 3.747733 3.747733 3.747733 3.747733 3.747733 3.747733 3.747733 3.747733 3.747733 3.747733 3.747733 3.747733 3.747733 3.747733 3.747733 3.747733 3.747733 3.747733 3.747733 3.747733 3.747733 3.747733 3.747733 3.747733 3.747733 3.747733 3.747733 3.747733 3.747733 3.747733 3.747733 3.747733 3.747733 3.747733 3.747733 3.747733 3.747733 3.747733 3.747733 3.747733 3.747733 3.747733 3.747733 3.747733 3.747733 3.747733 3.747733 3.747733 3.747733 3.747733 3.747733 
3.747733 3.747733 3.747733 3.747733 3.747733 3.747733 3.747733 3.747733 3.747733 3.747733 3.747733 3.747733 3.747733 3.747733 3.747733 3.747733 3.747733 3.747733 3.747733 3.747733 3.747733 3.747733 3.747733 3.747733 3.747733 3.747733 3.747733 3.747733 3.747733 3.747733 3.747733 3.747733 3.747733 3.747733 3.747733 3.747733 3.747733 3.747733 3.747733 3.747733 3.747733 3.747733 3.747733 3.747733 3.747733 3.747733 3.747733 3.747733 3.747733 3.747733 3.747733 3.747733 3.747733 3.747733 3.747733 3.747733 3.747733 3.747733 3.747733 3.747733 3.747733 3.747733 3.747733 3.747733 
3.747733 3.747733 3.747733 3.747733 3.747733 3.747733 3.747733 3.747733 3.747733 3.747733 3.747733 3.747733 3.747733 3.747733 3.747733 3.747733 3.747733 3.747733 3.747733 3.747733 3.747733 3.747733 3.747733 3.747733 3.747733 3.747733 3.747733 3.747733 3.747733 3.747733 3.747733 3.747733 3.747733 3.747733 3.747733 3.747733 3.747733 3.747733 3.747733 3.747733 3.747733 3.747733 3.747733 3.747733 3.747733 3.747733 3.747733 3.747733 3.747733 3.747733 3.747733 3.747733 3.747733 3.747733 3.747733 3.747733 3.747733 3.747733 3.747733 3.747733 3.747733 3.747733 3.747733 3.747733 
3.747733 3.747733 3.747733 3.747733 3.747733 3.747733 3.747733 3.747733 3.747733 3.747733 3.747733 3.747733 3.747733 3.747733 3.747733 3.747733 3.747733 3.747733 3.747733 3.747733 3.747733 3.747733 3.747733 3.747733 3.747733 3.747733 3.747733 3.747733 3.747733 3.747733 3.747733 3.747733 3.747733 3.747733 3.747733 3.747733 3.747733 3.747733 3.747733 3.747733 3.747733 3.747733 3.747733 3.747733 3.747733 3.747733 3.747733 3.747733 3.747733 3.747733 3.747733 3.747733 3.747733 3.747733 3.747733 3.747733 3.747733 3.747733 3.747733 3.747733 3.747733 3.747733 3.747733 3.747733 
3.747733 3.747733 3.747733 3.747733 3.747733 3.747733 3.747733 3.747733 3.747733 3.747733 3.747733 3.747733 3.747733 3.747733 3.747733 3.747733 3.747733 3.747733 3.747733 3.747733 3.747733 3.747733 3.747733 3.747733 3.747733 3.747733 3.747733 3.747733 3.747733 3.747733 3.747733 3.747733 3.747733 3.747733 3.747733 3.747733 3.747733 3.747733 3.747733 3.747733 3.747733 3.747733 3.747733 3.747733 3.747733 3.747733 3.747733 3.747733 3.747733 3.747733 3.747733 3.747733 3.747733 3.747733 3.747733 3.747733 3.747733 3.747733 3.747733 3.747733 3.747733 3.747733 3.747733 3.747733 
3.747733 3.747733 3.747733 3.747733 3.747733 3.747733 3.747733 3.747733 3.747733 3.747733 3.747733 3.747733 3.747733 3.747733 3.747733 3.747733 3.747733 3.747733 3.747733 3.747733 3.747733 3.747733 3.747733 3.747733 3.747733 3.747733 3.747733 3.747733 3.747733 3.747733 3.747733 3.747733 3.747733 3.747733 3.747733 3.747733 3.747733 3.747733 3.747733 3.747733 3.747733 3.747733 3.747733 3.747733 3.747733 3.747733 3.747733 3.747733 3.747733 3.747733 3.747733 3.747733 3.747733 3.747733 3.747733 3.747733 3.747733 3.747733 3.747733 3.747733 3.747733 3.747733 3.747733 3.747733 
3.747733 3.747733 3.747733 3.747733 3.747733 3.747733 3.747733 3.747733 3.747733 3.747733 3.747733 3.747733 3.747733 3.747733 3.747733 3.747733 3.747733 3.747733 3.747733 3.747733 3.747733 3.747733 3.747733 3.747733 3.747733 3.747733 3.747733 3.747733 3.747733 3.747733 3.747733 3.747733 3.747733 3.747733 3.747733 3.747733 3.747733 3.747733 3.747733 3.747733 3.747733 3.747733 3.747733 3.747733 3.747733 3.747733 3.747733 3.747733 3.747733 3.747733 3.747733 3.747733 3.747733 3.747733 3.747733 3.747733 3.747733 3.747733 3.747733 3.747733 3.747733 3.747733 3.747733 3.747733 
3.747733 3.747733 3.747733 3.747733 3.747733 3.747733 3.747733 3.747733 3.747733 3.747733 3.747733 3.747733 3.747733 3.747733 3.747733 3.747733 3.747733 3.747733 3.747733 3.747733 3.747733 3.747733 3.747733 3.747733 3.747733 3.747733 3.747733 3.747733 3.747733 3.747733 3.747733 3.747733 3.747733 3.747733 3.747733 3.747733 3.747733 3.747733 3.747733 3.747733 3.747733 3.747733 3.747733 3.747733 3.747733 3.747733 3.747733 3.747733 3.747733 3.747733 3.747733 3.747733 3.747733 3.747733 3.747733 3.747733 3.747733 3.747733 3.747733 3.747733 3.747733 3.747733 3.747733 3.747733 
3.747733 3.747733 3.747733 3.747733 3.747733 3.747733 3.747733 3.747733 3.747733 3.747733 3.747733 3.747733 3.747733 3.747733 3.747733 3.747733 3.747733 3.747733 3.747733 3.747733 3.747733 3.747733 3.747733 3.747733 3.747733 3.747733 3.747733 3.747733 3.747733 3.747733 3.747733 3.747733 3.747733 3.747733 3.747733 3.747733 3.747733 3.747733 3.747733 3.747733 3.747733 3.747733 3.747733 3.747733 3.747733 3.747733 3.747733 3.747733 3.747733 3.747733 3.747733 3.747733 3.747733 3.747733 3.747733 3.747733 3.747733 3.747733 3.747733 3.747733 3.747733 3.747733 3.747733 3.747733 
3.747733 3.747733 3.747733 3.747733 3.747733 3.747733 3.747733 3.747733 3.747733 3.747733 3.747733 3.747733 3.747733 3.747733 3.747733 3.747733 3.747733 3.747733 3.747733 3.747733 3.747733 3.747733 3.747733 3.747733 3.747733 3.747733 3.747733 3.747733 3.747733 3.747733 3.747733 3.747733 3.747733 3.747733 3.747733 3.747733 3.747733 3.747733 3.747733 3.747733 3.747733 3.747733 3.747733 3.747733 3.747733 3.747733 3.747733 3.747733 3.747733 3.747733 3.747733 3.747733 3.747733 3.747733 3.747733 3.747733 3.747733 3.747733 3.747733 3.747733 3.747733 3.747733 3.747733 3.747733 
3.747733 3.747733 3.747733 3.747733 3.747733 3.747733 3.747733 3.747733 3.747733 3.747733 3.747733 3.747733 3.747733 3.747733 3.747733 3.747733 3.747733 3.747733 3.747733 3.747733 3.747733 3.747733 3.747733 3.747733 3.747733 3.747733 3.747733 3.747733 3.747733 3.747733 3.747733 3.747733 3.747733 3.747733 3.747733 3.747733 3.747733 3.747733 3.747733 3.747733 3.747733 3.747733 3.747733 3.747733 3.747733 3.747733 3.747733 3.747733 3.747733 3.747733 3.747733 3.747733 3.747733 3.747733 3.747733 3.747733 3.747733 3.747733 3.747733 3.747733 3.747733 3.747733 3.747733 3.747733 
3.747733 3.747733 3.747733 3.747733 3.747733 3.747733 3.747733 3.747733 3.747733 3.747733 3.747733 3.747733 3.747733 3.747733 3.747733 3.747733 3.747733 3.747733 3.747733 3.747733 3.747733 3.747733 3.747733 3.747733 3.747733 3.747733 3.747733 3.747733 3.747733 3.747733 3.747733 3.747733 3.747733 3.747733 3.747733 3.747733 3.747733 3.747733 3.747733 3.747733 3.747733 3.747733 3.747733 3.747733 3.747733 3.747733 3.747733 3.747733 3.747733 3.747733 3.747733 3.747733 3.747733 3.747733 3.747733 3.747733 3.747733 3.747733 3.747733 3.747733 3.747733 3.747733 3.747733 3.747733 
3.747733 3.747733 3.747733 3.747733 3.747733 3.747733 3.747733 3.747733 3.747733 3.747733 3.747733 3.747733 3.747733 3.747733 3.747733 3.747733 3.747733 3.747733 3.747733 3.747733 3.747733 3.747733 3.747733 3.747733 3.747733 3.747733 3.747733 3.747733 3.747733 3.747733 3.747733 3.747733 3.747733 3.747733 3.747733 3.747733 3.747733 3.747733 3.747733 3.747733 3.747733 3.747733 3.747733 3.747733 3.747733 3.747733 3.747733 3.747733 3.747733 3.747733 3.747733 3.747733 3.747733 3.747733 3.747733 3.747733 3.747733 3.747733 3.747733 3.747733 3.747733 3.747733 3.747733 3.747733 
3.747733 3.747733 3.747733 3.747733 3.747733 3.747733 3.747733 3.747733 3.747733 3.747733 3.747733 3.747733 3.747733 3.747733 3.747733 3.747733 3.747733 3.747733 3.747733 3.747733 3.747733 3.747733 3.747733 3.747733 3.747733 3.747733 3.747733 3.747733 3.747733 3.747733 3.747733 3.747733 3.747733 3.747733 3.747733 3.747733 3.747733 3.747733 3.747733 3.747733 3.747733 3.747733 3.747733 3.747733 3.747733 3.747733 3.747733 3.747733 3.747733 3.747733 3.747733 3.747733 3.747733 3.747733 3.747733 3.747733 3.747733 3.747733 3.747733 3.747733 3.747733 3.747733 3.747733 3.747733 
3.747733 3.747733 3.747733 3.747733 3.747733 3.747733 3.747733 3.747733 3.747733 3.747733 3.747733 3.747733 3.747733 3.747733 3.747733 3.747733 3.747733 3.747733 3.747733 3.747733 3.747733 3.747733 3.747733 3.747733 3.747733 3.747733 3.747733 3.747733 3.747733 3.747733 3.747733 3.747733 3.747733 3.747733 3.747733 3.747733 3.747733 3.747733 3.747733 3.747733 3.747733 3.747733 3.747733 3.747733 3.747733 3.747733 3.747733 3.747733 3.747733 3.747733 3.747733 3.747733 3.747733 3.747733 3.747733 3.747733 3.747733 3.747733 3.747733 3.747733 3.747733 3.747733 3.747733 3.747733 
3.747733 3.747733 3.747733 3.747733 3.747733 3.747733 3.747733 3.747733 3.747733 3.747733 3.747733 3.747733 3.747733 3.747733 3.747733 3.747733 3.747733 3.747733 3.747733 3.747733 3.747733 3.747733 3.747733 3.747733 3.747733 3.747733 3.747733 3.747733 3.747733 3.747733 3.747733 3.747733 3.747733 3.747733 3.747733 3.747733 3.747733 3.747733 3.747733 3.747733 3.747733 3.747733 3.747733 3.747733 3.747733 3.747733 3.747733 3.747733 3.747733 3.747733 3.747733 3.747733 3.747733 3.747733 3.747733 3.747733 3.747733 3.747733 3.747733 3.747733 3.747733 3.747733 3.747733 3.747733 
3.747733 3.747733 3.747733 3.747733 3.747733 3.747733 3.747733 3.747733 3.747733 3.747733 3.747733 3.747733 3.747733 3.747733 3.747733 3.747733 3.747733 3.747733 3.747733 3.747733 3.747733 3.747733 3.747733 3.747733 3.747733 3.747733 3.747733 3.747733 3.747733 3.747733 3.747733 3.747733 3.747733 3.747733 3.747733 3.747733 3.747733 3.747733 3.747733 3.747733 3.747733 3.747733 3.747733 3.747733 3.747733 3.747733 3.747733 3.747733 3.747733 3.747733 3.747733 3.747733 3.747733 3.747733 3.747733 3.747733 3.747733 3.747733 3.747733 3.747733 3.747733 3.747733 3.747733 3.747733 
3.747733 3.747733 3.747733 3.747733 3.747733 3.747733 3.747733 3.747733 3.747733 3.747733 3.747733 3.747733 3.747733 3.747733 3.747733 3.747733 3.747733 3.747733 3.747733 3.747733 3.747733 3.747733 3.747733 3.747733 3.747733 3.747733 3.747733 3.747733 3.747733 3.747733 3.747733 3.747733 3.747733 3.747733 3.747733 3.747733 3.747733 3.747733 3.747733 3.747733 3.747733 3.747733 3.747733 3.747733 3.747733 3.747733 3.747733 3.747733 3.747733 3.747733 3.747733 3.747733 3.747733 3.747733 3.747733 3.747733 3.747733 3.747733 3.747733 3.747733 3.747733 3.747733 3.747733 3.747733 
3.747733 3.747733 3.747733 3.747733 3.747733 3.747733 3.747733 3.747733 3.747733 3.747733 3.747733 3.747733 3.747733 3.747733 3.747733 3.747733 3.747733 3.747733 3.747733 3.747733 3.747733 3.747733 3.747733 3.747733 3.747733 3.747733 3.747733 3.747733 3.747733 3.747733 3.747733 3.747733 3.747733 3.747733 3.747733 3.747733 3.747733 3.747733 3.747733 3.747733 3.747733 3.747733 3.747733 3.747733 3.747733 3.747733 3.747733 3.747733 3.747733 3.747733 3.747733 3.747733 3.747733 3.747733 3.747733 3.747733 3.747733 3.747733 3.747733 3.747733 3.747733 3.747733 3.747733 3.747733 
3.747733 3.747733 3.747733 3.747733 3.747733 3.747733 3.747733 3.747733 3.747733 3.747733 3.747733 3.747733 3.747733 3.747733 3.747733 3.747733 3.747733 3.747733 3.747733 3.747733 3.747733 3.747733 3.747733 3.747733 3.747733 3.747733 3.747733 3.747733 3.747733 3.747733 3.747733 3.747733 3.747733 3.747733 3.747733 3.747733 3.747733 3.747733 3.747733 3.747733 3.747733 3.747733 3.747733 3.747733 3.747733 3.747733 3.747733 3.747733 3.747733 3.747733 3.747733 3.747733 3.747733 3.747733 3.747733 3.747733 3.747733 3.747733 3.747733 3.747733 3.747733 3.747733 3.747733 3.747733 
3.747733 3.747733 3.747733 3.747733 3.747733 3.747733 3.747733 3.747733 3.747733 3.747733 3.747733 3.747733 3.747733 3.747733 3.747733 3.747733 3.747733 3.747733 3.747733 3.747733 3.747733 3.747733 3.747733 3.747733 3.747733 3.747733 3.747733 3.747733 3.747733 3.747733 3.747733 3.747733 3.747733 3.747733 3.747733 3.747733 3.747733 3.747733 3.747733 3.747733 3.747733 3.747733 3.747733 3.747733 3.747733 3.747733 3.747733 3.747733 3.747733 3.747733 3.747733 3.747733 3.747733 3.747733 3.747733 3.747733 3.747733 3.747733 3.747733 3.747733 3.747733 3.747733 3.747733 3.747733 
3.747733 3.747733 3.747733 3.747733 3.747733 3.747733 3.747733 3.747733 3.747733 3.747733 3.747733 3.747733 3.747733 3.747733 3.747733 3.747733 3.747733 3.747733 3.747733 3.747733 3.747733 3.747733 3.747733 3.747733 3.747733 3.747733 3.747733 3.747733 3.747733 3.747733 3.747733 3.747733 3.747733 3.747733 3.747733 3.747733 3.747733 3.747733 3.747733 3.747733 3.747733 3.747733 3.747733 3.747733 3.747733 3.747733 3.747733 3.747733 3.747733 3.747733 3.747733 3.747733 3.747733 3.747733 3.747733 3.747733 3.747733 3.747733 3.747733 3.747733 3.747733 3.747733 3.747733 3.747733 
3.747733 3.747733 3.747733 3.747733 3.747733 3.747733 3.747733 3.747733 3.747733 3.747733 3.747733 3.747733 3.747733 3.747733 3.747733 3.747733 3.747733 3.747733 3.747733 3.747733 3.747733 3.747733 3.747733 3.747733 3.747733 3.747733 3.747733 3.747733 3.747733 3.747733 3.747733 3.747733 3.747733 3.747733 3.747733 3.747733 3.747733 3.747733 3.747733 3.747733 3.747733 3.747733 3.747733 3.747733 3.747733 3.747733 3.747733 3.747733 3.747733 3.747733 3.747733 3.747733 3.747733 3.747733 3.747733 3.747733 3.747733 3.747733 3.747733 3.747733 3.747733 3.747733 3.747733 3.747733 
3.747733 3.747733 3.747733 3.747733 3.747733 3.747733 3.747733 3.747733 3.747733 3.747733 3.747733 3.747733 3.747733 3.747733 3.747733 3.747733 3.747733 3.747733 3.747733 3.747733 3.747733 3.747733 3.747733 3.747733 3.747733 3.747733 3.747733 3.747733 3.747733 3.747733 3.747733 3.747733 3.747733 3.747733 3.747733 3.747733 3.747733 3.747733 3.747733 3.747733 3.747733 3.747733 3.747733 3.747733 3.747733 3.747733 3.747733 3.747733 3.747733 3.747733 3.747733 3.747733 3.747733 3.747733 3.747733 3.747733 3.747733 3.747733 3.747733 3.747733 3.747733 3.747733 3.747733 3.747733 
3.747733 3.747733 3.747733 3.747733 3.747733 3.747733 3.747733 3.747733 3.747733 3.747733 3.747733 3.747733 3.747733 3.747733 3.747733 3.747733 3.747733 3.747733 3.747733 3.747733 3.747733 3.747733 3.747733 3.747733 3.747733 3.747733 3.747733 3.747733 3.747733 3.747733 3.747733 3.747733 3.747733 3.747733 3.747733 3.747733 3.747733 3.747733 3.747733 3.747733 3.747733 3.747733 3.747733 3.747733 3.747733 3.747733 3.747733 3.747733 3.747733 3.747733 3.747733 3.747733 3.747733 3.747733 3.747733 3.747733 3.747733 3.747733 3.747733 3.747733 3.747733 3.747733 3.747733 3.747733 
3.747733 3.747733 3.747733 3.747733 3.747733 3.747733 3.747733 3.747733 3.747733 3.747733 3.747733 3.747733 3.747733 3.747733 3.747733 3.747733 3.747733 3.747733 3.747733 3.747733 3.747733 3.747733 3.747733 3.747733 3.747733 3.747733 3.747733 3.747733 3.747733 3.747733 3.747733 3.747733 3.747733 3.747733 3.747733 3.747733 3.747733 3.747733 3.747733 3.747733 3.747733 3.747733 3.747733 3.747733 3.747733 3.747733 3.747733 3.747733 3.747733 3.747733 3.747733 3.747733 3.747733 3.747733 3.747733 3.747733 3.747733 3.747733 3.747733 3.747733 3.747733 3.747733 3.747733 3.747733 
3.747733 3.747733 3.747733 3.747733 3.747733 3.747733 3.747733 3.747733 3.747733 3.747733 3.747733 3.747733 3.747733 3.747733 3.747733 3.747733 3.747733 3.747733 3.747733 3.747733 3.747733 3.747733 3.747733 3.747733 3.747733 3.747733 3.747733 3.747733 3.747733 3.747733 3.747733 3.747733 3.747733 3.747733 3.747733 3.747733 3.747733 3.747733 3.747733 3.747733 3.747733 3.747733 3.747733 3.747733 3.747733 3.747733 3.747733 3.747733 3.747733 3.747733 3.747733 3.747733 3.747733 3.747733 3.747733 3.747733 3.747733 3.747733 3.747733 3.747733 3.747733 3.747733 3.747733 3.747733 
3.747733 3.747733 3.747733 3.747733 3.747733 3.747733 3.747733 3.747733 3.747733 3.747733 3.747733 3.747733 3.747733 3.747733 3.747733 3.747733 3.747733 3.747733 3.747733 3.747733 3.747733 3.747733 3.747733 3.747733 3.747733 3.747733 3.747733 3.747733 3.747733 3.747733 3.747733 3.747733 3.747733 3.747733 3.747733 3.747733 3.747733 3.747733 3.747733 3.747733 3.747733 3.747733 3.747733 3.747733 3.747733 3.747733 3.747733 3.747733 3.747733 3.747733 3.747733 3.747733 3.747733 3.747733 3.747733 3.747733 3.747733 3.747733 3.747733 3.747733 3.747733 3.747733 3.747733 3.747733 
3.747733 3.747733 3.747733 3.747733 3.747733 3.747733 3.747733 3.747733 3.747733 3.747733 3.747733 3.747733 3.747733 3.747733 3.747733 3.747733 3.747733 3.747733 3.747733 3.747733 3.747733 3.747733 3.747733 3.747733 3.747733 3.747733 3.747733 3.747733 3.747733 3.747733 3.747733 3.747733 3.747733 3.747733 3.747733 3.747733 3.747733 3.747733 3.747733 3.747733 3.747733 3.747733 3.747733 3.747733 3.747733 3.747733 3.747733 3.747733 3.747733 3.747733 3.747733 3.747733 3.747733 3.747733 3.747733 3.747733 3.747733 3.747733 3.747733 3.747733 3.747733 3.747733 3.747733 3.747733 
3.747733 3.747733 3.747733 3.747733 3.747733 3.747733 3.747733 3.747733 3.747733 3.747733 3.747733 3.747733 3.747733 3.747733 3.747733 3.747733 3.747733 3.747733 3.747733 3.747733 3.747733 3.747733 3.747733 3.747733 3.747733 3.747733 3.747733 3.747733 3.747733 3.747733 3.747733 3.747733 3.747733 3.747733 3.747733 3.747733 3.747733 3.747733 3.747733 3.747733 3.747733 3.747733 3.747733 3.747733 3.747733 3.747733 3.747733 3.747733 3.747733 3.747733 3.747733 3.747733 3.747733 3.747733 3.747733 3.747733 3.747733 3.747733 3.747733 3.747733 3.747733 3.747733 3.747733 3.747733 
3.747733 3.747733 3.747733 3.747733 3.747733 3.747733 3.747733 3.747733 3.747733 3.747733 3.747733 3.747733 3.747733 3.747733 3.747733 3.747733 3.747733 3.747733 3.747733 3.747733 3.747733 3.747733 3.747733 3.747733 3.747733 3.747733 3.747733 3.747733 3.747733 3.747733 3.747733 3.747733 3.747733 3.747733 3.747733 3.747733 3.747733 3.747733 3.747733 3.747733 3.747733 3.747733 3.747733 3.747733 3.747733 3.747733 3.747733 3.747733 3.747733 3.747733 3.747733 3.747733 3.747733 3.747733 3.747733 3.747733 3.747733 3.747733 3.747733 3.747733 3.747733 3.747733 3.747733 3.747733 
3.747733 3.747733 3.747733 3.747733 3.747733 3.747733 3.747733 3.747733 3.747733 3.747733 3.747733 3.747733 3.747733 3.747733 3.747733 3.747733 3.747733 3.747733 3.747733 3.747733 3.747733 3.747733 3.747733 3.747733 3.747733 3.747733 3.747733 3.747733 3.747733 3.747733 3.747733 3.747733 3.747733 3.747733 3.747733 3.747733 3.747733 3.747733 3.747733 3.747733 3.747733 3.747733 3.747733 3.747733 3.747733 3.747733 3.747733 3.747733 3.747733 3.747733 3.747733 3.747733 3.747733 3.747733 3.747733 3.747733 3.747733 3.747733 3.747733 3.747733 3.747733 3.747733 3.747733 3.747733 
3.747733 3.747733 3.747733 3.747733 3.747733 3.747733 3.747733 3.747733 3.747733 3.747733 3.747733 3.747733 3.747733 3.747733 3.747733 3.747733 3.747733 3.747733 3.747733 3.747733 3.747733 3.747733 3.747733 3.747733 3.747733 3.747733 3.747733 3.747733 3.747733 3.747733 3.747733 3.747733 3.747733 3.747733 3.747733 3.747733 3.747733 3.747733 3.747733 3.747733 3.747733 3.747733 3.747733 3.747733 3.747733 3.747733 3.747733 3.747733 3.747733 3.747733 3.747733 3.747733 3.747733 3.747733 3.747733 3.747733 3.747733 3.747733 3.747733 3.747733 3.747733 3.747733 3.747733 3.747733 
3.747733 3.747733 3.747733 3.747733 3.747733 3.747733 3.747733 3.747733 3.747733 3.747733 3.747733 3.747733 3.747733 3.747733 3.747733 3.747733 3.747733 3.747733 3.747733 3.747733 3.747733 3.747733 3.747733 3.747733 3.747733 3.747733 3.747733 3.747733 3.747733 3.747733 3.747733 3.747733 3.747733 3.747733 3.747733 3.747733 3.747733 3.747733 3.747733 3.747733 3.747733 3.747733 3.747733 3.747733 3.747733 3.747733 3.747733 3.747733 3.747733 3.747733 3.747733 3.747733 3.747733 3.747733 3.747733 3.747733 3.747733 3.747733 3.747733 3.747733 3.747733 3.747733 3.747733 3.747733 
3.747733 3.747733 3.747733 3.747733 3.747733 3.747733 3.747733 3.747733 3.747733 3.747733 3.747733 3.747733 3.747733 3.747733 3.747733 3.747733 3.747733 3.747733 3.747733 3.747733 3.747733 3.747733 3.747733 3.747733 3.747733 3.747733 3.747733 3.747733 3.747733 3.747733 3.747733 3.747733 3.747733 3.747733 3.747733 3.747733 3.747733 3.747733 3.747733 3.747733 3.747733 3.747733 3.747733 3.747733 3.747733 3.747733 3.747733 3.747733 3.747733 3.747733 3.747733 3.747733 3.747733 3.747733 3.747733 3.747733 3.747733 3.747733 3.747733 3.747733 3.747733 3.747733 3.747733 3.747733 
3.747733 3.747733 3.747733 3.747733 3.747733 3.747733 3.747733 3.747733 3.747733 3.747733 3.747733 3.747733 3.747733 3.747733 3.747733 3.747733 3.747733 3.747733 3.747733 3.747733 3.747733 3.747733 3.747733 3.747733 3.747733 3.747733 3.747733 3.747733 3.747733 3.747733 3.747733 3.747733 3.747733 3.747733 3.747733 3.747733 3.747733 3.747733 3.747733 3.747733 3.747733 3.747733 3.747733 3.747733 3.747733 3.747733 3.747733 3.747733 3.747733 3.747733 3.747733 3.747733 3.747733 3.747733 3.747733 3.747733 3.747733 3.747733 3.747733 3.747733 3.747733 3.747733 3.747733 3.747733 
3.747733 3.747733 3.747733 3.747733 3.747733 3.747733 3.747733 3.747733 3.747733 3.747733 3.747733 3.747733 3.747733 3.747733 3.747733 3.747733 3.747733 3.747733 3.747733 3.747733 3.747733 3.747733 3.747733 3.747733 3.747733 3.747733 3.747733 3.747733 3.747733 3.747733 3.747733 3.747733 3.747733 3.747733 3.747733 3.747733 3.747733 3.747733 3.747733 3.747733 3.747733 3.747733 3.747733 3.747733 3.747733 3.747733 3.747733 3.747733 3.747733 3.747733 3.747733 3.747733 3.747733 3.747733 3.747733 3.747733 3.747733 3.747733 3.747733 3.747733 3.747733 3.747733 3.747733 3.747733 
3.747733 3.747733 3.747733 3.747733 3.747733 3.747733 3.747733 3.747733 3.747733 3.747733 3.747733 3.747733 3.747733 3.747733 3.747733 3.747733 3.747733 3.747733 3.747733 3.747733 3.747733 3.747733 3.747733 3.747733 3.747733 3.747733 3.747733 3.747733 3.747733 3.747733 3.747733 3.747733 3.747733 3.747733 3.747733 3.747733 3.747733 3.747733 3.747733 3.747733 3.747733 3.747733 3.747733 3.747733 3.747733 3.747733 3.747733 3.747733 3.747733 3.747733 3.747733 3.747733 3.747733 3.747733 3.747733 3.747733 3.747733 3.747733 3.747733 3.747733 3.747733 3.747733 3.747733 3.747733 
3.747733 3.747733 3.747733 3.747733 3.747733 3.747733 3.747733 3.747733 3.747733 3.747733 3.747733 3.747733 3.747733 3.747733 3.747733 3.747733 3.747733 3.747733 3.747733 3.747733 3.747733 3.747733 3.747733 3.747733 3.747733 3.747733 3.747733 3.747733 3.747733 3.747733 3.747733 3.747733 3.747733 3.747733 3.747733 3.747733 3.747733 3.747733 3.747733 3.747733 3.747733 3.747733 3.747733 3.747733 3.747733 3.747733 3.747733 3.747733 3.747733 3.747733 3.747733 3.747733 3.747733 3.747733 3.747733 3.747733 3.747733 3.747733 3.747733 3.747733 3.747733 3.747733 3.747733 3.747733 
3.747733 3.747733 3.747733 3.747733 3.747733 3.747733 3.747733 3.747733 3.747733 3.747733 3.747733 3.747733 3.747733 3.747733 3.747733 3.747733 3.747733 3.747733 3.747733 3.747733 3.747733 3.747733 3.747733 3.747733 3.747733 3.747733 3.747733 3.747733 3.747733 3.747733 3.747733 3.747733 3.747733 3.747733 3.747733 3.747733 3.747733 3.747733 3.747733 3.747733 3.747733 3.747733 3.747733 3.747733 3.747733 3.747733 3.747733 3.747733 3.747733 3.747733 3.747733 3.747733 3.747733 3.747733 3.747733 3.747733 3.747733 3.747733 3.747733 3.747733 3.747733 3.747733 3.747733 3.747733 
3.747733 3.747733 3.747733 3.747733 3.747733 3.747733 3.747733 3.747733 3.747733 3.747733 3.747733 3.747733 3.747733 3.747733 3.747733 3.747733 3.747733 3.747733 3.747733 3.747733 3.747733 3.747733 3.747733 3.747733 3.747733 3.747733 3.747733 3.747733 3.747733 3.747733 3.747733 3.747733 3.747733 3.747733 3.747733 3.747733 3.747733 3.747733 3.747733 3.747733 3.747733 3.747733 3.747733 3.747733 3.747733 3.747733 3.747733 3.747733 3.747733 3.747733 3.747733 3.747733 3.747733 3.747733 3.747733 3.747733 3.747733 3.747733 3.747733 3.747733 3.747733 3.747733 3.747733 3.747733 
3.747733 3.747733 3.747733 3.747733 3.747733 3.747733 3.747733 3.747733 3.747733 3.747733 3.747733 3.747733 3.747733 3.747733 3.747733 3.747733 3.747733 3.747733 3.747733 3.747733 3.747733 3.747733 3.747733 3.747733 3.747733 3.747733 3.747733 3.747733 3.747733 3.747733 3.747733 3.747733 3.747733 3.747733 3.747733 3.747733 3.747733 3.747733 3.747733 3.747733 3.747733 3.747733 3.747733 3.747733 3.747733 3.747733 3.747733 3.747733 3.747733 3.747733 3.747733 3.747733 3.747733 3.747733 3.747733 3.747733 3.747733 3.747733 3.747733 3.747733 3.747733 3.747733 3.747733 3.747733 
3.747733 3.747733 3.747733 3.747733 3.747733 3.747733 3.747733 3.747733 3.747733 3.747733 3.747733 3.747733 3.747733 3.747733 3.747733 3.747733 3.747733 3.747733 3.747733 3.747733 3.747733 3.747733 3.747733 3.747733 3.747733 3.747733 3.747733 3.747733 3.747733 3.747733 3.747733 3.747733 3.747733 3.747733 3.747733 3.747733 3.747733 3.747733 3.747733 3.747733 3.747733 3.747733 3.747733 3.747733 3.747733 3.747733 3.747733 3.747733 3.747733 3.747733 3.747733 3.747733 3.747733 3.747733 3.747733 3.747733 3.747733 3.747733 3.747733 3.747733 3.747733 3.747733 3.747733 3.747733 
3.747733 3.747733 3.747733 3.747733 3.747733 3.747733 3.747733 3.747733 3.747733 3.747733 3.747733 3.747733 3.747733 3.747733 3.747733 3.747733 3.747733 3.747733 3.747733 3.747733 3.747733 3.747733 3.747733 3.747733 3.747733 3.747733 3.747733 3.747733 3.747733 3.747733 3.747733 3.747733 3.747733 3.747733 3.747733 3.747733 3.747733 3.747733 3.747733 3.747733 3.747733 3.747733 3.747733 3.747733 3.747733 3.747733 3.747733 3.747733 3.747733 3.747733 3.747733 3.747733 3.747733 3.747733 3.747733 3.747733 3.747733 3.747733 3.747733 3.747733 3.747733 3.747733 3.747733 3.747733 
3.747733 3.747733 3.747733 3.747733 3.747733 3.747733 3.747733 3.747733 3.747733 3.747733 3.747733 3.747733 3.747733 3.747733 3.747733 3.747733 3.747733 3.747733 3.747733 3.747733 3.747733 3.747733 3.747733 3.747733 3.747733 3.747733 3.747733 3.747733 3.747733 3.747733 3.747733 3.747733 3.747733 3.747733 3.747733 3.747733 3.747733 3.747733 3.747733 3.747733 3.747733 3.747733 3.747733 3.747733 3.747733 3.747733 3.747733 3.747733 3.747733 3.747733 3.747733 3.747733 3.747733 3.747733 3.747733 3.747733 3.747733 3.747733 3.747733 3.747733 3.747733 3.747733 3.747733 3.747733 
