9.394909 9.394909 9.394909 9.394909 9.394909 9.394909 9.394909 9.394909 9.394909 9.394909 9.394909 9.394909 9.394909 9.394909 9.394909 9.394909 9.394909 9.394909 9.394909 9.394909 9.394909 9.394909 9.394909 9.394909 9.394909 9.394909 9.394909 9.394909 9.394909 9.394909 9.394909 9.394909 9.394909 9.394909 9.394909 9.394909 9.394909 9.394909 9.394909 9.394909 9.394909 9.394909 9.394909 9.394909 9.394909 9.394909 9.394909 9.394909 9.394909 9.394909 9.394909 9.394909 9.394909 9.394909 9.394909 9.394909 9.394909 9.394909 9.394909 9.394909 9.394909 9.394909 9.394909 9.394909 
9.394909 9.394909 9.394909 9.394909 9.394909 9.394909 9.394909 9.394909 9.394909 9.394909 9.394909 9.394909 9.394909 9.394909 9.394909 9.394909 9.394909 9.394909 9.394909 9.394909 9.394909 9.394909 9.394909 9.394909 9.394909 9.394909 9.394909 9.394909 9.394909 9.394909 9.394909 9.394909 9.394909 9.394909 9.394909 9.394909 9.394909 9.394909 9.394909 9.394909 9.394909 9.394909 9.394909 9.394909 9.394909 9.394909 9.394909 9.394909 9.394909 9.394909 9.394909 9.394909 9.394909 9.394909 9.394909 9.394909 9.394909 9.394909 9.394909 9.394909 9.394909 9.394909 9.394909 9.394909 
9.394909 9.394909 9.394909 9.394909 9.394909 9.394909 9.394909 9.394909 9.394909 9.394909 9.394909 9.394909 9.394909 9.394909 9.394909 9.394909 9.394909 9.394909 9.394909 9.394909 9.394909 9.394909 9.394909 9.394909 9.394909 9.394909 9.394909 9.394909 9.394909 9.394909 9.394909 9.394909 9.394909 9.394909 9.394909 9.394909 9.394909 9.394909 9.394909 9.394909 9.394909 9.394909 9.394909 9.394909 9.394909 9.394909 9.394909 9.394909 9.394909 9.394909 9.394909 9.394909 9.394909 9.394909 9.394909 9.394909 9.394909 9.394909 9.394909 9.394909 9.394909 9.394909 9.394909 9.394909 
9.394909 9.394909 9.394909 9.394909 9.394909 9.394909 9.394909 9.394909 9.394909 9.394909 9.394909 9.394909 9.394909 9.394909 9.394909 9.394909 9.394909 9.394909 9.394909 9.394909 9.394909 9.394909 9.394909 9.394909 9.394909 9.394909 9.394909 9.394909 9.394909 9.394909 9.394909 9.394909 9.394909 9.394909 9.394909 9.394909 9.394909 9.394909 9.394909 9.394909 9.394909 9.394909 9.394909 9.394909 9.394909 9.394909 9.394909 9.394909 9.394909 9.394909 9.394909 9.394909 9.394909 9.394909 9.394909 9.394909 9.394909 9.394909 9.394909 9.394909 9.394909 9.394909 9.394909 9.394909 
9.394909 9.394909 9.394909 9.394909 9.394909 9.394909 9.394909 9.394909 9.394909 9.394909 9.394909 9.394909 9.394909 9.394909 9.394909 9.394909 9.394909 9.394909 9.394909 9.394909 9.394909 9.394909 9.394909 9.394909 9.394909 9.394909 9.394909 9.394909 9.394909 9.394909 9.394909 9.394909 9.394909 9.394909 9.394909 9.394909 9.394909 9.394909 9.394909 9.394909 9.394909 9.394909 9.394909 9.394909 9.394909 9.394909 9.394909 9.394909 9.394909 9.394909 9.394909 9.394909 9.394909 9.394909 9.394909 9.394909 9.394909 9.394909 9.394909 9.394909 9.394909 9.394909 9.394909 9.394909 
9.394909 9.394909 9.394909 9.394909 9.394909 9.394909 9.394909 9.394909 9.394909 9.394909 9.394909 9.394909 9.394909 9.394909 9.394909 9.394909 9.394909 9.394909 9.394909 9.394909 9.394909 9.394909 9.394909 9.394909 9.394909 9.394909 9.394909 9.394909 9.394909 9.394909 9.394909 9.394909 9.394909 9.394909 9.394909 9.394909 9.394909 9.394909 9.394909 9.394909 9.394909 9.394909 9.394909 9.394909 9.394909 9.394909 9.394909 9.394909 9.394909 9.394909 9.394909 9.394909 9.394909 9.394909 9.394909 9.394909 9.394909 9.394909 9.394909 9.394909 9.394909 9.394909 9.394909 9.394909 
9.394909 9.394909 9.394909 9.394909 9.394909 9.394909 9.394909 9.394909 9.394909 9.394909 9.394909 9.394909 9.394909 9.394909 9.394909 9.394909 9.394909 9.394909 9.394909 9.394909 9.394909 9.394909 9.394909 9.394909 9.394909 9.394909 9.394909 9.394909 9.394909 9.394909 9.394909 9.394909 9.394909 9.394909 9.394909 9.394909 9.394909 9.394909 9.394909 9.394909 9.394909 9.394909 9.394909 9.394909 9.394909 9.394909 9.394909 9.394909 9.394909 9.394909 9.394909 9.394909 9.394909 9.394909 9.394909 9.394909 9.394909 9.394909 9.394909 9.394909 9.394909 9.394909 9.394909 9.394909 
9.394909 9.394909 9.394909 9.394909 9.394909 9.394909 9.394909 9.394909 9.394909 9.394909 9.394909 9.394909 9.394909 9.394909 9.394909 9.394909 9.394909 9.394909 9.394909 9.394909 9.394909 9.394909 9.394909 9.394909 9.394909 9.394909 9.394909 9.394909 9.394909 9.394909 9.394909 9.394909 9.394909 9.394909 9.394909 9.394909 9.394909 9.394909 9.394909 9.394909 9.394909 9.394909 9.394909 9.394909 9.394909 9.394909 9.394909 9.394909 9.394909 9.394909 9.394909 9.394909 9.394909 9.394909 9.394909 9.394909 9.394909 9.394909 9.394909 9.394909 9.394909 9.394909 9.394909 9.394909 
9.394909 9.394909 9.394909 9.394909 9.394909 9.394909 9.394909 9.394909 9.394909 9.394909 9.394909 9.394909 9.394909 9.394909 9.394909 9.394909 9.394909 9.394909 9.394909 9.394909 9.394909 9.394909 9.394909 9.394909 9.394909 9.394909 9.394909 9.394909 9.394909 9.394909 9.394909 9.394909 9.394909 9.394909 9.394909 9.394909 9.394909 9.394909 9.394909 9.394909 9.394909 9.394909 9.394909 9.394909 9.394909 9.394909 9.394909 9.394909 9.394909 9.394909 9.394909 9.394909 9.394909 9.394909 9.394909 9.394909 9.394909 9.394909 9.394909 9.394909 9.394909 9.394909 9.394909 9.394909 
9.394909 9.394909 9.394909 9.394909 9.394909 9.394909 9.394909 9.394909 9.394909 9.394909 9.394909 9.394909 9.394909 9.394909 9.394909 9.394909 9.394909 9.394909 9.394909 9.394909 9.394909 9.394909 9.394909 9.394909 9.394909 9.394909 9.394909 9.394909 9.394909 9.394909 9.394909 9.394909 9.394909 9.394909 9.394909 9.394909 9.394909 9.394909 9.394909 9.394909 9.394909 9.394909 9.394909 9.394909 9.394909 9.394909 9.394909 9.394909 9.394909 9.394909 9.394909 9.394909 9.394909 9.394909 9.394909 9.394909 9.394909 9.394909 9.394909 9.394909 9.394909 9.394909 9.394909 9.394909 
9.394909 9.394909 9.394909 9.394909 9.394909 9.394909 9.394909 9.394909 9.394909 9.394909 9.394909 9.394909 9.394909 9.394909 9.394909 9.394909 9.394909 9.394909 9.394909 9.394909 9.394909 9.394909 9.394909 9.394909 9.394909 9.394909 9.394909 9.394909 9.394909 9.394909 9.394909 9.394909 9.394909 9.394909 9.394909 9.394909 9.394909 9.394909 9.394909 9.394909 9.394909 9.394909 9.394909 9.394909 9.394909 9.394909 9.394909 9.394909 9.394909 9.394909 9.394909 9.394909 9.394909 9.394909 9.394909 9.394909 9.394909 9.394909 9.394909 9.394909 9.394909 9.394909 9.394909 9.394909 
9.394909 9.394909 9.394909 9.394909 9.394909 9.394909 9.394909 9.394909 9.394909 9.394909 9.394909 9.394909 9.394909 9.394909 9.394909 9.394909 9.394909 9.394909 9.394909 9.394909 9.394909 9.394909 9.394909 9.394909 9.394909 9.394909 9.394909 9.394909 9.394909 9.394909 9.394909 9.394909 9.394909 9.394909 9.394909 9.394909 9.394909 9.394909 9.394909 9.394909 9.394909 9.394909 9.394909 9.394909 9.394909 9.394909 9.394909 9.394909 9.394909 9.394909 9.394909 9.394909 9.394909 9.394909 9.394909 9.394909 9.394909 9.394909 9.394909 9.394909 9.394909 9.394909 9.394909 9.394909 
9.394909 9.394909 9.394909 9.394909 9.394909 9.394909 9.394909 9.394909 9.394909 9.394909 9.394909 9.394909 9.394909 9.394909 9.394909 9.394909 9.394909 9.394909 9.394909 9.394909 9.394909 9.394909 9.394909 9.394909 9.394909 9.394909 9.394909 9.394909 9.394909 9.394909 9.394909 9.394909 9.394909 9.394909 9.394909 9.394909 9.394909 9.394909 9.394909 9.394909 9.394909 9.394909 9.394909 9.394909 9.394909 9.394909 9.394909 9.394909 9.394909 9.394909 9.394909 9.394909 9.394909 9.394909 9.394909 9.394909 9.394909 9.394909 9.394909 9.394909 9.394909 9.394909 9.394909 9.394909 
9.394909 9.394909 9.394909 9.394909 9.394909 9.394909 9.394909 9.394909 9.394909 9.394909 9.394909 9.394909 9.394909 9.394909 9.394909 9.394909 9.394909 9.394909 9.394909 9.394909 9.394909 9.394909 9.394909 9.394909 9.394909 9.394909 9.394909 9.394909 9.394909 9.394909 9.394909 9.394909 9.394909 9.394909 9.394909 9.394909 9.394909 9.394909 9.394909 9.394909 9.394909 9.394909 9.394909 9.394909 9.394909 9.394909 9.394909 9.394909 9.394909 9.394909 9.394909 9.394909 9.394909 9.394909 9.394909 9.394909 9.394909 9.394909 9.394909 9.394909 9.394909 9.394909 9.394909 9.394909 
9.394909 9.394909 9.394909 9.394909 9.394909 9.394909 9.394909 9.394909 9.394909 9.394909 9.394909 9.394909 9.394909 9.394909 9.394909 9.394909 9.394909 9.394909 9.394909 9.394909 9.394909 9.394909 9.394909 9.394909 9.394909 9.394909 9.394909 9.394909 9.394909 9.394909 9.394909 9.394909 9.394909 9.394909 9.394909 9.394909 9.394909 9.394909 9.394909 9.394909 9.394909 9.394909 9.394909 9.394909 9.394909 9.394909 9.394909 9.394909 9.394909 9.394909 9.394909 9.394909 9.394909 9.394909 9.394909 9.394909 9.394909 9.394909 9.394909 9.394909 9.394909 9.394909 9.394909 9.394909 
9.394909 9.394909 9.394909 9.394909 9.394909 9.394909 9.394909 9.394909 9.394909 9.394909 9.394909 9.394909 9.394909 9.394909 9.394909 9.394909 9.394909 9.394909 9.394909 9.394909 9.394909 9.394909 9.394909 9.394909 9.394909 9.394909 9.394909 9.394909 9.394909 9.394909 9.394909 9.394909 9.394909 9.394909 9.394909 9.394909 9.394909 9.394909 9.394909 9.394909 9.394909 9.394909 9.394909 9.394909 9.394909 9.394909 9.394909 9.394909 9.394909 9.394909 9.394909 9.394909 9.394909 9.394909 9.394909 9.394909 9.394909 9.394909 9.394909 9.394909 9.394909 9.394909 9.394909 9.394909 
9.394909 9.394909 9.394909 9.394909 9.394909 9.394909 9.394909 9.394909 9.394909 9.394909 9.394909 9.394909 9.394909 9.394909 9.394909 9.394909 9.394909 9.394909 9.394909 9.394909 9.394909 9.394909 9.394909 9.394909 9.394909 9.394909 9.394909 9.394909 9.394909 9.394909 9.394909 9.394909 9.394909 9.394909 9.394909 9.394909 9.394909 9.394909 9.394909 9.394909 9.394909 9.394909 9.394909 9.394909 9.394909 9.394909 9.394909 9.394909 9.394909 9.394909 9.394909 9.394909 9.394909 9.394909 9.394909 9.394909 9.394909 9.394909 9.394909 9.394909 9.394909 9.394909 9.394909 9.394909 
9.394909 9.394909 9.394909 9.394909 9.394909 9.394909 9.394909 9.394909 9.394909 9.394909 9.394909 9.394909 9.394909 9.394909 9.394909 9.394909 9.394909 9.394909 9.394909 9.394909 9.394909 9.394909 9.394909 9.394909 9.394909 9.394909 9.394909 9.394909 9.394909 9.394909 9.394909 9.394909 9.394909 9.394909 9.394909 9.394909 9.394909 9.394909 9.394909 9.394909 9.394909 9.394909 9.394909 9.394909 9.394909 9.394909 9.394909 9.394909 9.394909 9.394909 9.394909 9.394909 9.394909 9.394909 9.394909 9.394909 9.394909 9.394909 9.394909 9.394909 9.394909 9.394909 9.394909 9.394909 
9.394909 9.394909 9.394909 9.394909 9.394909 9.394909 9.394909 9.394909 9.394909 9.394909 9.394909 9.394909 9.394909 9.394909 9.394909 9.394909 9.394909 9.394909 9.394909 9.394909 9.394909 9.394909 9.394909 9.394909 9.394909 9.394909 9.394909 9.394909 9.394909 9.394909 9.394909 9.394909 9.394909 9.394909 9.394909 9.394909 9.394909 9.394909 9.394909 9.394909 9.394909 9.394909 9.394909 9.394909 9.394909 9.394909 9.394909 9.394909 9.394909 9.394909 9.394909 9.394909 9.394909 9.394909 9.394909 9.394909 9.394909 9.394909 9.394909 9.394909 9.394909 9.394909 9.394909 9.394909 
9.394909 9.394909 9.394909 9.394909 9.394909 9.394909 9.394909 9.394909 9.394909 9.394909 9.394909 9.394909 9.394909 9.394909 9.394909 9.394909 9.394909 9.394909 9.394909 9.394909 9.394909 9.394909 9.394909 9.394909 9.394909 9.394909 9.394909 9.394909 9.394909 9.394909 9.394909 9.394909 9.394909 9.394909 9.394909 9.394909 9.394909 9.394909 9.394909 9.394909 9.394909 9.394909 9.394909 9.394909 9.394909 9.394909 9.394909 9.394909 9.394909 9.394909 9.394909 9.394909 9.394909 9.394909 9.394909 9.394909 9.394909 9.394909 9.394909 9.394909 9.394909 9.394909 9.394909 9.394909 
9.394909 9.394909 9.394909 9.394909 9.394909 9.394909 9.394909 9.394909 9.394909 9.394909 9.394909 9.394909 9.394909 9.394909 9.394909 9.394909 9.394909 9.394909 9.394909 9.394909 9.394909 9.394909 9.394909 9.394909 9.394909 9.394909 9.394909 9.394909 9.394909 9.394909 9.394909 9.394909 9.394909 9.394909 9.394909 9.394909 9.394909 9.394909 9.394909 9.394909 9.394909 9.394909 9.394909 9.394909 9.394909 9.394909 9.394909 9.394909 9.394909 9.394909 9.394909 9.394909 9.394909 9.394909 9.394909 9.394909 9.394909 9.394909 9.394909 9.394909 9.394909 9.394909 9.394909 9.394909 
9.394909 9.394909 9.394909 9.394909 9.394909 9.394909 9.394909 9.394909 9.394909 9.394909 9.394909 9.394909 9.394909 9.394909 9.394909 9.394909 9.394909 9.394909 9.394909 9.394909 9.394909 9.394909 9.394909 9.394909 9.394909 9.394909 9.394909 9.394909 9.394909 9.394909 9.394909 9.394909 9.394909 9.394909 9.394909 9.394909 9.394909 9.394909 9.394909 9.394909 9.394909 9.394909 9.394909 9.394909 9.394909 9.394909 9.394909 9.394909 9.394909 9.394909 9.394909 9.394909 9.394909 9.394909 9.394909 9.394909 9.394909 9.394909 9.394909 9.394909 9.394909 9.394909 9.394909 9.394909 
9.394909 9.394909 9.394909 9.394909 9.394909 9.394909 9.394909 9.394909 9.394909 9.394909 9.394909 9.394909 9.394909 9.394909 9.394909 9.394909 9.394909 9.394909 9.394909 9.394909 9.394909 9.394909 9.394909 9.394909 9.394909 9.394909 9.394909 9.394909 9.394909 9.394909 9.394909 9.394909 9.394909 9.394909 9.394909 9.394909 9.394909 9.394909 9.394909 9.394909 9.394909 9.394909 9.394909 9.394909 9.394909 9.394909 9.394909 9.394909 9.394909 9.394909 9.394909 9.394909 9.394909 9.394909 9.394909 9.394909 9.394909 9.394909 9.394909 9.394909 9.394909 9.394909 9.394909 9.394909 
9.394909 9.394909 9.394909 9.394909 9.394909 9.394909 9.394909 9.394909 9.394909 9.394909 9.394909 9.394909 9.394909 9.394909 9.394909 9.394909 9.394909 9.394909 9.394909 9.394909 9.394909 9.394909 9.394909 9.394909 9.394909 9.394909 9.394909 9.394909 9.394909 9.394909 9.394909 9.394909 9.394909 9.394909 9.394909 9.394909 9.394909 9.394909 9.394909 9.394909 9.394909 9.394909 9.394909 9.394909 9.394909 9.394909 9.394909 9.394909 9.394909 9.394909 9.394909 9.394909 9.394909 9.394909 9.394909 9.394909 9.394909 9.394909 9.394909 9.394909 9.394909 9.394909 9.394909 9.394909 
9.394909 9.394909 9.394909 9.394909 9.394909 9.394909 9.394909 9.394909 9.394909 9.394909 9.394909 9.394909 9.394909 9.394909 9.394909 9.394909 9.394909 9.394909 9.394909 9.394909 9.394909 9.394909 9.394909 9.394909 9.394909 9.394909 9.394909 9.394909 9.394909 9.394909 9.394909 9.394909 9.394909 9.394909 9.394909 9.394909 9.394909 9.394909 9.394909 9.394909 9.394909 9.394909 9.394909 9.394909 9.394909 9.394909 9.394909 9.394909 9.394909 9.394909 9.394909 9.394909 9.394909 9.394909 9.394909 9.394909 9.394909 9.394909 9.394909 9.394909 9.394909 9.394909 9.394909 9.394909 
9.394909 9.394909 9.394909 9.394909 9.394909 9.394909 9.394909 9.394909 9.394909 9.394909 9.394909 9.394909 9.394909 9.394909 9.394909 9.394909 9.394909 9.394909 9.394909 9.394909 9.394909 9.394909 9.394909 9.394909 9.394909 9.394909 9.394909 9.394909 9.394909 9.394909 9.394909 9.394909 9.394909 9.394909 9.394909 9.394909 9.394909 9.394909 9.394909 9.394909 9.394909 9.394909 9.394909 9.394909 9.394909 9.394909 9.394909 9.394909 9.394909 9.394909 9.394909 9.394909 9.394909 9.394909 9.394909 9.394909 9.394909 9.394909 9.394909 9.394909 9.394909 9.394909 9.394909 9.394909 
9.394909 9.394909 9.394909 9.394909 9.394909 9.394909 9.394909 9.394909 9.394909 9.394909 9.394909 9.394909 9.394909 9.394909 9.394909 9.394909 9.394909 9.394909 9.394909 9.394909 9.394909 9.394909 9.394909 9.394909 9.394909 9.394909 9.394909 9.394909 9.394909 9.394909 9.394909 9.394909 9.394909 9.394909 9.394909 9.394909 9.394909 9.394909 9.394909 9.394909 9.394909 9.394909 9.394909 9.394909 9.394909 9.394909 9.394909 9.394909 9.394909 9.394909 9.394909 9.394909 9.394909 9.394909 9.394909 9.394909 9.394909 9.394909 9.394909 9.394909 9.394909 9.394909 9.394909 9.394909 
9.394909 9.394909 9.394909 9.394909 9.394909 9.394909 9.394909 9.394909 9.394909 9.394909 9.394909 9.394909 9.394909 9.394909 9.394909 9.394909 9.394909 9.394909 9.394909 9.394909 9.394909 9.394909 9.394909 9.394909 9.394909 9.394909 9.394909 9.394909 9.394909 9.394909 9.394909 9.394909 9.394909 9.394909 9.394909 9.394909 9.394909 9.394909 9.394909 9.394909 9.394909 9.394909 9.394909 9.394909 9.394909 9.394909 9.394909 9.394909 9.394909 9.394909 9.394909 9.394909 9.394909 9.394909 9.394909 9.394909 9.394909 9.394909 9.394909 9.394909 9.394909 9.394909 9.394909 9.394909 
9.394909 9.394909 9.394909 9.394909 9.394909 9.394909 9.394909 9.394909 9.394909 9.394909 9.394909 9.394909 9.394909 9.394909 9.394909 9.394909 9.394909 9.394909 9.394909 9.394909 9.394909 9.394909 9.394909 9.394909 9.394909 9.394909 9.394909 9.394909 9.394909 9.394909 9.394909 9.394909 9.394909 9.394909 9.394909 9.394909 9.394909 9.394909 9.394909 9.394909 9.394909 9.394909 9.394909 9.394909 9.394909 9.394909 9.394909 9.394909 9.394909 9.394909 9.394909 9.394909 9.394909 9.394909 9.394909 9.394909 9.394909 9.394909 9.394909 9.394909 9.394909 9.394909 9.394909 9.394909 
9.394909 9.394909 9.394909 9.394909 9.394909 9.394909 9.394909 9.394909 9.394909 9.394909 9.394909 9.394909 9.394909 9.394909 9.394909 9.394909 9.394909 9.394909 9.394909 9.394909 9.394909 9.394909 9.394909 9.394909 9.394909 9.394909 9.394909 9.394909 9.394909 9.394909 9.394909 9.394909 9.394909 9.394909 9.394909 9.394909 9.394909 9.394909 9.394909 9.394909 9.394909 9.394909 9.394909 9.394909 9.394909 9.394909 9.394909 9.394909 9.394909 9.394909 9.394909 9.394909 9.394909 9.394909 9.394909 9.394909 9.394909 9.394909 9.394909 9.394909 9.394909 9.394909 9.394909 9.394909 
9.394909 9.394909 9.394909 9.394909 9.394909 9.394909 9.394909 9.394909 9.394909 9.394909 9.394909 9.394909 9.394909 9.394909 9.394909 9.394909 9.394909 9.394909 9.394909 9.394909 9.394909 9.394909 9.394909 9.394909 9.394909 9.394909 9.394909 9.394909 9.394909 9.394909 9.394909 9.394909 9.394909 9.394909 9.394909 9.394909 9.394909 9.394909 9.394909 9.394909 9.394909 9.394909 9.394909 9.394909 9.394909 9.394909 9.394909 9.394909 9.394909 9.394909 9.394909 9.394909 9.394909 9.394909 9.394909 9.394909 9.394909 9.394909 9.394909 9.394909 9.394909 9.394909 9.394909 9.394909 
9.394909 9.394909 9.394909 9.394909 9.394909 9.394909 9.394909 9.394909 9.394909 9.394909 9.394909 9.394909 9.394909 9.394909 9.394909 9.394909 9.394909 9.394909 9.394909 9.394909 9.394909 9.394909 9.394909 9.394909 9.394909 9.394909 9.394909 9.394909 9.394909 9.394909 9.394909 9.394909 9.394909 9.394909 9.394909 9.394909 9.394909 9.394909 9.394909 9.394909 9.394909 9.394909 9.394909 9.394909 9.394909 9.394909 9.394909 9.394909 9.394909 9.394909 9.394909 9.394909 9.394909 9.394909 9.394909 9.394909 9.394909 9.394909 9.394909 9.394909 9.394909 9.394909 9.394909 9.394909 
9.394909 9.394909 9.394909 9.394909 9.394909 9.394909 9.394909 9.394909 9.394909 9.394909 9.394909 9.394909 9.394909 9.394909 9.394909 9.394909 9.394909 9.394909 9.394909 9.394909 9.394909 9.394909 9.394909 9.394909 9.394909 9.394909 9.394909 9.394909 9.394909 9.394909 9.394909 9.394909 9.394909 9.394909 9.394909 9.394909 9.394909 9.394909 9.394909 9.394909 9.394909 9.394909 9.394909 9.394909 9.394909 9.394909 9.394909 9.394909 9.394909 9.394909 9.394909 9.394909 9.394909 9.394909 9.394909 9.394909 9.394909 9.394909 9.394909 9.394909 9.394909 9.394909 9.394909 9.394909 
9.394909 9.394909 9.394909 9.394909 9.394909 9.394909 9.394909 9.394909 9.394909 9.394909 9.394909 9.394909 9.394909 9.394909 9.394909 9.394909 9.394909 9.394909 9.394909 9.394909 9.394909 9.394909 9.394909 9.394909 9.394909 9.394909 9.394909 9.394909 9.394909 9.394909 9.394909 9.394909 9.394909 9.394909 9.394909 9.394909 9.394909 9.394909 9.394909 9.394909 9.394909 9.394909 9.394909 9.394909 9.394909 9.394909 9.394909 9.394909 9.394909 9.394909 9.394909 9.394909 9.394909 9.394909 9.394909 9.394909 9.394909 9.394909 9.394909 9.394909 9.394909 9.394909 9.394909 9.394909 
9.394909 9.394909 9.394909 9.394909 9.394909 9.394909 9.394909 9.394909 9.394909 9.394909 9.394909 9.394909 9.394909 9.394909 9.394909 9.394909 9.394909 9.394909 9.394909 9.394909 9.394909 9.394909 9.394909 9.394909 9.394909 9.394909 9.394909 9.394909 9.394909 9.394909 9.394909 9.394909 9.394909 9.394909 9.394909 9.394909 9.394909 9.394909 9.394909 9.394909 9.394909 9.394909 9.394909 9.394909 9.394909 9.394909 9.394909 9.394909 9.394909 9.394909 9.394909 9.394909 9.394909 9.394909 9.394909 9.394909 9.394909 9.394909 9.394909 9.394909 9.394909 9.394909 9.394909 9.394909 
9.394909 9.394909 9.394909 9.394909 9.394909 9.394909 9.394909 9.394909 9.394909 9.394909 9.394909 9.394909 9.394909 9.394909 9.394909 9.394909 9.394909 9.394909 9.394909 9.394909 9.394909 9.394909 9.394909 9.394909 9.394909 9.394909 9.394909 9.394909 9.394909 9.394909 9.394909 9.394909 9.394909 9.394909 9.394909 9.394909 9.394909 9.394909 9.394909 9.394909 9.394909 9.394909 9.394909 9.394909 9.394909 9.394909 9.394909 9.394909 9.394909 9.394909 9.394909 9.394909 9.394909 9.394909 9.394909 9.394909 9.394909 9.394909 9.394909 9.394909 9.394909 9.394909 9.394909 9.394909 
9.394909 9.394909 9.394909 9.394909 9.394909 9.394909 9.394909 9.394909 9.394909 9.394909 9.394909 9.394909 9.394909 9.394909 9.394909 9.394909 9.394909 9.394909 9.394909 9.394909 9.394909 9.394909 9.394909 9.394909 9.394909 9.394909 9.394909 9.394909 9.394909 9.394909 9.394909 9.394909 9.394909 9.394909 9.394909 9.394909 9.394909 9.394909 9.394909 9.394909 9.394909 9.394909 9.394909 9.394909 9.394909 9.394909 9.394909 9.394909 9.394909 9.394909 9.394909 9.394909 9.394909 9.394909 9.394909 9.394909 9.394909 9.394909 9.394909 9.394909 9.394909 9.394909 9.394909 9.394909 
9.394909 9.394909 9.394909 9.394909 9.394909 9.394909 9.394909 9.394909 9.394909 9.394909 9.394909 9.394909 9.394909 9.394909 9.394909 9.394909 9.394909 9.394909 9.394909 9.394909 9.394909 9.394909 9.394909 9.394909 9.394909 9.394909 9.394909 9.394909 9.394909 9.394909 9.394909 9.394909 9.394909 9.394909 9.394909 9.394909 9.394909 9.394909 9.394909 9.394909 9.394909 9.394909 9.394909 9.394909 9.394909 9.394909 9.394909 9.394909 9.394909 9.394909 9.394909 9.394909 9.394909 9.394909 9.394909 9.394909 9.394909 9.394909 9.394909 9.394909 9.394909 9.394909 9.394909 9.394909 
9.394909 9.394909 9.394909 9.394909 9.394909 9.394909 9.394909 9.394909 9.394909 9.394909 9.394909 9.394909 9.394909 9.394909 9.394909 9.394909 9.394909 9.394909 9.394909 9.394909 9.394909 9.394909 9.394909 9.394909 9.394909 9.394909 9.394909 9.394909 9.394909 9.394909 9.394909 9.394909 9.394909 9.394909 9.394909 9.394909 9.394909 9.394909 9.394909 9.394909 9.394909 9.394909 9.394909 9.394909 9.394909 9.394909 9.394909 9.394909 9.394909 9.394909 9.394909 9.394909 9.394909 9.394909 9.394909 9.394909 9.394909 9.394909 9.394909 9.394909 9.394909 9.394909 9.394909 9.394909 
9.394909 9.394909 9.394909 9.394909 9.394909 9.394909 9.394909 9.394909 9.394909 9.394909 9.394909 9.394909 9.394909 9.394909 9.394909 9.394909 9.394909 9.394909 9.394909 9.394909 9.394909 9.394909 9.394909 9.394909 9.394909 9.394909 9.394909 9.394909 9.394909 9.394909 9.394909 9.394909 9.394909 9.394909 9.394909 9.394909 9.394909 9.394909 9.394909 9.394909 9.394909 9.394909 9.394909 9.394909 9.394909 9.394909 9.394909 9.394909 9.394909 9.394909 9.394909 9.394909 9.394909 9.394909 9.394909 9.394909 9.394909 9.394909 9.394909 9.394909 9.394909 9.394909 9.394909 9.394909 
9.394909 9.394909 9.394909 9.394909 9.394909 9.394909 9.394909 9.394909 9.394909 9.394909 9.394909 9.394909 9.394909 9.394909 9.394909 9.394909 9.394909 9.394909 9.394909 9.394909 9.394909 9.394909 9.394909 9.394909 9.394909 9.394909 9.394909 9.394909 9.394909 9.394909 9.394909 9.394909 9.394909 9.394909 9.394909 9.394909 9.394909 9.394909 9.394909 9.394909 9.394909 9.394909 9.394909 9.394909 9.394909 9.394909 9.394909 9.394909 9.394909 9.394909 9.394909 9.394909 9.394909 9.394909 9.394909 9.394909 9.394909 9.394909 9.394909 9.394909 9.394909 9.394909 9.394909 9.394909 
9.394909 9.394909 9.394909 9.394909 9.394909 9.394909 9.394909 9.394909 9.394909 9.394909 9.394909 9.394909 9.394909 9.394909 9.394909 9.394909 9.394909 9.394909 9.394909 9.394909 9.394909 9.394909 9.394909 9.394909 9.394909 9.394909 9.394909 9.394909 9.394909 9.394909 9.394909 9.394909 9.394909 9.394909 9.394909 9.394909 9.394909 9.394909 9.394909 9.394909 9.394909 9.394909 9.394909 9.394909 9.394909 9.394909 9.394909 9.394909 9.394909 9.394909 9.394909 9.394909 9.394909 9.394909 9.394909 9.394909 9.394909 9.394909 9.394909 9.394909 9.394909 9.394909 9.394909 9.394909 
9.394909 9.394909 9.394909 9.394909 9.394909 9.394909 9.394909 9.394909 9.394909 9.394909 9.394909 9.394909 9.394909 9.394909 9.394909 9.394909 9.394909 9.394909 9.394909 9.394909 9.394909 9.394909 9.394909 9.394909 9.394909 9.394909 9.394909 9.394909 9.394909 9.394909 9.394909 9.394909 9.394909 9.394909 9.394909 9.394909 9.394909 9.394909 9.394909 9.394909 9.394909 9.394909 9.394909 9.394909 9.394909 9.394909 9.394909 9.394909 9.394909 9.394909 9.394909 9.394909 9.394909 9.394909 9.394909 9.394909 9.394909 9.394909 9.394909 9.394909 9.394909 9.394909 9.394909 9.394909 
9.394909 9.394909 9.394909 9.394909 9.394909 9.394909 9.394909 9.394909 9.394909 9.394909 9.394909 9.394909 9.394909 9.394909 9.394909 9.394909 9.394909 9.394909 9.394909 9.394909 9.394909 9.394909 9.394909 9.394909 9.394909 9.394909 9.394909 9.394909 9.394909 9.394909 9.394909 9.394909 9.394909 9.394909 9.394909 9.394909 9.394909 9.394909 9.394909 9.394909 9.394909 9.394909 9.394909 9.394909 9.394909 9.394909 9.394909 9.394909 9.394909 9.394909 9.394909 9.394909 9.394909 9.394909 9.394909 9.394909 9.394909 9.394909 9.394909 9.394909 9.394909 9.394909 9.394909 9.394909 
9.394909 9.394909 9.394909 9.394909 9.394909 9.394909 9.394909 9.394909 9.394909 9.394909 9.394909 9.394909 9.394909 9.394909 9.394909 9.394909 9.394909 9.394909 9.394909 9.394909 9.394909 9.394909 9.394909 9.394909 9.394909 9.394909 9.394909 9.394909 9.394909 9.394909 9.394909 9.394909 9.394909 9.394909 9.394909 9.394909 9.394909 9.394909 9.394909 9.394909 9.394909 9.394909 9.394909 9.394909 9.394909 9.394909 9.394909 9.394909 9.394909 9.394909 9.394909 9.394909 9.394909 9.394909 9.394909 9.394909 9.394909 9.394909 9.394909 9.394909 9.394909 9.394909 9.394909 9.394909 
9.394909 9.394909 9.394909 9.394909 9.394909 9.394909 9.394909 9.394909 9.394909 9.394909 9.394909 9.394909 9.394909 9.394909 9.394909 9.394909 9.394909 9.394909 9.394909 9.394909 9.394909 9.394909 9.394909 9.394909 9.394909 9.394909 9.394909 9.394909 9.394909 9.394909 9.394909 9.394909 9.394909 9.394909 9.394909 9.394909 9.394909 9.394909 9.394909 9.394909 9.394909 9.394909 9.394909 9.394909 9.394909 9.394909 9.394909 9.394909 9.394909 9.394909 9.394909 9.394909 9.394909 9.394909 9.394909 9.394909 9.394909 9.394909 9.394909 9.394909 9.394909 9.394909 9.394909 9.394909 
9.394909 9.394909 9.394909 9.394909 9.394909 9.394909 9.394909 9.394909 9.394909 9.394909 9.394909 9.394909 9.394909 9.394909 9.394909 9.394909 9.394909 9.394909 9.394909 9.394909 9.394909 9.394909 9.394909 9.394909 9.394909 9.394909 9.394909 9.394909 9.394909 9.394909 9.394909 9.394909 9.394909 9.394909 9.394909 9.394909 9.394909 9.394909 9.394909 9.394909 9.394909 9.394909 9.394909 9.394909 9.394909 9.394909 9.394909 9.394909 9.394909 9.394909 9.394909 9.394909 9.394909 9.394909 9.394909 9.394909 9.394909 9.394909 9.394909 9.394909 9.394909 9.394909 9.394909 9.394909 
9.394909 9.394909 9.394909 9.394909 9.394909 9.394909 9.394909 9.394909 9.394909 9.394909 9.394909 9.394909 9.394909 9.394909 9.394909 9.394909 9.394909 9.394909 9.394909 9.394909 9.394909 9.394909 9.394909 9.394909 9.394909 9.394909 9.394909 9.394909 9.394909 9.394909 9.394909 9.394909 9.394909 9.394909 9.394909 9.394909 9.394909 9.394909 9.394909 9.394909 9.394909 9.394909 9.394909 9.394909 9.394909 9.394909 9.394909 9.394909 9.394909 9.394909 9.394909 9.394909 9.394909 9.394909 9.394909 9.394909 9.394909 9.394909 9.394909 9.394909 9.394909 9.394909 9.394909 9.394909 
9.394909 9.394909 9.394909 9.394909 9.394909 9.394909 9.394909 9.394909 9.394909 9.394909 9.394909 9.394909 9.394909 9.394909 9.394909 9.394909 9.394909 9.394909 9.394909 9.394909 9.394909 9.394909 9.394909 9.394909 9.394909 9.394909 9.394909 9.394909 9.394909 9.394909 9.394909 9.394909 9.394909 9.394909 9.394909 9.394909 9.394909 9.394909 9.394909 9.394909 9.394909 9.394909 9.394909 9.394909 9.394909 9.394909 9.394909 9.394909 9.394909 9.394909 9.394909 9.394909 9.394909 9.394909 9.394909 9.394909 9.394909 9.394909 9.394909 9.394909 9.394909 9.394909 9.394909 9.394909 
9.394909 9.394909 9.394909 9.394909 9.394909 9.394909 9.394909 9.394909 9.394909 9.394909 9.394909 9.394909 9.394909 9.394909 9.394909 9.394909 9.394909 9.394909 9.394909 9.394909 9.394909 9.394909 9.394909 9.394909 9.394909 9.394909 9.394909 9.394909 9.394909 9.394909 9.394909 9.394909 9.394909 9.394909 9.394909 9.394909 9.394909 9.394909 9.394909 9.394909 9.394909 9.394909 9.394909 9.394909 9.394909 9.394909 9.394909 9.394909 9.394909 9.394909 9.394909 9.394909 9.394909 9.394909 9.394909 9.394909 9.394909 9.394909 9.394909 9.394909 9.394909 9.394909 9.394909 9.394909 
9.394909 9.394909 9.394909 9.394909 9.394909 9.394909 9.394909 9.394909 9.394909 9.394909 9.394909 9.394909 9.394909 9.394909 9.394909 9.394909 9.394909 9.394909 9.394909 9.394909 9.394909 9.394909 9.394909 9.394909 9.394909 9.394909 9.394909 9.394909 9.394909 9.394909 9.394909 9.394909 9.394909 9.394909 9.394909 9.394909 9.394909 9.394909 9.394909 9.394909 9.394909 9.394909 9.394909 9.394909 9.394909 9.394909 9.394909 9.394909 9.394909 9.394909 9.394909 9.394909 9.394909 9.394909 9.394909 9.394909 9.394909 9.394909 9.394909 9.394909 9.394909 9.394909 9.394909 9.394909 
9.394909 9.394909 9.394909 9.394909 9.394909 9.394909 9.394909 9.394909 9.394909 9.394909 9.394909 9.394909 9.394909 9.394909 9.394909 9.394909 9.394909 9.394909 9.394909 9.394909 9.394909 9.394909 9.394909 9.394909 9.394909 9.394909 9.394909 9.394909 9.394909 9.394909 9.394909 9.394909 9.394909 9.394909 9.394909 9.394909 9.394909 9.394909 9.394909 9.394909 9.394909 9.394909 9.394909 9.394909 9.394909 9.394909 9.394909 9.394909 9.394909 9.394909 9.394909 9.394909 9.394909 9.394909 9.394909 9.394909 9.394909 9.394909 9.394909 9.394909 9.394909 9.394909 9.394909 9.394909 
9.394909 9.394909 9.394909 9.394909 9.394909 9.394909 9.394909 9.394909 9.394909 9.394909 9.394909 9.394909 9.394909 9.394909 9.394909 9.394909 9.394909 9.394909 9.394909 9.394909 9.394909 9.394909 9.394909 9.394909 9.394909 9.394909 9.394909 9.394909 9.394909 9.394909 9.394909 9.394909 9.394909 9.394909 9.394909 9.394909 9.394909 9.394909 9.394909 9.394909 9.394909 9.394909 9.394909 9.394909 9.394909 9.394909 9.394909 9.394909 9.394909 9.394909 9.394909 9.394909 9.394909 9.394909 9.394909 9.394909 9.394909 9.394909 9.394909 9.394909 9.394909 9.394909 9.394909 9.394909 
9.394909 9.394909 9.394909 9.394909 9.394909 9.394909 9.394909 9.394909 9.394909 9.394909 9.394909 9.394909 9.394909 9.394909 9.394909 9.394909 9.394909 9.394909 9.394909 9.394909 9.394909 9.394909 9.394909 9.394909 9.394909 9.394909 9.394909 9.394909 9.394909 9.394909 9.394909 9.394909 9.394909 9.394909 9.394909 9.394909 9.394909 9.394909 9.394909 9.394909 9.394909 9.394909 9.394909 9.394909 9.394909 9.394909 9.394909 9.394909 9.394909 9.394909 9.394909 9.394909 9.394909 9.394909 9.394909 9.394909 9.394909 9.394909 9.394909 9.394909 9.394909 9.394909 9.394909 9.394909 
9.394909 9.394909 9.394909 9.394909 9.394909 9.394909 9.394909 9.394909 9.394909 9.394909 9.394909 9.394909 9.394909 9.394909 9.394909 9.394909 9.394909 9.394909 9.394909 9.394909 9.394909 9.394909 9.394909 9.394909 9.394909 9.394909 9.394909 9.394909 9.394909 9.394909 9.394909 9.394909 9.394909 9.394909 9.394909 9.394909 9.394909 9.394909 9.394909 9.394909 9.394909 9.394909 9.394909 9.394909 9.394909 9.394909 9.394909 9.394909 9.394909 9.394909 9.394909 9.394909 9.394909 9.394909 9.394909 9.394909 9.394909 9.394909 9.394909 9.394909 9.394909 9.394909 9.394909 9.394909 
9.394909 9.394909 9.394909 9.394909 9.394909 9.394909 9.394909 9.394909 9.394909 9.394909 9.394909 9.394909 9.394909 9.394909 9.394909 9.394909 9.394909 9.394909 9.394909 9.394909 9.394909 9.394909 9.394909 9.394909 9.394909 9.394909 9.394909 9.394909 9.394909 9.394909 9.394909 9.394909 9.394909 9.394909 9.394909 9.394909 9.394909 9.394909 9.394909 9.394909 9.394909 9.394909 9.394909 9.394909 9.394909 9.394909 9.394909 9.394909 9.394909 9.394909 9.394909 9.394909 9.394909 9.394909 9.394909 9.394909 9.394909 9.394909 9.394909 9.394909 9.394909 9.394909 9.394909 9.394909 
9.394909 9.394909 9.394909 9.394909 9.394909 9.394909 9.394909 9.394909 9.394909 9.394909 9.394909 9.394909 9.394909 9.394909 9.394909 9.394909 9.394909 9.394909 9.394909 9.394909 9.394909 9.394909 9.394909 9.394909 9.394909 9.394909 9.394909 9.394909 9.394909 9.394909 9.394909 9.394909 9.394909 9.394909 9.394909 9.394909 9.394909 9.394909 9.394909 9.394909 9.394909 9.394909 9.394909 9.394909 9.394909 9.394909 9.394909 9.394909 9.394909 9.394909 9.394909 9.394909 9.394909 9.394909 9.394909 9.394909 9.394909 9.394909 9.394909 9.394909 9.394909 9.394909 9.394909 9.394909 
9.394909 9.394909 9.394909 9.394909 9.394909 9.394909 9.394909 9.394909 9.394909 9.394909 9.394909 9.394909 9.394909 9.394909 9.394909 9.394909 9.394909 9.394909 9.394909 9.394909 9.394909 9.394909 9.394909 9.394909 9.394909 9.394909 9.394909 9.394909 9.394909 9.394909 9.394909 9.394909 9.394909 9.394909 9.394909 9.394909 9.394909 9.394909 9.394909 9.394909 9.394909 9.394909 9.394909 9.394909 9.394909 9.394909 9.394909 9.394909 9.394909 9.394909 9.394909 9.394909 9.394909 9.394909 9.394909 9.394909 9.394909 9.394909 9.394909 9.394909 9.394909 9.394909 9.394909 9.394909 
9.394909 9.394909 9.394909 9.394909 9.394909 9.394909 9.394909 9.394909 9.394909 9.394909 9.394909 9.394909 9.394909 9.394909 9.394909 9.394909 9.394909 9.394909 9.394909 9.394909 9.394909 9.394909 9.394909 9.394909 9.394909 9.394909 9.394909 9.394909 9.394909 9.394909 9.394909 9.394909 9.394909 9.394909 9.394909 9.394909 9.394909 9.394909 9.394909 9.394909 9.394909 9.394909 9.394909 9.394909 9.394909 9.394909 9.394909 9.394909 9.394909 9.394909 9.394909 9.394909 9.394909 9.394909 9.394909 9.394909 9.394909 9.394909 9.394909 9.394909 9.394909 9.394909 9.394909 9.394909 
9.394909 9.394909 9.394909 9.394909 9.394909 9.394909 9.394909 9.394909 9.394909 9.394909 9.394909 9.394909 9.394909 9.394909 9.394909 9.394909 9.394909 9.394909 9.394909 9.394909 9.394909 9.394909 9.394909 9.394909 9.394909 9.394909 9.394909 9.394909 9.394909 9.394909 9.394909 9.394909 9.394909 9.394909 9.394909 9.394909 9.394909 9.394909 9.394909 9.394909 9.394909 9.394909 9.394909 9.394909 9.394909 9.394909 9.394909 9.394909 9.394909 9.394909 9.394909 9.394909 9.394909 9.394909 9.394909 9.394909 9.394909 9.394909 9.394909 9.394909 9.394909 9.394909 9.394909 9.394909 
9.394909 9.394909 9.394909 9.394909 9.394909 9.394909 9.394909 9.394909 9.394909 9.394909 9.394909 9.394909 9.394909 9.394909 9.394909 9.394909 9.394909 9.394909 9.394909 9.394909 9.394909 9.394909 9.394909 9.394909 9.394909 9.394909 9.394909 9.394909 9.394909 9.394909 9.394909 9.394909 9.394909 9.394909 9.394909 9.394909 9.394909 9.394909 9.394909 9.394909 9.394909 9.394909 9.394909 9.394909 9.394909 9.394909 9.394909 9.394909 9.394909 9.394909 9.394909 9.394909 9.394909 9.394909 9.394909 9.394909 9.394909 9.394909 9.394909 9.394909 9.394909 9.394909 9.394909 9.394909 
9.394909 9.394909 9.394909 9.394909 9.394909 9.394909 9.394909 9.394909 9.394909 9.394909 9.394909 9.394909 9.394909 9.394909 9.394909 9.394909 9.394909 9.394909 9.394909 9.394909 9.394909 9.394909 9.394909 9.394909 9.394909 9.394909 9.394909 9.394909 9.394909 9.394909 9.394909 9.394909 9.394909 9.394909 9.394909 9.394909 9.394909 9.394909 9.394909 9.394909 9.394909 9.394909 9.394909 9.394909 9.394909 9.394909 9.394909 9.394909 9.394909 9.394909 9.394909 9.394909 9.394909 9.394909 9.394909 9.394909 9.394909 9.394909 9.394909 9.394909 9.394909 9.394909 9.394909 9.394909 
9.394909 9.394909 9.394909 9.394909 9.394909 9.394909 9.394909 9.394909 9.394909 9.394909 9.394909 9.394909 9.394909 9.394909 9.394909 9.394909 9.394909 9.394909 9.394909 9.394909 9.394909 9.394909 9.394909 9.394909 9.394909 9.394909 9.394909 9.394909 9.394909 9.394909 9.394909 9.394909 9.394909 9.394909 9.394909 9.394909 9.394909 9.394909 9.394909 9.394909 9.394909 9.394909 9.394909 9.394909 9.394909 9.394909 9.394909 9.394909 9.394909 9.394909 9.394909 9.394909 9.394909 9.394909 9.394909 9.394909 9.394909 9.394909 9.394909 9.394909 9.394909 9.394909 9.394909 9.394909 
9.394909 9.394909 9.394909 9.394909 9.394909 9.394909 9.394909 9.394909 9.394909 9.394909 9.394909 9.394909 9.394909 9.394909 9.394909 9.394909 9.394909 9.394909 9.394909 9.394909 9.394909 9.394909 9.394909 9.394909 9.394909 9.394909 9.394909 9.394909 9.394909 9.394909 9.394909 9.394909 9.394909 9.394909 9.394909 9.394909 9.394909 9.394909 9.394909 9.394909 9.394909 9.394909 9.394909 9.394909 9.394909 9.394909 9.394909 9.394909 9.394909 9.394909 9.394909 9.394909 9.394909 9.394909 9.394909 9.394909 9.394909 9.394909 9.394909 9.394909 9.394909 9.394909 9.394909 9.394909 
