3.546071 3.546071 3.546071 3.546071 3.546071 3.546071 3.546071 3.546071 3.546071 3.546071 3.546071 3.546071 3.546071 3.546071 3.546071 3.546071 3.546071 3.546071 3.546071 3.546071 3.546071 3.546071 3.546071 3.546071 3.546071 3.546071 3.546071 3.546071 3.546071 3.546071 3.546071 3.546071 3.546071 3.546071 3.546071 3.546071 3.546071 3.546071 3.546071 3.546071 3.546071 3.546071 3.546071 3.546071 3.546071 3.546071 3.546071 3.546071 3.546071 3.546071 3.546071 3.546071 3.546071 3.546071 3.546071 3.546071 3.546071 3.546071 3.546071 3.546071 3.546071 3.546071 3.546071 3.546071 
3.546071 3.546071 3.546071 3.546071 3.546071 3.546071 3.546071 3.546071 3.546071 3.546071 3.546071 3.546071 3.546071 3.546071 3.546071 3.546071 3.546071 3.546071 3.546071 3.546071 3.546071 3.546071 3.546071 3.546071 3.546071 3.546071 3.546071 3.546071 3.546071 3.546071 3.546071 3.546071 3.546071 3.546071 3.546071 3.546071 3.546071 3.546071 3.546071 3.546071 3.546071 3.546071 3.546071 3.546071 3.546071 3.546071 3.546071 3.546071 3.546071 3.546071 3.546071 3.546071 3.546071 3.546071 3.546071 3.546071 3.546071 3.546071 3.546071 3.546071 3.546071 3.546071 3.546071 3.546071 
3.546071 3.546071 3.546071 3.546071 3.546071 3.546071 3.546071 3.546071 3.546071 3.546071 3.546071 3.546071 3.546071 3.546071 3.546071 3.546071 3.546071 3.546071 3.546071 3.546071 3.546071 3.546071 3.546071 3.546071 3.546071 3.546071 3.546071 3.546071 3.546071 3.546071 3.546071 3.546071 3.546071 3.546071 3.546071 3.546071 3.546071 3.546071 3.546071 3.546071 3.546071 3.546071 3.546071 3.546071 3.546071 3.546071 3.546071 3.546071 3.546071 3.546071 3.546071 3.546071 3.546071 3.546071 3.546071 3.546071 3.546071 3.546071 3.546071 3.546071 3.546071 3.546071 3.546071 3.546071 
3.546071 3.546071 3.546071 3.546071 3.546071 3.546071 3.546071 3.546071 3.546071 3.546071 3.546071 3.546071 3.546071 3.546071 3.546071 3.546071 3.546071 3.546071 3.546071 3.546071 3.546071 3.546071 3.546071 3.546071 3.546071 3.546071 3.546071 3.546071 3.546071 3.546071 3.546071 3.546071 3.546071 3.546071 3.546071 3.546071 3.546071 3.546071 3.546071 3.546071 3.546071 3.546071 3.546071 3.546071 3.546071 3.546071 3.546071 3.546071 3.546071 3.546071 3.546071 3.546071 3.546071 3.546071 3.546071 3.546071 3.546071 3.546071 3.546071 3.546071 3.546071 3.546071 3.546071 3.546071 
3.546071 3.546071 3.546071 3.546071 3.546071 3.546071 3.546071 3.546071 3.546071 3.546071 3.546071 3.546071 3.546071 3.546071 3.546071 3.546071 3.546071 3.546071 3.546071 3.546071 3.546071 3.546071 3.546071 3.546071 3.546071 3.546071 3.546071 3.546071 3.546071 3.546071 3.546071 3.546071 3.546071 3.546071 3.546071 3.546071 3.546071 3.546071 3.546071 3.546071 3.546071 3.546071 3.546071 3.546071 3.546071 3.546071 3.546071 3.546071 3.546071 3.546071 3.546071 3.546071 3.546071 3.546071 3.546071 3.546071 3.546071 3.546071 3.546071 3.546071 3.546071 3.546071 3.546071 3.546071 
3.546071 3.546071 3.546071 3.546071 3.546071 3.546071 3.546071 3.546071 3.546071 3.546071 3.546071 3.546071 3.546071 3.546071 3.546071 3.546071 3.546071 3.546071 3.546071 3.546071 3.546071 3.546071 3.546071 3.546071 3.546071 3.546071 3.546071 3.546071 3.546071 3.546071 3.546071 3.546071 3.546071 3.546071 3.546071 3.546071 3.546071 3.546071 3.546071 3.546071 3.546071 3.546071 3.546071 3.546071 3.546071 3.546071 3.546071 3.546071 3.546071 3.546071 3.546071 3.546071 3.546071 3.546071 3.546071 3.546071 3.546071 3.546071 3.546071 3.546071 3.546071 3.546071 3.546071 3.546071 
3.546071 3.546071 3.546071 3.546071 3.546071 3.546071 3.546071 3.546071 3.546071 3.546071 3.546071 3.546071 3.546071 3.546071 3.546071 3.546071 3.546071 3.546071 3.546071 3.546071 3.546071 3.546071 3.546071 3.546071 3.546071 3.546071 3.546071 3.546071 3.546071 3.546071 3.546071 3.546071 3.546071 3.546071 3.546071 3.546071 3.546071 3.546071 3.546071 3.546071 3.546071 3.546071 3.546071 3.546071 3.546071 3.546071 3.546071 3.546071 3.546071 3.546071 3.546071 3.546071 3.546071 3.546071 3.546071 3.546071 3.546071 3.546071 3.546071 3.546071 3.546071 3.546071 3.546071 3.546071 
3.546071 3.546071 3.546071 3.546071 3.546071 3.546071 3.546071 3.546071 3.546071 3.546071 3.546071 3.546071 3.546071 3.546071 3.546071 3.546071 3.546071 3.546071 3.546071 3.546071 3.546071 3.546071 3.546071 3.546071 3.546071 3.546071 3.546071 3.546071 3.546071 3.546071 3.546071 3.546071 3.546071 3.546071 3.546071 3.546071 3.546071 3.546071 3.546071 3.546071 3.546071 3.546071 3.546071 3.546071 3.546071 3.546071 3.546071 3.546071 3.546071 3.546071 3.546071 3.546071 3.546071 3.546071 3.546071 3.546071 3.546071 3.546071 3.546071 3.546071 3.546071 3.546071 3.546071 3.546071 
3.546071 3.546071 3.546071 3.546071 3.546071 3.546071 3.546071 3.546071 3.546071 3.546071 3.546071 3.546071 3.546071 3.546071 3.546071 3.546071 3.546071 3.546071 3.546071 3.546071 3.546071 3.546071 3.546071 3.546071 3.546071 3.546071 3.546071 3.546071 3.546071 3.546071 3.546071 3.546071 3.546071 3.546071 3.546071 3.546071 3.546071 3.546071 3.546071 3.546071 3.546071 3.546071 3.546071 3.546071 3.546071 3.546071 3.546071 3.546071 3.546071 3.546071 3.546071 3.546071 3.546071 3.546071 3.546071 3.546071 3.546071 3.546071 3.546071 3.546071 3.546071 3.546071 3.546071 3.546071 
3.546071 3.546071 3.546071 3.546071 3.546071 3.546071 3.546071 3.546071 3.546071 3.546071 3.546071 3.546071 3.546071 3.546071 3.546071 3.546071 3.546071 3.546071 3.546071 3.546071 3.546071 3.546071 3.546071 3.546071 3.546071 3.546071 3.546071 3.546071 3.546071 3.546071 3.546071 3.546071 3.546071 3.546071 3.546071 3.546071 3.546071 3.546071 3.546071 3.546071 3.546071 3.546071 3.546071 3.546071 3.546071 3.546071 3.546071 3.546071 3.546071 3.546071 3.546071 3.546071 3.546071 3.546071 3.546071 3.546071 3.546071 3.546071 3.546071 3.546071 3.546071 3.546071 3.546071 3.546071 
3.546071 3.546071 3.546071 3.546071 3.546071 3.546071 3.546071 3.546071 3.546071 3.546071 3.546071 3.546071 3.546071 3.546071 3.546071 3.546071 3.546071 3.546071 3.546071 3.546071 3.546071 3.546071 3.546071 3.546071 3.546071 3.546071 3.546071 3.546071 3.546071 3.546071 3.546071 3.546071 3.546071 3.546071 3.546071 3.546071 3.546071 3.546071 3.546071 3.546071 3.546071 3.546071 3.546071 3.546071 3.546071 3.546071 3.546071 3.546071 3.546071 3.546071 3.546071 3.546071 3.546071 3.546071 3.546071 3.546071 3.546071 3.546071 3.546071 3.546071 3.546071 3.546071 3.546071 3.546071 
3.546071 3.546071 3.546071 3.546071 3.546071 3.546071 3.546071 3.546071 3.546071 3.546071 3.546071 3.546071 3.546071 3.546071 3.546071 3.546071 3.546071 3.546071 3.546071 3.546071 3.546071 3.546071 3.546071 3.546071 3.546071 3.546071 3.546071 3.546071 3.546071 3.546071 3.546071 3.546071 3.546071 3.546071 3.546071 3.546071 3.546071 3.546071 3.546071 3.546071 3.546071 3.546071 3.546071 3.546071 3.546071 3.546071 3.546071 3.546071 3.546071 3.546071 3.546071 3.546071 3.546071 3.546071 3.546071 3.546071 3.546071 3.546071 3.546071 3.546071 3.546071 3.546071 3.546071 3.546071 
3.546071 3.546071 3.546071 3.546071 3.546071 3.546071 3.546071 3.546071 3.546071 3.546071 3.546071 3.546071 3.546071 3.546071 3.546071 3.546071 3.546071 3.546071 3.546071 3.546071 3.546071 3.546071 3.546071 3.546071 3.546071 3.546071 3.546071 3.546071 3.546071 3.546071 3.546071 3.546071 3.546071 3.546071 3.546071 3.546071 3.546071 3.546071 3.546071 3.546071 3.546071 3.546071 3.546071 3.546071 3.546071 3.546071 3.546071 3.546071 3.546071 3.546071 3.546071 3.546071 3.546071 3.546071 3.546071 3.546071 3.546071 3.546071 3.546071 3.546071 3.546071 3.546071 3.546071 3.546071 
3.546071 3.546071 3.546071 3.546071 3.546071 3.546071 3.546071 3.546071 3.546071 3.546071 3.546071 3.546071 3.546071 3.546071 3.546071 3.546071 3.546071 3.546071 3.546071 3.546071 3.546071 3.546071 3.546071 3.546071 3.546071 3.546071 3.546071 3.546071 3.546071 3.546071 3.546071 3.546071 3.546071 3.546071 3.546071 3.546071 3.546071 3.546071 3.546071 3.546071 3.546071 3.546071 3.546071 3.546071 3.546071 3.546071 3.546071 3.546071 3.546071 3.546071 3.546071 3.546071 3.546071 3.546071 3.546071 3.546071 3.546071 3.546071 3.546071 3.546071 3.546071 3.546071 3.546071 3.546071 
3.546071 3.546071 3.546071 3.546071 3.546071 3.546071 3.546071 3.546071 3.546071 3.546071 3.546071 3.546071 3.546071 3.546071 3.546071 3.546071 3.546071 3.546071 3.546071 3.546071 3.546071 3.546071 3.546071 3.546071 3.546071 3.546071 3.546071 3.546071 3.546071 3.546071 3.546071 3.546071 3.546071 3.546071 3.546071 3.546071 3.546071 3.546071 3.546071 3.546071 3.546071 3.546071 3.546071 3.546071 3.546071 3.546071 3.546071 3.546071 3.546071 3.546071 3.546071 3.546071 3.546071 3.546071 3.546071 3.546071 3.546071 3.546071 3.546071 3.546071 3.546071 3.546071 3.546071 3.546071 
3.546071 3.546071 3.546071 3.546071 3.546071 3.546071 3.546071 3.546071 3.546071 3.546071 3.546071 3.546071 3.546071 3.546071 3.546071 3.546071 3.546071 3.546071 3.546071 3.546071 3.546071 3.546071 3.546071 3.546071 3.546071 3.546071 3.546071 3.546071 3.546071 3.546071 3.546071 3.546071 3.546071 3.546071 3.546071 3.546071 3.546071 3.546071 3.546071 3.546071 3.546071 3.546071 3.546071 3.546071 3.546071 3.546071 3.546071 3.546071 3.546071 3.546071 3.546071 3.546071 3.546071 3.546071 3.546071 3.546071 3.546071 3.546071 3.546071 3.546071 3.546071 3.546071 3.546071 3.546071 
3.546071 3.546071 3.546071 3.546071 3.546071 3.546071 3.546071 3.546071 3.546071 3.546071 3.546071 3.546071 3.546071 3.546071 3.546071 3.546071 3.546071 3.546071 3.546071 3.546071 3.546071 3.546071 3.546071 3.546071 3.546071 3.546071 3.546071 3.546071 3.546071 3.546071 3.546071 3.546071 3.546071 3.546071 3.546071 3.546071 3.546071 3.546071 3.546071 3.546071 3.546071 3.546071 3.546071 3.546071 3.546071 3.546071 3.546071 3.546071 3.546071 3.546071 3.546071 3.546071 3.546071 3.546071 3.546071 3.546071 3.546071 3.546071 3.546071 3.546071 3.546071 3.546071 3.546071 3.546071 
3.546071 3.546071 3.546071 3.546071 3.546071 3.546071 3.546071 3.546071 3.546071 3.546071 3.546071 3.546071 3.546071 3.546071 3.546071 3.546071 3.546071 3.546071 3.546071 3.546071 3.546071 3.546071 3.546071 3.546071 3.546071 3.546071 3.546071 3.546071 3.546071 3.546071 3.546071 3.546071 3.546071 3.546071 3.546071 3.546071 3.546071 3.546071 3.546071 3.546071 3.546071 3.546071 3.546071 3.546071 3.546071 3.546071 3.546071 3.546071 3.546071 3.546071 3.546071 3.546071 3.546071 3.546071 3.546071 3.546071 3.546071 3.546071 3.546071 3.546071 3.546071 3.546071 3.546071 3.546071 
3.546071 3.546071 3.546071 3.546071 3.546071 3.546071 3.546071 3.546071 3.546071 3.546071 3.546071 3.546071 3.546071 3.546071 3.546071 3.546071 3.546071 3.546071 3.546071 3.546071 3.546071 3.546071 3.546071 3.546071 3.546071 3.546071 3.546071 3.546071 3.546071 3.546071 3.546071 3.546071 3.546071 3.546071 3.546071 3.546071 3.546071 3.546071 3.546071 3.546071 3.546071 3.546071 3.546071 3.546071 3.546071 3.546071 3.546071 3.546071 3.546071 3.546071 3.546071 3.546071 3.546071 3.546071 3.546071 3.546071 3.546071 3.546071 3.546071 3.546071 3.546071 3.546071 3.546071 3.546071 
3.546071 3.546071 3.546071 3.546071 3.546071 3.546071 3.546071 3.546071 3.546071 3.546071 3.546071 3.546071 3.546071 3.546071 3.546071 3.546071 3.546071 3.546071 3.546071 3.546071 3.546071 3.546071 3.546071 3.546071 3.546071 3.546071 3.546071 3.546071 3.546071 3.546071 3.546071 3.546071 3.546071 3.546071 3.546071 3.546071 3.546071 3.546071 3.546071 3.546071 3.546071 3.546071 3.546071 3.546071 3.546071 3.546071 3.546071 3.546071 3.546071 3.546071 3.546071 3.546071 3.546071 3.546071 3.546071 3.546071 3.546071 3.546071 3.546071 3.546071 3.546071 3.546071 3.546071 3.546071 
3.546071 3.546071 3.546071 3.546071 3.546071 3.546071 3.546071 3.546071 3.546071 3.546071 3.546071 3.546071 3.546071 3.546071 3.546071 3.546071 3.546071 3.546071 3.546071 3.546071 3.546071 3.546071 3.546071 3.546071 3.546071 3.546071 3.546071 3.546071 3.546071 3.546071 3.546071 3.546071 3.546071 3.546071 3.546071 3.546071 3.546071 3.546071 3.546071 3.546071 3.546071 3.546071 3.546071 3.546071 3.546071 3.546071 3.546071 3.546071 3.546071 3.546071 3.546071 3.546071 3.546071 3.546071 3.546071 3.546071 3.546071 3.546071 3.546071 3.546071 3.546071 3.546071 3.546071 3.546071 
3.546071 3.546071 3.546071 3.546071 3.546071 3.546071 3.546071 3.546071 3.546071 3.546071 3.546071 3.546071 3.546071 3.546071 3.546071 3.546071 3.546071 3.546071 3.546071 3.546071 3.546071 3.546071 3.546071 3.546071 3.546071 3.546071 3.546071 3.546071 3.546071 3.546071 3.546071 3.546071 3.546071 3.546071 3.546071 3.546071 3.546071 3.546071 3.546071 3.546071 3.546071 3.546071 3.546071 3.546071 3.546071 3.546071 3.546071 3.546071 3.546071 3.546071 3.546071 3.546071 3.546071 3.546071 3.546071 3.546071 3.546071 3.546071 3.546071 3.546071 3.546071 3.546071 3.546071 3.546071 
3.546071 3.546071 3.546071 3.546071 3.546071 3.546071 3.546071 3.546071 3.546071 3.546071 3.546071 3.546071 3.546071 3.546071 3.546071 3.546071 3.546071 3.546071 3.546071 3.546071 3.546071 3.546071 3.546071 3.546071 3.546071 3.546071 3.546071 3.546071 3.546071 3.546071 3.546071 3.546071 3.546071 3.546071 3.546071 3.546071 3.546071 3.546071 3.546071 3.546071 3.546071 3.546071 3.546071 3.546071 3.546071 3.546071 3.546071 3.546071 3.546071 3.546071 3.546071 3.546071 3.546071 3.546071 3.546071 3.546071 3.546071 3.546071 3.546071 3.546071 3.546071 3.546071 3.546071 3.546071 
3.546071 3.546071 3.546071 3.546071 3.546071 3.546071 3.546071 3.546071 3.546071 3.546071 3.546071 3.546071 3.546071 3.546071 3.546071 3.546071 3.546071 3.546071 3.546071 3.546071 3.546071 3.546071 3.546071 3.546071 3.546071 3.546071 3.546071 3.546071 3.546071 3.546071 3.546071 3.546071 3.546071 3.546071 3.546071 3.546071 3.546071 3.546071 3.546071 3.546071 3.546071 3.546071 3.546071 3.546071 3.546071 3.546071 3.546071 3.546071 3.546071 3.546071 3.546071 3.546071 3.546071 3.546071 3.546071 3.546071 3.546071 3.546071 3.546071 3.546071 3.546071 3.546071 3.546071 3.546071 
3.546071 3.546071 3.546071 3.546071 3.546071 3.546071 3.546071 3.546071 3.546071 3.546071 3.546071 3.546071 3.546071 3.546071 3.546071 3.546071 3.546071 3.546071 3.546071 3.546071 3.546071 3.546071 3.546071 3.546071 3.546071 3.546071 3.546071 3.546071 3.546071 3.546071 3.546071 3.546071 3.546071 3.546071 3.546071 3.546071 3.546071 3.546071 3.546071 3.546071 3.546071 3.546071 3.546071 3.546071 3.546071 3.546071 3.546071 3.546071 3.546071 3.546071 3.546071 3.546071 3.546071 3.546071 3.546071 3.546071 3.546071 3.546071 3.546071 3.546071 3.546071 3.546071 3.546071 3.546071 
3.546071 3.546071 3.546071 3.546071 3.546071 3.546071 3.546071 3.546071 3.546071 3.546071 3.546071 3.546071 3.546071 3.546071 3.546071 3.546071 3.546071 3.546071 3.546071 3.546071 3.546071 3.546071 3.546071 3.546071 3.546071 3.546071 3.546071 3.546071 3.546071 3.546071 3.546071 3.546071 3.546071 3.546071 3.546071 3.546071 3.546071 3.546071 3.546071 3.546071 3.546071 3.546071 3.546071 3.546071 3.546071 3.546071 3.546071 3.546071 3.546071 3.546071 3.546071 3.546071 3.546071 3.546071 3.546071 3.546071 3.546071 3.546071 3.546071 3.546071 3.546071 3.546071 3.546071 3.546071 
3.546071 3.546071 3.546071 3.546071 3.546071 3.546071 3.546071 3.546071 3.546071 3.546071 3.546071 3.546071 3.546071 3.546071 3.546071 3.546071 3.546071 3.546071 3.546071 3.546071 3.546071 3.546071 3.546071 3.546071 3.546071 3.546071 3.546071 3.546071 3.546071 3.546071 3.546071 3.546071 3.546071 3.546071 3.546071 3.546071 3.546071 3.546071 3.546071 3.546071 3.546071 3.546071 3.546071 3.546071 3.546071 3.546071 3.546071 3.546071 3.546071 3.546071 3.546071 3.546071 3.546071 3.546071 3.546071 3.546071 3.546071 3.546071 3.546071 3.546071 3.546071 3.546071 3.546071 3.546071 
3.546071 3.546071 3.546071 3.546071 3.546071 3.546071 3.546071 3.546071 3.546071 3.546071 3.546071 3.546071 3.546071 3.546071 3.546071 3.546071 3.546071 3.546071 3.546071 3.546071 3.546071 3.546071 3.546071 3.546071 3.546071 3.546071 3.546071 3.546071 3.546071 3.546071 3.546071 3.546071 3.546071 3.546071 3.546071 3.546071 3.546071 3.546071 3.546071 3.546071 3.546071 3.546071 3.546071 3.546071 3.546071 3.546071 3.546071 3.546071 3.546071 3.546071 3.546071 3.546071 3.546071 3.546071 3.546071 3.546071 3.546071 3.546071 3.546071 3.546071 3.546071 3.546071 3.546071 3.546071 
3.546071 3.546071 3.546071 3.546071 3.546071 3.546071 3.546071 3.546071 3.546071 3.546071 3.546071 3.546071 3.546071 3.546071 3.546071 3.546071 3.546071 3.546071 3.546071 3.546071 3.546071 3.546071 3.546071 3.546071 3.546071 3.546071 3.546071 3.546071 3.546071 3.546071 3.546071 3.546071 3.546071 3.546071 3.546071 3.546071 3.546071 3.546071 3.546071 3.546071 3.546071 3.546071 3.546071 3.546071 3.546071 3.546071 3.546071 3.546071 3.546071 3.546071 3.546071 3.546071 3.546071 3.546071 3.546071 3.546071 3.546071 3.546071 3.546071 3.546071 3.546071 3.546071 3.546071 3.546071 
3.546071 3.546071 3.546071 3.546071 3.546071 3.546071 3.546071 3.546071 3.546071 3.546071 3.546071 3.546071 3.546071 3.546071 3.546071 3.546071 3.546071 3.546071 3.546071 3.546071 3.546071 3.546071 3.546071 3.546071 3.546071 3.546071 3.546071 3.546071 3.546071 3.546071 3.546071 3.546071 3.546071 3.546071 3.546071 3.546071 3.546071 3.546071 3.546071 3.546071 3.546071 3.546071 3.546071 3.546071 3.546071 3.546071 3.546071 3.546071 3.546071 3.546071 3.546071 3.546071 3.546071 3.546071 3.546071 3.546071 3.546071 3.546071 3.546071 3.546071 3.546071 3.546071 3.546071 3.546071 
3.546071 3.546071 3.546071 3.546071 3.546071 3.546071 3.546071 3.546071 3.546071 3.546071 3.546071 3.546071 3.546071 3.546071 3.546071 3.546071 3.546071 3.546071 3.546071 3.546071 3.546071 3.546071 3.546071 3.546071 3.546071 3.546071 3.546071 3.546071 3.546071 3.546071 3.546071 3.546071 3.546071 3.546071 3.546071 3.546071 3.546071 3.546071 3.546071 3.546071 3.546071 3.546071 3.546071 3.546071 3.546071 3.546071 3.546071 3.546071 3.546071 3.546071 3.546071 3.546071 3.546071 3.546071 3.546071 3.546071 3.546071 3.546071 3.546071 3.546071 3.546071 3.546071 3.546071 3.546071 
3.546071 3.546071 3.546071 3.546071 3.546071 3.546071 3.546071 3.546071 3.546071 3.546071 3.546071 3.546071 3.546071 3.546071 3.546071 3.546071 3.546071 3.546071 3.546071 3.546071 3.546071 3.546071 3.546071 3.546071 3.546071 3.546071 3.546071 3.546071 3.546071 3.546071 3.546071 3.546071 3.546071 3.546071 3.546071 3.546071 3.546071 3.546071 3.546071 3.546071 3.546071 3.546071 3.546071 3.546071 3.546071 3.546071 3.546071 3.546071 3.546071 3.546071 3.546071 3.546071 3.546071 3.546071 3.546071 3.546071 3.546071 3.546071 3.546071 3.546071 3.546071 3.546071 3.546071 3.546071 
3.546071 3.546071 3.546071 3.546071 3.546071 3.546071 3.546071 3.546071 3.546071 3.546071 3.546071 3.546071 3.546071 3.546071 3.546071 3.546071 3.546071 3.546071 3.546071 3.546071 3.546071 3.546071 3.546071 3.546071 3.546071 3.546071 3.546071 3.546071 3.546071 3.546071 3.546071 3.546071 3.546071 3.546071 3.546071 3.546071 3.546071 3.546071 3.546071 3.546071 3.546071 3.546071 3.546071 3.546071 3.546071 3.546071 3.546071 3.546071 3.546071 3.546071 3.546071 3.546071 3.546071 3.546071 3.546071 3.546071 3.546071 3.546071 3.546071 3.546071 3.546071 3.546071 3.546071 3.546071 
3.546071 3.546071 3.546071 3.546071 3.546071 3.546071 3.546071 3.546071 3.546071 3.546071 3.546071 3.546071 3.546071 3.546071 3.546071 3.546071 3.546071 3.546071 3.546071 3.546071 3.546071 3.546071 3.546071 3.546071 3.546071 3.546071 3.546071 3.546071 3.546071 3.546071 3.546071 3.546071 3.546071 3.546071 3.546071 3.546071 3.546071 3.546071 3.546071 3.546071 3.546071 3.546071 3.546071 3.546071 3.546071 3.546071 3.546071 3.546071 3.546071 3.546071 3.546071 3.546071 3.546071 3.546071 3.546071 3.546071 3.546071 3.546071 3.546071 3.546071 3.546071 3.546071 3.546071 3.546071 
3.546071 3.546071 3.546071 3.546071 3.546071 3.546071 3.546071 3.546071 3.546071 3.546071 3.546071 3.546071 3.546071 3.546071 3.546071 3.546071 3.546071 3.546071 3.546071 3.546071 3.546071 3.546071 3.546071 3.546071 3.546071 3.546071 3.546071 3.546071 3.546071 3.546071 3.546071 3.546071 3.546071 3.546071 3.546071 3.546071 3.546071 3.546071 3.546071 3.546071 3.546071 3.546071 3.546071 3.546071 3.546071 3.546071 3.546071 3.546071 3.546071 3.546071 3.546071 3.546071 3.546071 3.546071 3.546071 3.546071 3.546071 3.546071 3.546071 3.546071 3.546071 3.546071 3.546071 3.546071 
3.546071 3.546071 3.546071 3.546071 3.546071 3.546071 3.546071 3.546071 3.546071 3.546071 3.546071 3.546071 3.546071 3.546071 3.546071 3.546071 3.546071 3.546071 3.546071 3.546071 3.546071 3.546071 3.546071 3.546071 3.546071 3.546071 3.546071 3.546071 3.546071 3.546071 3.546071 3.546071 3.546071 3.546071 3.546071 3.546071 3.546071 3.546071 3.546071 3.546071 3.546071 3.546071 3.546071 3.546071 3.546071 3.546071 3.546071 3.546071 3.546071 3.546071 3.546071 3.546071 3.546071 3.546071 3.546071 3.546071 3.546071 3.546071 3.546071 3.546071 3.546071 3.546071 3.546071 3.546071 
3.546071 3.546071 3.546071 3.546071 3.546071 3.546071 3.546071 3.546071 3.546071 3.546071 3.546071 3.546071 3.546071 3.546071 3.546071 3.546071 3.546071 3.546071 3.546071 3.546071 3.546071 3.546071 3.546071 3.546071 3.546071 3.546071 3.546071 3.546071 3.546071 3.546071 3.546071 3.546071 3.546071 3.546071 3.546071 3.546071 3.546071 3.546071 3.546071 3.546071 3.546071 3.546071 3.546071 3.546071 3.546071 3.546071 3.546071 3.546071 3.546071 3.546071 3.546071 3.546071 3.546071 3.546071 3.546071 3.546071 3.546071 3.546071 3.546071 3.546071 3.546071 3.546071 3.546071 3.546071 
3.546071 3.546071 3.546071 3.546071 3.546071 3.546071 3.546071 3.546071 3.546071 3.546071 3.546071 3.546071 3.546071 3.546071 3.546071 3.546071 3.546071 3.546071 3.546071 3.546071 3.546071 3.546071 3.546071 3.546071 3.546071 3.546071 3.546071 3.546071 3.546071 3.546071 3.546071 3.546071 3.546071 3.546071 3.546071 3.546071 3.546071 3.546071 3.546071 3.546071 3.546071 3.546071 3.546071 3.546071 3.546071 3.546071 3.546071 3.546071 3.546071 3.546071 3.546071 3.546071 3.546071 3.546071 3.546071 3.546071 3.546071 3.546071 3.546071 3.546071 3.546071 3.546071 3.546071 3.546071 
3.546071 3.546071 3.546071 3.546071 3.546071 3.546071 3.546071 3.546071 3.546071 3.546071 3.546071 3.546071 3.546071 3.546071 3.546071 3.546071 3.546071 3.546071 3.546071 3.546071 3.546071 3.546071 3.546071 3.546071 3.546071 3.546071 3.546071 3.546071 3.546071 3.546071 3.546071 3.546071 3.546071 3.546071 3.546071 3.546071 3.546071 3.546071 3.546071 3.546071 3.546071 3.546071 3.546071 3.546071 3.546071 3.546071 3.546071 3.546071 3.546071 3.546071 3.546071 3.546071 3.546071 3.546071 3.546071 3.546071 3.546071 3.546071 3.546071 3.546071 3.546071 3.546071 3.546071 3.546071 
3.546071 3.546071 3.546071 3.546071 3.546071 3.546071 3.546071 3.546071 3.546071 3.546071 3.546071 3.546071 3.546071 3.546071 3.546071 3.546071 3.546071 3.546071 3.546071 3.546071 3.546071 3.546071 3.546071 3.546071 3.546071 3.546071 3.546071 3.546071 3.546071 3.546071 3.546071 3.546071 3.546071 3.546071 3.546071 3.546071 3.546071 3.546071 3.546071 3.546071 3.546071 3.546071 3.546071 3.546071 3.546071 3.546071 3.546071 3.546071 3.546071 3.546071 3.546071 3.546071 3.546071 3.546071 3.546071 3.546071 3.546071 3.546071 3.546071 3.546071 3.546071 3.546071 3.546071 3.546071 
3.546071 3.546071 3.546071 3.546071 3.546071 3.546071 3.546071 3.546071 3.546071 3.546071 3.546071 3.546071 3.546071 3.546071 3.546071 3.546071 3.546071 3.546071 3.546071 3.546071 3.546071 3.546071 3.546071 3.546071 3.546071 3.546071 3.546071 3.546071 3.546071 3.546071 3.546071 3.546071 3.546071 3.546071 3.546071 3.546071 3.546071 3.546071 3.546071 3.546071 3.546071 3.546071 3.546071 3.546071 3.546071 3.546071 3.546071 3.546071 3.546071 3.546071 3.546071 3.546071 3.546071 3.546071 3.546071 3.546071 3.546071 3.546071 3.546071 3.546071 3.546071 3.546071 3.546071 3.546071 
3.546071 3.546071 3.546071 3.546071 3.546071 3.546071 3.546071 3.546071 3.546071 3.546071 3.546071 3.546071 3.546071 3.546071 3.546071 3.546071 3.546071 3.546071 3.546071 3.546071 3.546071 3.546071 3.546071 3.546071 3.546071 3.546071 3.546071 3.546071 3.546071 3.546071 3.546071 3.546071 3.546071 3.546071 3.546071 3.546071 3.546071 3.546071 3.546071 3.546071 3.546071 3.546071 3.546071 3.546071 3.546071 3.546071 3.546071 3.546071 3.546071 3.546071 3.546071 3.546071 3.546071 3.546071 3.546071 3.546071 3.546071 3.546071 3.546071 3.546071 3.546071 3.546071 3.546071 3.546071 
3.546071 3.546071 3.546071 3.546071 3.546071 3.546071 3.546071 3.546071 3.546071 3.546071 3.546071 3.546071 3.546071 3.546071 3.546071 3.546071 3.546071 3.546071 3.546071 3.546071 3.546071 3.546071 3.546071 3.546071 3.546071 3.546071 3.546071 3.546071 3.546071 3.546071 3.546071 3.546071 3.546071 3.546071 3.546071 3.546071 3.546071 3.546071 3.546071 3.546071 3.546071 3.546071 3.546071 3.546071 3.546071 3.546071 3.546071 3.546071 3.546071 3.546071 3.546071 3.546071 3.546071 3.546071 3.546071 3.546071 3.546071 3.546071 3.546071 3.546071 3.546071 3.546071 3.546071 3.546071 
3.546071 3.546071 3.546071 3.546071 3.546071 3.546071 3.546071 3.546071 3.546071 3.546071 3.546071 3.546071 3.546071 3.546071 3.546071 3.546071 3.546071 3.546071 3.546071 3.546071 3.546071 3.546071 3.546071 3.546071 3.546071 3.546071 3.546071 3.546071 3.546071 3.546071 3.546071 3.546071 3.546071 3.546071 3.546071 3.546071 3.546071 3.546071 3.546071 3.546071 3.546071 3.546071 3.546071 3.546071 3.546071 3.546071 3.546071 3.546071 3.546071 3.546071 3.546071 3.546071 3.546071 3.546071 3.546071 3.546071 3.546071 3.546071 3.546071 3.546071 3.546071 3.546071 3.546071 3.546071 
3.546071 3.546071 3.546071 3.546071 3.546071 3.546071 3.546071 3.546071 3.546071 3.546071 3.546071 3.546071 3.546071 3.546071 3.546071 3.546071 3.546071 3.546071 3.546071 3.546071 3.546071 3.546071 3.546071 3.546071 3.546071 3.546071 3.546071 3.546071 3.546071 3.546071 3.546071 3.546071 3.546071 3.546071 3.546071 3.546071 3.546071 3.546071 3.546071 3.546071 3.546071 3.546071 3.546071 3.546071 3.546071 3.546071 3.546071 3.546071 3.546071 3.546071 3.546071 3.546071 3.546071 3.546071 3.546071 3.546071 3.546071 3.546071 3.546071 3.546071 3.546071 3.546071 3.546071 3.546071 
3.546071 3.546071 3.546071 3.546071 3.546071 3.546071 3.546071 3.546071 3.546071 3.546071 3.546071 3.546071 3.546071 3.546071 3.546071 3.546071 3.546071 3.546071 3.546071 3.546071 3.546071 3.546071 3.546071 3.546071 3.546071 3.546071 3.546071 3.546071 3.546071 3.546071 3.546071 3.546071 3.546071 3.546071 3.546071 3.546071 3.546071 3.546071 3.546071 3.546071 3.546071 3.546071 3.546071 3.546071 3.546071 3.546071 3.546071 3.546071 3.546071 3.546071 3.546071 3.546071 3.546071 3.546071 3.546071 3.546071 3.546071 3.546071 3.546071 3.546071 3.546071 3.546071 3.546071 3.546071 
3.546071 3.546071 3.546071 3.546071 3.546071 3.546071 3.546071 3.546071 3.546071 3.546071 3.546071 3.546071 3.546071 3.546071 3.546071 3.546071 3.546071 3.546071 3.546071 3.546071 3.546071 3.546071 3.546071 3.546071 3.546071 3.546071 3.546071 3.546071 3.546071 3.546071 3.546071 3.546071 3.546071 3.546071 3.546071 3.546071 3.546071 3.546071 3.546071 3.546071 3.546071 3.546071 3.546071 3.546071 3.546071 3.546071 3.546071 3.546071 3.546071 3.546071 3.546071 3.546071 3.546071 3.546071 3.546071 3.546071 3.546071 3.546071 3.546071 3.546071 3.546071 3.546071 3.546071 3.546071 
3.546071 3.546071 3.546071 3.546071 3.546071 3.546071 3.546071 3.546071 3.546071 3.546071 3.546071 3.546071 3.546071 3.546071 3.546071 3.546071 3.546071 3.546071 3.546071 3.546071 3.546071 3.546071 3.546071 3.546071 3.546071 3.546071 3.546071 3.546071 3.546071 3.546071 3.546071 3.546071 3.546071 3.546071 3.546071 3.546071 3.546071 3.546071 3.546071 3.546071 3.546071 3.546071 3.546071 3.546071 3.546071 3.546071 3.546071 3.546071 3.546071 3.546071 3.546071 3.546071 3.546071 3.546071 3.546071 3.546071 3.546071 3.546071 3.546071 3.546071 3.546071 3.546071 3.546071 3.546071 
3.546071 3.546071 3.546071 3.546071 3.546071 3.546071 3.546071 3.546071 3.546071 3.546071 3.546071 3.546071 3.546071 3.546071 3.546071 3.546071 3.546071 3.546071 3.546071 3.546071 3.546071 3.546071 3.546071 3.546071 3.546071 3.546071 3.546071 3.546071 3.546071 3.546071 3.546071 3.546071 3.546071 3.546071 3.546071 3.546071 3.546071 3.546071 3.546071 3.546071 3.546071 3.546071 3.546071 3.546071 3.546071 3.546071 3.546071 3.546071 3.546071 3.546071 3.546071 3.546071 3.546071 3.546071 3.546071 3.546071 3.546071 3.546071 3.546071 3.546071 3.546071 3.546071 3.546071 3.546071 
3.546071 3.546071 3.546071 3.546071 3.546071 3.546071 3.546071 3.546071 3.546071 3.546071 3.546071 3.546071 3.546071 3.546071 3.546071 3.546071 3.546071 3.546071 3.546071 3.546071 3.546071 3.546071 3.546071 3.546071 3.546071 3.546071 3.546071 3.546071 3.546071 3.546071 3.546071 3.546071 3.546071 3.546071 3.546071 3.546071 3.546071 3.546071 3.546071 3.546071 3.546071 3.546071 3.546071 3.546071 3.546071 3.546071 3.546071 3.546071 3.546071 3.546071 3.546071 3.546071 3.546071 3.546071 3.546071 3.546071 3.546071 3.546071 3.546071 3.546071 3.546071 3.546071 3.546071 3.546071 
3.546071 3.546071 3.546071 3.546071 3.546071 3.546071 3.546071 3.546071 3.546071 3.546071 3.546071 3.546071 3.546071 3.546071 3.546071 3.546071 3.546071 3.546071 3.546071 3.546071 3.546071 3.546071 3.546071 3.546071 3.546071 3.546071 3.546071 3.546071 3.546071 3.546071 3.546071 3.546071 3.546071 3.546071 3.546071 3.546071 3.546071 3.546071 3.546071 3.546071 3.546071 3.546071 3.546071 3.546071 3.546071 3.546071 3.546071 3.546071 3.546071 3.546071 3.546071 3.546071 3.546071 3.546071 3.546071 3.546071 3.546071 3.546071 3.546071 3.546071 3.546071 3.546071 3.546071 3.546071 
3.546071 3.546071 3.546071 3.546071 3.546071 3.546071 3.546071 3.546071 3.546071 3.546071 3.546071 3.546071 3.546071 3.546071 3.546071 3.546071 3.546071 3.546071 3.546071 3.546071 3.546071 3.546071 3.546071 3.546071 3.546071 3.546071 3.546071 3.546071 3.546071 3.546071 3.546071 3.546071 3.546071 3.546071 3.546071 3.546071 3.546071 3.546071 3.546071 3.546071 3.546071 3.546071 3.546071 3.546071 3.546071 3.546071 3.546071 3.546071 3.546071 3.546071 3.546071 3.546071 3.546071 3.546071 3.546071 3.546071 3.546071 3.546071 3.546071 3.546071 3.546071 3.546071 3.546071 3.546071 
3.546071 3.546071 3.546071 3.546071 3.546071 3.546071 3.546071 3.546071 3.546071 3.546071 3.546071 3.546071 3.546071 3.546071 3.546071 3.546071 3.546071 3.546071 3.546071 3.546071 3.546071 3.546071 3.546071 3.546071 3.546071 3.546071 3.546071 3.546071 3.546071 3.546071 3.546071 3.546071 3.546071 3.546071 3.546071 3.546071 3.546071 3.546071 3.546071 3.546071 3.546071 3.546071 3.546071 3.546071 3.546071 3.546071 3.546071 3.546071 3.546071 3.546071 3.546071 3.546071 3.546071 3.546071 3.546071 3.546071 3.546071 3.546071 3.546071 3.546071 3.546071 3.546071 3.546071 3.546071 
3.546071 3.546071 3.546071 3.546071 3.546071 3.546071 3.546071 3.546071 3.546071 3.546071 3.546071 3.546071 3.546071 3.546071 3.546071 3.546071 3.546071 3.546071 3.546071 3.546071 3.546071 3.546071 3.546071 3.546071 3.546071 3.546071 3.546071 3.546071 3.546071 3.546071 3.546071 3.546071 3.546071 3.546071 3.546071 3.546071 3.546071 3.546071 3.546071 3.546071 3.546071 3.546071 3.546071 3.546071 3.546071 3.546071 3.546071 3.546071 3.546071 3.546071 3.546071 3.546071 3.546071 3.546071 3.546071 3.546071 3.546071 3.546071 3.546071 3.546071 3.546071 3.546071 3.546071 3.546071 
3.546071 3.546071 3.546071 3.546071 3.546071 3.546071 3.546071 3.546071 3.546071 3.546071 3.546071 3.546071 3.546071 3.546071 3.546071 3.546071 3.546071 3.546071 3.546071 3.546071 3.546071 3.546071 3.546071 3.546071 3.546071 3.546071 3.546071 3.546071 3.546071 3.546071 3.546071 3.546071 3.546071 3.546071 3.546071 3.546071 3.546071 3.546071 3.546071 3.546071 3.546071 3.546071 3.546071 3.546071 3.546071 3.546071 3.546071 3.546071 3.546071 3.546071 3.546071 3.546071 3.546071 3.546071 3.546071 3.546071 3.546071 3.546071 3.546071 3.546071 3.546071 3.546071 3.546071 3.546071 
3.546071 3.546071 3.546071 3.546071 3.546071 3.546071 3.546071 3.546071 3.546071 3.546071 3.546071 3.546071 3.546071 3.546071 3.546071 3.546071 3.546071 3.546071 3.546071 3.546071 3.546071 3.546071 3.546071 3.546071 3.546071 3.546071 3.546071 3.546071 3.546071 3.546071 3.546071 3.546071 3.546071 3.546071 3.546071 3.546071 3.546071 3.546071 3.546071 3.546071 3.546071 3.546071 3.546071 3.546071 3.546071 3.546071 3.546071 3.546071 3.546071 3.546071 3.546071 3.546071 3.546071 3.546071 3.546071 3.546071 3.546071 3.546071 3.546071 3.546071 3.546071 3.546071 3.546071 3.546071 
3.546071 3.546071 3.546071 3.546071 3.546071 3.546071 3.546071 3.546071 3.546071 3.546071 3.546071 3.546071 3.546071 3.546071 3.546071 3.546071 3.546071 3.546071 3.546071 3.546071 3.546071 3.546071 3.546071 3.546071 3.546071 3.546071 3.546071 3.546071 3.546071 3.546071 3.546071 3.546071 3.546071 3.546071 3.546071 3.546071 3.546071 3.546071 3.546071 3.546071 3.546071 3.546071 3.546071 3.546071 3.546071 3.546071 3.546071 3.546071 3.546071 3.546071 3.546071 3.546071 3.546071 3.546071 3.546071 3.546071 3.546071 3.546071 3.546071 3.546071 3.546071 3.546071 3.546071 3.546071 
3.546071 3.546071 3.546071 3.546071 3.546071 3.546071 3.546071 3.546071 3.546071 3.546071 3.546071 3.546071 3.546071 3.546071 3.546071 3.546071 3.546071 3.546071 3.546071 3.546071 3.546071 3.546071 3.546071 3.546071 3.546071 3.546071 3.546071 3.546071 3.546071 3.546071 3.546071 3.546071 3.546071 3.546071 3.546071 3.546071 3.546071 3.546071 3.546071 3.546071 3.546071 3.546071 3.546071 3.546071 3.546071 3.546071 3.546071 3.546071 3.546071 3.546071 3.546071 3.546071 3.546071 3.546071 3.546071 3.546071 3.546071 3.546071 3.546071 3.546071 3.546071 3.546071 3.546071 3.546071 
3.546071 3.546071 3.546071 3.546071 3.546071 3.546071 3.546071 3.546071 3.546071 3.546071 3.546071 3.546071 3.546071 3.546071 3.546071 3.546071 3.546071 3.546071 3.546071 3.546071 3.546071 3.546071 3.546071 3.546071 3.546071 3.546071 3.546071 3.546071 3.546071 3.546071 3.546071 3.546071 3.546071 3.546071 3.546071 3.546071 3.546071 3.546071 3.546071 3.546071 3.546071 3.546071 3.546071 3.546071 3.546071 3.546071 3.546071 3.546071 3.546071 3.546071 3.546071 3.546071 3.546071 3.546071 3.546071 3.546071 3.546071 3.546071 3.546071 3.546071 3.546071 3.546071 3.546071 3.546071 
3.546071 3.546071 3.546071 3.546071 3.546071 3.546071 3.546071 3.546071 3.546071 3.546071 3.546071 3.546071 3.546071 3.546071 3.546071 3.546071 3.546071 3.546071 3.546071 3.546071 3.546071 3.546071 3.546071 3.546071 3.546071 3.546071 3.546071 3.546071 3.546071 3.546071 3.546071 3.546071 3.546071 3.546071 3.546071 3.546071 3.546071 3.546071 3.546071 3.546071 3.546071 3.546071 3.546071 3.546071 3.546071 3.546071 3.546071 3.546071 3.546071 3.546071 3.546071 3.546071 3.546071 3.546071 3.546071 3.546071 3.546071 3.546071 3.546071 3.546071 3.546071 3.546071 3.546071 3.546071 
3.546071 3.546071 3.546071 3.546071 3.546071 3.546071 3.546071 3.546071 3.546071 3.546071 3.546071 3.546071 3.546071 3.546071 3.546071 3.546071 3.546071 3.546071 3.546071 3.546071 3.546071 3.546071 3.546071 3.546071 3.546071 3.546071 3.546071 3.546071 3.546071 3.546071 3.546071 3.546071 3.546071 3.546071 3.546071 3.546071 3.546071 3.546071 3.546071 3.546071 3.546071 3.546071 3.546071 3.546071 3.546071 3.546071 3.546071 3.546071 3.546071 3.546071 3.546071 3.546071 3.546071 3.546071 3.546071 3.546071 3.546071 3.546071 3.546071 3.546071 3.546071 3.546071 3.546071 3.546071 
3.546071 3.546071 3.546071 3.546071 3.546071 3.546071 3.546071 3.546071 3.546071 3.546071 3.546071 3.546071 3.546071 3.546071 3.546071 3.546071 3.546071 3.546071 3.546071 3.546071 3.546071 3.546071 3.546071 3.546071 3.546071 3.546071 3.546071 3.546071 3.546071 3.546071 3.546071 3.546071 3.546071 3.546071 3.546071 3.546071 3.546071 3.546071 3.546071 3.546071 3.546071 3.546071 3.546071 3.546071 3.546071 3.546071 3.546071 3.546071 3.546071 3.546071 3.546071 3.546071 3.546071 3.546071 3.546071 3.546071 3.546071 3.546071 3.546071 3.546071 3.546071 3.546071 3.546071 3.546071 
3.546071 3.546071 3.546071 3.546071 3.546071 3.546071 3.546071 3.546071 3.546071 3.546071 3.546071 3.546071 3.546071 3.546071 3.546071 3.546071 3.546071 3.546071 3.546071 3.546071 3.546071 3.546071 3.546071 3.546071 3.546071 3.546071 3.546071 3.546071 3.546071 3.546071 3.546071 3.546071 3.546071 3.546071 3.546071 3.546071 3.546071 3.546071 3.546071 3.546071 3.546071 3.546071 3.546071 3.546071 3.546071 3.546071 3.546071 3.546071 3.546071 3.546071 3.546071 3.546071 3.546071 3.546071 3.546071 3.546071 3.546071 3.546071 3.546071 3.546071 3.546071 3.546071 3.546071 3.546071 
3.546071 3.546071 3.546071 3.546071 3.546071 3.546071 3.546071 3.546071 3.546071 3.546071 3.546071 3.546071 3.546071 3.546071 3.546071 3.546071 3.546071 3.546071 3.546071 3.546071 3.546071 3.546071 3.546071 3.546071 3.546071 3.546071 3.546071 3.546071 3.546071 3.546071 3.546071 3.546071 3.546071 3.546071 3.546071 3.546071 3.546071 3.546071 3.546071 3.546071 3.546071 3.546071 3.546071 3.546071 3.546071 3.546071 3.546071 3.546071 3.546071 3.546071 3.546071 3.546071 3.546071 3.546071 3.546071 3.546071 3.546071 3.546071 3.546071 3.546071 3.546071 3.546071 3.546071 3.546071 
