8.789822 8.789822 8.789822 8.789822 8.789822 8.789822 8.789822 8.789822 8.789822 8.789822 8.789822 8.789822 8.789822 8.789822 8.789822 8.789822 8.789822 8.789822 8.789822 8.789822 8.789822 8.789822 8.789822 8.789822 8.789822 8.789822 8.789822 8.789822 8.789822 8.789822 8.789822 8.789822 8.789822 8.789822 8.789822 8.789822 8.789822 8.789822 8.789822 8.789822 8.789822 8.789822 8.789822 8.789822 8.789822 8.789822 8.789822 8.789822 8.789822 8.789822 8.789822 8.789822 8.789822 8.789822 8.789822 8.789822 8.789822 8.789822 8.789822 8.789822 8.789822 8.789822 8.789822 8.789822 
8.789822 8.789822 8.789822 8.789822 8.789822 8.789822 8.789822 8.789822 8.789822 8.789822 8.789822 8.789822 8.789822 8.789822 8.789822 8.789822 8.789822 8.789822 8.789822 8.789822 8.789822 8.789822 8.789822 8.789822 8.789822 8.789822 8.789822 8.789822 8.789822 8.789822 8.789822 8.789822 8.789822 8.789822 8.789822 8.789822 8.789822 8.789822 8.789822 8.789822 8.789822 8.789822 8.789822 8.789822 8.789822 8.789822 8.789822 8.789822 8.789822 8.789822 8.789822 8.789822 8.789822 8.789822 8.789822 8.789822 8.789822 8.789822 8.789822 8.789822 8.789822 8.789822 8.789822 8.789822 
8.789822 8.789822 8.789822 8.789822 8.789822 8.789822 8.789822 8.789822 8.789822 8.789822 8.789822 8.789822 8.789822 8.789822 8.789822 8.789822 8.789822 8.789822 8.789822 8.789822 8.789822 8.789822 8.789822 8.789822 8.789822 8.789822 8.789822 8.789822 8.789822 8.789822 8.789822 8.789822 8.789822 8.789822 8.789822 8.789822 8.789822 8.789822 8.789822 8.789822 8.789822 8.789822 8.789822 8.789822 8.789822 8.789822 8.789822 8.789822 8.789822 8.789822 8.789822 8.789822 8.789822 8.789822 8.789822 8.789822 8.789822 8.789822 8.789822 8.789822 8.789822 8.789822 8.789822 8.789822 
8.789822 8.789822 8.789822 8.789822 8.789822 8.789822 8.789822 8.789822 8.789822 8.789822 8.789822 8.789822 8.789822 8.789822 8.789822 8.789822 8.789822 8.789822 8.789822 8.789822 8.789822 8.789822 8.789822 8.789822 8.789822 8.789822 8.789822 8.789822 8.789822 8.789822 8.789822 8.789822 8.789822 8.789822 8.789822 8.789822 8.789822 8.789822 8.789822 8.789822 8.789822 8.789822 8.789822 8.789822 8.789822 8.789822 8.789822 8.789822 8.789822 8.789822 8.789822 8.789822 8.789822 8.789822 8.789822 8.789822 8.789822 8.789822 8.789822 8.789822 8.789822 8.789822 8.789822 8.789822 
8.789822 8.789822 8.789822 8.789822 8.789822 8.789822 8.789822 8.789822 8.789822 8.789822 8.789822 8.789822 8.789822 8.789822 8.789822 8.789822 8.789822 8.789822 8.789822 8.789822 8.789822 8.789822 8.789822 8.789822 8.789822 8.789822 8.789822 8.789822 8.789822 8.789822 8.789822 8.789822 8.789822 8.789822 8.789822 8.789822 8.789822 8.789822 8.789822 8.789822 8.789822 8.789822 8.789822 8.789822 8.789822 8.789822 8.789822 8.789822 8.789822 8.789822 8.789822 8.789822 8.789822 8.789822 8.789822 8.789822 8.789822 8.789822 8.789822 8.789822 8.789822 8.789822 8.789822 8.789822 
8.789822 8.789822 8.789822 8.789822 8.789822 8.789822 8.789822 8.789822 8.789822 8.789822 8.789822 8.789822 8.789822 8.789822 8.789822 8.789822 8.789822 8.789822 8.789822 8.789822 8.789822 8.789822 8.789822 8.789822 8.789822 8.789822 8.789822 8.789822 8.789822 8.789822 8.789822 8.789822 8.789822 8.789822 8.789822 8.789822 8.789822 8.789822 8.789822 8.789822 8.789822 8.789822 8.789822 8.789822 8.789822 8.789822 8.789822 8.789822 8.789822 8.789822 8.789822 8.789822 8.789822 8.789822 8.789822 8.789822 8.789822 8.789822 8.789822 8.789822 8.789822 8.789822 8.789822 8.789822 
8.789822 8.789822 8.789822 8.789822 8.789822 8.789822 8.789822 8.789822 8.789822 8.789822 8.789822 8.789822 8.789822 8.789822 8.789822 8.789822 8.789822 8.789822 8.789822 8.789822 8.789822 8.789822 8.789822 8.789822 8.789822 8.789822 8.789822 8.789822 8.789822 8.789822 8.789822 8.789822 8.789822 8.789822 8.789822 8.789822 8.789822 8.789822 8.789822 8.789822 8.789822 8.789822 8.789822 8.789822 8.789822 8.789822 8.789822 8.789822 8.789822 8.789822 8.789822 8.789822 8.789822 8.789822 8.789822 8.789822 8.789822 8.789822 8.789822 8.789822 8.789822 8.789822 8.789822 8.789822 
8.789822 8.789822 8.789822 8.789822 8.789822 8.789822 8.789822 8.789822 8.789822 8.789822 8.789822 8.789822 8.789822 8.789822 8.789822 8.789822 8.789822 8.789822 8.789822 8.789822 8.789822 8.789822 8.789822 8.789822 8.789822 8.789822 8.789822 8.789822 8.789822 8.789822 8.789822 8.789822 8.789822 8.789822 8.789822 8.789822 8.789822 8.789822 8.789822 8.789822 8.789822 8.789822 8.789822 8.789822 8.789822 8.789822 8.789822 8.789822 8.789822 8.789822 8.789822 8.789822 8.789822 8.789822 8.789822 8.789822 8.789822 8.789822 8.789822 8.789822 8.789822 8.789822 8.789822 8.789822 
8.789822 8.789822 8.789822 8.789822 8.789822 8.789822 8.789822 8.789822 8.789822 8.789822 8.789822 8.789822 8.789822 8.789822 8.789822 8.789822 8.789822 8.789822 8.789822 8.789822 8.789822 8.789822 8.789822 8.789822 8.789822 8.789822 8.789822 8.789822 8.789822 8.789822 8.789822 8.789822 8.789822 8.789822 8.789822 8.789822 8.789822 8.789822 8.789822 8.789822 8.789822 8.789822 8.789822 8.789822 8.789822 8.789822 8.789822 8.789822 8.789822 8.789822 8.789822 8.789822 8.789822 8.789822 8.789822 8.789822 8.789822 8.789822 8.789822 8.789822 8.789822 8.789822 8.789822 8.789822 
8.789822 8.789822 8.789822 8.789822 8.789822 8.789822 8.789822 8.789822 8.789822 8.789822 8.789822 8.789822 8.789822 8.789822 8.789822 8.789822 8.789822 8.789822 8.789822 8.789822 8.789822 8.789822 8.789822 8.789822 8.789822 8.789822 8.789822 8.789822 8.789822 8.789822 8.789822 8.789822 8.789822 8.789822 8.789822 8.789822 8.789822 8.789822 8.789822 8.789822 8.789822 8.789822 8.789822 8.789822 8.789822 8.789822 8.789822 8.789822 8.789822 8.789822 8.789822 8.789822 8.789822 8.789822 8.789822 8.789822 8.789822 8.789822 8.789822 8.789822 8.789822 8.789822 8.789822 8.789822 
8.789822 8.789822 8.789822 8.789822 8.789822 8.789822 8.789822 8.789822 8.789822 8.789822 8.789822 8.789822 8.789822 8.789822 8.789822 8.789822 8.789822 8.789822 8.789822 8.789822 8.789822 8.789822 8.789822 8.789822 8.789822 8.789822 8.789822 8.789822 8.789822 8.789822 8.789822 8.789822 8.789822 8.789822 8.789822 8.789822 8.789822 8.789822 8.789822 8.789822 8.789822 8.789822 8.789822 8.789822 8.789822 8.789822 8.789822 8.789822 8.789822 8.789822 8.789822 8.789822 8.789822 8.789822 8.789822 8.789822 8.789822 8.789822 8.789822 8.789822 8.789822 8.789822 8.789822 8.789822 
8.789822 8.789822 8.789822 8.789822 8.789822 8.789822 8.789822 8.789822 8.789822 8.789822 8.789822 8.789822 8.789822 8.789822 8.789822 8.789822 8.789822 8.789822 8.789822 8.789822 8.789822 8.789822 8.789822 8.789822 8.789822 8.789822 8.789822 8.789822 8.789822 8.789822 8.789822 8.789822 8.789822 8.789822 8.789822 8.789822 8.789822 8.789822 8.789822 8.789822 8.789822 8.789822 8.789822 8.789822 8.789822 8.789822 8.789822 8.789822 8.789822 8.789822 8.789822 8.789822 8.789822 8.789822 8.789822 8.789822 8.789822 8.789822 8.789822 8.789822 8.789822 8.789822 8.789822 8.789822 
8.789822 8.789822 8.789822 8.789822 8.789822 8.789822 8.789822 8.789822 8.789822 8.789822 8.789822 8.789822 8.789822 8.789822 8.789822 8.789822 8.789822 8.789822 8.789822 8.789822 8.789822 8.789822 8.789822 8.789822 8.789822 8.789822 8.789822 8.789822 8.789822 8.789822 8.789822 8.789822 8.789822 8.789822 8.789822 8.789822 8.789822 8.789822 8.789822 8.789822 8.789822 8.789822 8.789822 8.789822 8.789822 8.789822 8.789822 8.789822 8.789822 8.789822 8.789822 8.789822 8.789822 8.789822 8.789822 8.789822 8.789822 8.789822 8.789822 8.789822 8.789822 8.789822 8.789822 8.789822 
8.789822 8.789822 8.789822 8.789822 8.789822 8.789822 8.789822 8.789822 8.789822 8.789822 8.789822 8.789822 8.789822 8.789822 8.789822 8.789822 8.789822 8.789822 8.789822 8.789822 8.789822 8.789822 8.789822 8.789822 8.789822 8.789822 8.789822 8.789822 8.789822 8.789822 8.789822 8.789822 8.789822 8.789822 8.789822 8.789822 8.789822 8.789822 8.789822 8.789822 8.789822 8.789822 8.789822 8.789822 8.789822 8.789822 8.789822 8.789822 8.789822 8.789822 8.789822 8.789822 8.789822 8.789822 8.789822 8.789822 8.789822 8.789822 8.789822 8.789822 8.789822 8.789822 8.789822 8.789822 
8.789822 8.789822 8.789822 8.789822 8.789822 8.789822 8.789822 8.789822 8.789822 8.789822 8.789822 8.789822 8.789822 8.789822 8.789822 8.789822 8.789822 8.789822 8.789822 8.789822 8.789822 8.789822 8.789822 8.789822 8.789822 8.789822 8.789822 8.789822 8.789822 8.789822 8.789822 8.789822 8.789822 8.789822 8.789822 8.789822 8.789822 8.789822 8.789822 8.789822 8.789822 8.789822 8.789822 8.789822 8.789822 8.789822 8.789822 8.789822 8.789822 8.789822 8.789822 8.789822 8.789822 8.789822 8.789822 8.789822 8.789822 8.789822 8.789822 8.789822 8.789822 8.789822 8.789822 8.789822 
8.789822 8.789822 8.789822 8.789822 8.789822 8.789822 8.789822 8.789822 8.789822 8.789822 8.789822 8.789822 8.789822 8.789822 8.789822 8.789822 8.789822 8.789822 8.789822 8.789822 8.789822 8.789822 8.789822 8.789822 8.789822 8.789822 8.789822 8.789822 8.789822 8.789822 8.789822 8.789822 8.789822 8.789822 8.789822 8.789822 8.789822 8.789822 8.789822 8.789822 8.789822 8.789822 8.789822 8.789822 8.789822 8.789822 8.789822 8.789822 8.789822 8.789822 8.789822 8.789822 8.789822 8.789822 8.789822 8.789822 8.789822 8.789822 8.789822 8.789822 8.789822 8.789822 8.789822 8.789822 
8.789822 8.789822 8.789822 8.789822 8.789822 8.789822 8.789822 8.789822 8.789822 8.789822 8.789822 8.789822 8.789822 8.789822 8.789822 8.789822 8.789822 8.789822 8.789822 8.789822 8.789822 8.789822 8.789822 8.789822 8.789822 8.789822 8.789822 8.789822 8.789822 8.789822 8.789822 8.789822 8.789822 8.789822 8.789822 8.789822 8.789822 8.789822 8.789822 8.789822 8.789822 8.789822 8.789822 8.789822 8.789822 8.789822 8.789822 8.789822 8.789822 8.789822 8.789822 8.789822 8.789822 8.789822 8.789822 8.789822 8.789822 8.789822 8.789822 8.789822 8.789822 8.789822 8.789822 8.789822 
8.789822 8.789822 8.789822 8.789822 8.789822 8.789822 8.789822 8.789822 8.789822 8.789822 8.789822 8.789822 8.789822 8.789822 8.789822 8.789822 8.789822 8.789822 8.789822 8.789822 8.789822 8.789822 8.789822 8.789822 8.789822 8.789822 8.789822 8.789822 8.789822 8.789822 8.789822 8.789822 8.789822 8.789822 8.789822 8.789822 8.789822 8.789822 8.789822 8.789822 8.789822 8.789822 8.789822 8.789822 8.789822 8.789822 8.789822 8.789822 8.789822 8.789822 8.789822 8.789822 8.789822 8.789822 8.789822 8.789822 8.789822 8.789822 8.789822 8.789822 8.789822 8.789822 8.789822 8.789822 
8.789822 8.789822 8.789822 8.789822 8.789822 8.789822 8.789822 8.789822 8.789822 8.789822 8.789822 8.789822 8.789822 8.789822 8.789822 8.789822 8.789822 8.789822 8.789822 8.789822 8.789822 8.789822 8.789822 8.789822 8.789822 8.789822 8.789822 8.789822 8.789822 8.789822 8.789822 8.789822 8.789822 8.789822 8.789822 8.789822 8.789822 8.789822 8.789822 8.789822 8.789822 8.789822 8.789822 8.789822 8.789822 8.789822 8.789822 8.789822 8.789822 8.789822 8.789822 8.789822 8.789822 8.789822 8.789822 8.789822 8.789822 8.789822 8.789822 8.789822 8.789822 8.789822 8.789822 8.789822 
8.789822 8.789822 8.789822 8.789822 8.789822 8.789822 8.789822 8.789822 8.789822 8.789822 8.789822 8.789822 8.789822 8.789822 8.789822 8.789822 8.789822 8.789822 8.789822 8.789822 8.789822 8.789822 8.789822 8.789822 8.789822 8.789822 8.789822 8.789822 8.789822 8.789822 8.789822 8.789822 8.789822 8.789822 8.789822 8.789822 8.789822 8.789822 8.789822 8.789822 8.789822 8.789822 8.789822 8.789822 8.789822 8.789822 8.789822 8.789822 8.789822 8.789822 8.789822 8.789822 8.789822 8.789822 8.789822 8.789822 8.789822 8.789822 8.789822 8.789822 8.789822 8.789822 8.789822 8.789822 
8.789822 8.789822 8.789822 8.789822 8.789822 8.789822 8.789822 8.789822 8.789822 8.789822 8.789822 8.789822 8.789822 8.789822 8.789822 8.789822 8.789822 8.789822 8.789822 8.789822 8.789822 8.789822 8.789822 8.789822 8.789822 8.789822 8.789822 8.789822 8.789822 8.789822 8.789822 8.789822 8.789822 8.789822 8.789822 8.789822 8.789822 8.789822 8.789822 8.789822 8.789822 8.789822 8.789822 8.789822 8.789822 8.789822 8.789822 8.789822 8.789822 8.789822 8.789822 8.789822 8.789822 8.789822 8.789822 8.789822 8.789822 8.789822 8.789822 8.789822 8.789822 8.789822 8.789822 8.789822 
8.789822 8.789822 8.789822 8.789822 8.789822 8.789822 8.789822 8.789822 8.789822 8.789822 8.789822 8.789822 8.789822 8.789822 8.789822 8.789822 8.789822 8.789822 8.789822 8.789822 8.789822 8.789822 8.789822 8.789822 8.789822 8.789822 8.789822 8.789822 8.789822 8.789822 8.789822 8.789822 8.789822 8.789822 8.789822 8.789822 8.789822 8.789822 8.789822 8.789822 8.789822 8.789822 8.789822 8.789822 8.789822 8.789822 8.789822 8.789822 8.789822 8.789822 8.789822 8.789822 8.789822 8.789822 8.789822 8.789822 8.789822 8.789822 8.789822 8.789822 8.789822 8.789822 8.789822 8.789822 
8.789822 8.789822 8.789822 8.789822 8.789822 8.789822 8.789822 8.789822 8.789822 8.789822 8.789822 8.789822 8.789822 8.789822 8.789822 8.789822 8.789822 8.789822 8.789822 8.789822 8.789822 8.789822 8.789822 8.789822 8.789822 8.789822 8.789822 8.789822 8.789822 8.789822 8.789822 8.789822 8.789822 8.789822 8.789822 8.789822 8.789822 8.789822 8.789822 8.789822 8.789822 8.789822 8.789822 8.789822 8.789822 8.789822 8.789822 8.789822 8.789822 8.789822 8.789822 8.789822 8.789822 8.789822 8.789822 8.789822 8.789822 8.789822 8.789822 8.789822 8.789822 8.789822 8.789822 8.789822 
8.789822 8.789822 8.789822 8.789822 8.789822 8.789822 8.789822 8.789822 8.789822 8.789822 8.789822 8.789822 8.789822 8.789822 8.789822 8.789822 8.789822 8.789822 8.789822 8.789822 8.789822 8.789822 8.789822 8.789822 8.789822 8.789822 8.789822 8.789822 8.789822 8.789822 8.789822 8.789822 8.789822 8.789822 8.789822 8.789822 8.789822 8.789822 8.789822 8.789822 8.789822 8.789822 8.789822 8.789822 8.789822 8.789822 8.789822 8.789822 8.789822 8.789822 8.789822 8.789822 8.789822 8.789822 8.789822 8.789822 8.789822 8.789822 8.789822 8.789822 8.789822 8.789822 8.789822 8.789822 
8.789822 8.789822 8.789822 8.789822 8.789822 8.789822 8.789822 8.789822 8.789822 8.789822 8.789822 8.789822 8.789822 8.789822 8.789822 8.789822 8.789822 8.789822 8.789822 8.789822 8.789822 8.789822 8.789822 8.789822 8.789822 8.789822 8.789822 8.789822 8.789822 8.789822 8.789822 8.789822 8.789822 8.789822 8.789822 8.789822 8.789822 8.789822 8.789822 8.789822 8.789822 8.789822 8.789822 8.789822 8.789822 8.789822 8.789822 8.789822 8.789822 8.789822 8.789822 8.789822 8.789822 8.789822 8.789822 8.789822 8.789822 8.789822 8.789822 8.789822 8.789822 8.789822 8.789822 8.789822 
8.789822 8.789822 8.789822 8.789822 8.789822 8.789822 8.789822 8.789822 8.789822 8.789822 8.789822 8.789822 8.789822 8.789822 8.789822 8.789822 8.789822 8.789822 8.789822 8.789822 8.789822 8.789822 8.789822 8.789822 8.789822 8.789822 8.789822 8.789822 8.789822 8.789822 8.789822 8.789822 8.789822 8.789822 8.789822 8.789822 8.789822 8.789822 8.789822 8.789822 8.789822 8.789822 8.789822 8.789822 8.789822 8.789822 8.789822 8.789822 8.789822 8.789822 8.789822 8.789822 8.789822 8.789822 8.789822 8.789822 8.789822 8.789822 8.789822 8.789822 8.789822 8.789822 8.789822 8.789822 
8.789822 8.789822 8.789822 8.789822 8.789822 8.789822 8.789822 8.789822 8.789822 8.789822 8.789822 8.789822 8.789822 8.789822 8.789822 8.789822 8.789822 8.789822 8.789822 8.789822 8.789822 8.789822 8.789822 8.789822 8.789822 8.789822 8.789822 8.789822 8.789822 8.789822 8.789822 8.789822 8.789822 8.789822 8.789822 8.789822 8.789822 8.789822 8.789822 8.789822 8.789822 8.789822 8.789822 8.789822 8.789822 8.789822 8.789822 8.789822 8.789822 8.789822 8.789822 8.789822 8.789822 8.789822 8.789822 8.789822 8.789822 8.789822 8.789822 8.789822 8.789822 8.789822 8.789822 8.789822 
8.789822 8.789822 8.789822 8.789822 8.789822 8.789822 8.789822 8.789822 8.789822 8.789822 8.789822 8.789822 8.789822 8.789822 8.789822 8.789822 8.789822 8.789822 8.789822 8.789822 8.789822 8.789822 8.789822 8.789822 8.789822 8.789822 8.789822 8.789822 8.789822 8.789822 8.789822 8.789822 8.789822 8.789822 8.789822 8.789822 8.789822 8.789822 8.789822 8.789822 8.789822 8.789822 8.789822 8.789822 8.789822 8.789822 8.789822 8.789822 8.789822 8.789822 8.789822 8.789822 8.789822 8.789822 8.789822 8.789822 8.789822 8.789822 8.789822 8.789822 8.789822 8.789822 8.789822 8.789822 
8.789822 8.789822 8.789822 8.789822 8.789822 8.789822 8.789822 8.789822 8.789822 8.789822 8.789822 8.789822 8.789822 8.789822 8.789822 8.789822 8.789822 8.789822 8.789822 8.789822 8.789822 8.789822 8.789822 8.789822 8.789822 8.789822 8.789822 8.789822 8.789822 8.789822 8.789822 8.789822 8.789822 8.789822 8.789822 8.789822 8.789822 8.789822 8.789822 8.789822 8.789822 8.789822 8.789822 8.789822 8.789822 8.789822 8.789822 8.789822 8.789822 8.789822 8.789822 8.789822 8.789822 8.789822 8.789822 8.789822 8.789822 8.789822 8.789822 8.789822 8.789822 8.789822 8.789822 8.789822 
8.789822 8.789822 8.789822 8.789822 8.789822 8.789822 8.789822 8.789822 8.789822 8.789822 8.789822 8.789822 8.789822 8.789822 8.789822 8.789822 8.789822 8.789822 8.789822 8.789822 8.789822 8.789822 8.789822 8.789822 8.789822 8.789822 8.789822 8.789822 8.789822 8.789822 8.789822 8.789822 8.789822 8.789822 8.789822 8.789822 8.789822 8.789822 8.789822 8.789822 8.789822 8.789822 8.789822 8.789822 8.789822 8.789822 8.789822 8.789822 8.789822 8.789822 8.789822 8.789822 8.789822 8.789822 8.789822 8.789822 8.789822 8.789822 8.789822 8.789822 8.789822 8.789822 8.789822 8.789822 
8.789822 8.789822 8.789822 8.789822 8.789822 8.789822 8.789822 8.789822 8.789822 8.789822 8.789822 8.789822 8.789822 8.789822 8.789822 8.789822 8.789822 8.789822 8.789822 8.789822 8.789822 8.789822 8.789822 8.789822 8.789822 8.789822 8.789822 8.789822 8.789822 8.789822 8.789822 8.789822 8.789822 8.789822 8.789822 8.789822 8.789822 8.789822 8.789822 8.789822 8.789822 8.789822 8.789822 8.789822 8.789822 8.789822 8.789822 8.789822 8.789822 8.789822 8.789822 8.789822 8.789822 8.789822 8.789822 8.789822 8.789822 8.789822 8.789822 8.789822 8.789822 8.789822 8.789822 8.789822 
8.789822 8.789822 8.789822 8.789822 8.789822 8.789822 8.789822 8.789822 8.789822 8.789822 8.789822 8.789822 8.789822 8.789822 8.789822 8.789822 8.789822 8.789822 8.789822 8.789822 8.789822 8.789822 8.789822 8.789822 8.789822 8.789822 8.789822 8.789822 8.789822 8.789822 8.789822 8.789822 8.789822 8.789822 8.789822 8.789822 8.789822 8.789822 8.789822 8.789822 8.789822 8.789822 8.789822 8.789822 8.789822 8.789822 8.789822 8.789822 8.789822 8.789822 8.789822 8.789822 8.789822 8.789822 8.789822 8.789822 8.789822 8.789822 8.789822 8.789822 8.789822 8.789822 8.789822 8.789822 
8.789822 8.789822 8.789822 8.789822 8.789822 8.789822 8.789822 8.789822 8.789822 8.789822 8.789822 8.789822 8.789822 8.789822 8.789822 8.789822 8.789822 8.789822 8.789822 8.789822 8.789822 8.789822 8.789822 8.789822 8.789822 8.789822 8.789822 8.789822 8.789822 8.789822 8.789822 8.789822 8.789822 8.789822 8.789822 8.789822 8.789822 8.789822 8.789822 8.789822 8.789822 8.789822 8.789822 8.789822 8.789822 8.789822 8.789822 8.789822 8.789822 8.789822 8.789822 8.789822 8.789822 8.789822 8.789822 8.789822 8.789822 8.789822 8.789822 8.789822 8.789822 8.789822 8.789822 8.789822 
8.789822 8.789822 8.789822 8.789822 8.789822 8.789822 8.789822 8.789822 8.789822 8.789822 8.789822 8.789822 8.789822 8.789822 8.789822 8.789822 8.789822 8.789822 8.789822 8.789822 8.789822 8.789822 8.789822 8.789822 8.789822 8.789822 8.789822 8.789822 8.789822 8.789822 8.789822 8.789822 8.789822 8.789822 8.789822 8.789822 8.789822 8.789822 8.789822 8.789822 8.789822 8.789822 8.789822 8.789822 8.789822 8.789822 8.789822 8.789822 8.789822 8.789822 8.789822 8.789822 8.789822 8.789822 8.789822 8.789822 8.789822 8.789822 8.789822 8.789822 8.789822 8.789822 8.789822 8.789822 
8.789822 8.789822 8.789822 8.789822 8.789822 8.789822 8.789822 8.789822 8.789822 8.789822 8.789822 8.789822 8.789822 8.789822 8.789822 8.789822 8.789822 8.789822 8.789822 8.789822 8.789822 8.789822 8.789822 8.789822 8.789822 8.789822 8.789822 8.789822 8.789822 8.789822 8.789822 8.789822 8.789822 8.789822 8.789822 8.789822 8.789822 8.789822 8.789822 8.789822 8.789822 8.789822 8.789822 8.789822 8.789822 8.789822 8.789822 8.789822 8.789822 8.789822 8.789822 8.789822 8.789822 8.789822 8.789822 8.789822 8.789822 8.789822 8.789822 8.789822 8.789822 8.789822 8.789822 8.789822 
8.789822 8.789822 8.789822 8.789822 8.789822 8.789822 8.789822 8.789822 8.789822 8.789822 8.789822 8.789822 8.789822 8.789822 8.789822 8.789822 8.789822 8.789822 8.789822 8.789822 8.789822 8.789822 8.789822 8.789822 8.789822 8.789822 8.789822 8.789822 8.789822 8.789822 8.789822 8.789822 8.789822 8.789822 8.789822 8.789822 8.789822 8.789822 8.789822 8.789822 8.789822 8.789822 8.789822 8.789822 8.789822 8.789822 8.789822 8.789822 8.789822 8.789822 8.789822 8.789822 8.789822 8.789822 8.789822 8.789822 8.789822 8.789822 8.789822 8.789822 8.789822 8.789822 8.789822 8.789822 
8.789822 8.789822 8.789822 8.789822 8.789822 8.789822 8.789822 8.789822 8.789822 8.789822 8.789822 8.789822 8.789822 8.789822 8.789822 8.789822 8.789822 8.789822 8.789822 8.789822 8.789822 8.789822 8.789822 8.789822 8.789822 8.789822 8.789822 8.789822 8.789822 8.789822 8.789822 8.789822 8.789822 8.789822 8.789822 8.789822 8.789822 8.789822 8.789822 8.789822 8.789822 8.789822 8.789822 8.789822 8.789822 8.789822 8.789822 8.789822 8.789822 8.789822 8.789822 8.789822 8.789822 8.789822 8.789822 8.789822 8.789822 8.789822 8.789822 8.789822 8.789822 8.789822 8.789822 8.789822 
8.789822 8.789822 8.789822 8.789822 8.789822 8.789822 8.789822 8.789822 8.789822 8.789822 8.789822 8.789822 8.789822 8.789822 8.789822 8.789822 8.789822 8.789822 8.789822 8.789822 8.789822 8.789822 8.789822 8.789822 8.789822 8.789822 8.789822 8.789822 8.789822 8.789822 8.789822 8.789822 8.789822 8.789822 8.789822 8.789822 8.789822 8.789822 8.789822 8.789822 8.789822 8.789822 8.789822 8.789822 8.789822 8.789822 8.789822 8.789822 8.789822 8.789822 8.789822 8.789822 8.789822 8.789822 8.789822 8.789822 8.789822 8.789822 8.789822 8.789822 8.789822 8.789822 8.789822 8.789822 
8.789822 8.789822 8.789822 8.789822 8.789822 8.789822 8.789822 8.789822 8.789822 8.789822 8.789822 8.789822 8.789822 8.789822 8.789822 8.789822 8.789822 8.789822 8.789822 8.789822 8.789822 8.789822 8.789822 8.789822 8.789822 8.789822 8.789822 8.789822 8.789822 8.789822 8.789822 8.789822 8.789822 8.789822 8.789822 8.789822 8.789822 8.789822 8.789822 8.789822 8.789822 8.789822 8.789822 8.789822 8.789822 8.789822 8.789822 8.789822 8.789822 8.789822 8.789822 8.789822 8.789822 8.789822 8.789822 8.789822 8.789822 8.789822 8.789822 8.789822 8.789822 8.789822 8.789822 8.789822 
8.789822 8.789822 8.789822 8.789822 8.789822 8.789822 8.789822 8.789822 8.789822 8.789822 8.789822 8.789822 8.789822 8.789822 8.789822 8.789822 8.789822 8.789822 8.789822 8.789822 8.789822 8.789822 8.789822 8.789822 8.789822 8.789822 8.789822 8.789822 8.789822 8.789822 8.789822 8.789822 8.789822 8.789822 8.789822 8.789822 8.789822 8.789822 8.789822 8.789822 8.789822 8.789822 8.789822 8.789822 8.789822 8.789822 8.789822 8.789822 8.789822 8.789822 8.789822 8.789822 8.789822 8.789822 8.789822 8.789822 8.789822 8.789822 8.789822 8.789822 8.789822 8.789822 8.789822 8.789822 
8.789822 8.789822 8.789822 8.789822 8.789822 8.789822 8.789822 8.789822 8.789822 8.789822 8.789822 8.789822 8.789822 8.789822 8.789822 8.789822 8.789822 8.789822 8.789822 8.789822 8.789822 8.789822 8.789822 8.789822 8.789822 8.789822 8.789822 8.789822 8.789822 8.789822 8.789822 8.789822 8.789822 8.789822 8.789822 8.789822 8.789822 8.789822 8.789822 8.789822 8.789822 8.789822 8.789822 8.789822 8.789822 8.789822 8.789822 8.789822 8.789822 8.789822 8.789822 8.789822 8.789822 8.789822 8.789822 8.789822 8.789822 8.789822 8.789822 8.789822 8.789822 8.789822 8.789822 8.789822 
8.789822 8.789822 8.789822 8.789822 8.789822 8.789822 8.789822 8.789822 8.789822 8.789822 8.789822 8.789822 8.789822 8.789822 8.789822 8.789822 8.789822 8.789822 8.789822 8.789822 8.789822 8.789822 8.789822 8.789822 8.789822 8.789822 8.789822 8.789822 8.789822 8.789822 8.789822 8.789822 8.789822 8.789822 8.789822 8.789822 8.789822 8.789822 8.789822 8.789822 8.789822 8.789822 8.789822 8.789822 8.789822 8.789822 8.789822 8.789822 8.789822 8.789822 8.789822 8.789822 8.789822 8.789822 8.789822 8.789822 8.789822 8.789822 8.789822 8.789822 8.789822 8.789822 8.789822 8.789822 
8.789822 8.789822 8.789822 8.789822 8.789822 8.789822 8.789822 8.789822 8.789822 8.789822 8.789822 8.789822 8.789822 8.789822 8.789822 8.789822 8.789822 8.789822 8.789822 8.789822 8.789822 8.789822 8.789822 8.789822 8.789822 8.789822 8.789822 8.789822 8.789822 8.789822 8.789822 8.789822 8.789822 8.789822 8.789822 8.789822 8.789822 8.789822 8.789822 8.789822 8.789822 8.789822 8.789822 8.789822 8.789822 8.789822 8.789822 8.789822 8.789822 8.789822 8.789822 8.789822 8.789822 8.789822 8.789822 8.789822 8.789822 8.789822 8.789822 8.789822 8.789822 8.789822 8.789822 8.789822 
8.789822 8.789822 8.789822 8.789822 8.789822 8.789822 8.789822 8.789822 8.789822 8.789822 8.789822 8.789822 8.789822 8.789822 8.789822 8.789822 8.789822 8.789822 8.789822 8.789822 8.789822 8.789822 8.789822 8.789822 8.789822 8.789822 8.789822 8.789822 8.789822 8.789822 8.789822 8.789822 8.789822 8.789822 8.789822 8.789822 8.789822 8.789822 8.789822 8.789822 8.789822 8.789822 8.789822 8.789822 8.789822 8.789822 8.789822 8.789822 8.789822 8.789822 8.789822 8.789822 8.789822 8.789822 8.789822 8.789822 8.789822 8.789822 8.789822 8.789822 8.789822 8.789822 8.789822 8.789822 
8.789822 8.789822 8.789822 8.789822 8.789822 8.789822 8.789822 8.789822 8.789822 8.789822 8.789822 8.789822 8.789822 8.789822 8.789822 8.789822 8.789822 8.789822 8.789822 8.789822 8.789822 8.789822 8.789822 8.789822 8.789822 8.789822 8.789822 8.789822 8.789822 8.789822 8.789822 8.789822 8.789822 8.789822 8.789822 8.789822 8.789822 8.789822 8.789822 8.789822 8.789822 8.789822 8.789822 8.789822 8.789822 8.789822 8.789822 8.789822 8.789822 8.789822 8.789822 8.789822 8.789822 8.789822 8.789822 8.789822 8.789822 8.789822 8.789822 8.789822 8.789822 8.789822 8.789822 8.789822 
8.789822 8.789822 8.789822 8.789822 8.789822 8.789822 8.789822 8.789822 8.789822 8.789822 8.789822 8.789822 8.789822 8.789822 8.789822 8.789822 8.789822 8.789822 8.789822 8.789822 8.789822 8.789822 8.789822 8.789822 8.789822 8.789822 8.789822 8.789822 8.789822 8.789822 8.789822 8.789822 8.789822 8.789822 8.789822 8.789822 8.789822 8.789822 8.789822 8.789822 8.789822 8.789822 8.789822 8.789822 8.789822 8.789822 8.789822 8.789822 8.789822 8.789822 8.789822 8.789822 8.789822 8.789822 8.789822 8.789822 8.789822 8.789822 8.789822 8.789822 8.789822 8.789822 8.789822 8.789822 
8.789822 8.789822 8.789822 8.789822 8.789822 8.789822 8.789822 8.789822 8.789822 8.789822 8.789822 8.789822 8.789822 8.789822 8.789822 8.789822 8.789822 8.789822 8.789822 8.789822 8.789822 8.789822 8.789822 8.789822 8.789822 8.789822 8.789822 8.789822 8.789822 8.789822 8.789822 8.789822 8.789822 8.789822 8.789822 8.789822 8.789822 8.789822 8.789822 8.789822 8.789822 8.789822 8.789822 8.789822 8.789822 8.789822 8.789822 8.789822 8.789822 8.789822 8.789822 8.789822 8.789822 8.789822 8.789822 8.789822 8.789822 8.789822 8.789822 8.789822 8.789822 8.789822 8.789822 8.789822 
8.789822 8.789822 8.789822 8.789822 8.789822 8.789822 8.789822 8.789822 8.789822 8.789822 8.789822 8.789822 8.789822 8.789822 8.789822 8.789822 8.789822 8.789822 8.789822 8.789822 8.789822 8.789822 8.789822 8.789822 8.789822 8.789822 8.789822 8.789822 8.789822 8.789822 8.789822 8.789822 8.789822 8.789822 8.789822 8.789822 8.789822 8.789822 8.789822 8.789822 8.789822 8.789822 8.789822 8.789822 8.789822 8.789822 8.789822 8.789822 8.789822 8.789822 8.789822 8.789822 8.789822 8.789822 8.789822 8.789822 8.789822 8.789822 8.789822 8.789822 8.789822 8.789822 8.789822 8.789822 
8.789822 8.789822 8.789822 8.789822 8.789822 8.789822 8.789822 8.789822 8.789822 8.789822 8.789822 8.789822 8.789822 8.789822 8.789822 8.789822 8.789822 8.789822 8.789822 8.789822 8.789822 8.789822 8.789822 8.789822 8.789822 8.789822 8.789822 8.789822 8.789822 8.789822 8.789822 8.789822 8.789822 8.789822 8.789822 8.789822 8.789822 8.789822 8.789822 8.789822 8.789822 8.789822 8.789822 8.789822 8.789822 8.789822 8.789822 8.789822 8.789822 8.789822 8.789822 8.789822 8.789822 8.789822 8.789822 8.789822 8.789822 8.789822 8.789822 8.789822 8.789822 8.789822 8.789822 8.789822 
8.789822 8.789822 8.789822 8.789822 8.789822 8.789822 8.789822 8.789822 8.789822 8.789822 8.789822 8.789822 8.789822 8.789822 8.789822 8.789822 8.789822 8.789822 8.789822 8.789822 8.789822 8.789822 8.789822 8.789822 8.789822 8.789822 8.789822 8.789822 8.789822 8.789822 8.789822 8.789822 8.789822 8.789822 8.789822 8.789822 8.789822 8.789822 8.789822 8.789822 8.789822 8.789822 8.789822 8.789822 8.789822 8.789822 8.789822 8.789822 8.789822 8.789822 8.789822 8.789822 8.789822 8.789822 8.789822 8.789822 8.789822 8.789822 8.789822 8.789822 8.789822 8.789822 8.789822 8.789822 
8.789822 8.789822 8.789822 8.789822 8.789822 8.789822 8.789822 8.789822 8.789822 8.789822 8.789822 8.789822 8.789822 8.789822 8.789822 8.789822 8.789822 8.789822 8.789822 8.789822 8.789822 8.789822 8.789822 8.789822 8.789822 8.789822 8.789822 8.789822 8.789822 8.789822 8.789822 8.789822 8.789822 8.789822 8.789822 8.789822 8.789822 8.789822 8.789822 8.789822 8.789822 8.789822 8.789822 8.789822 8.789822 8.789822 8.789822 8.789822 8.789822 8.789822 8.789822 8.789822 8.789822 8.789822 8.789822 8.789822 8.789822 8.789822 8.789822 8.789822 8.789822 8.789822 8.789822 8.789822 
8.789822 8.789822 8.789822 8.789822 8.789822 8.789822 8.789822 8.789822 8.789822 8.789822 8.789822 8.789822 8.789822 8.789822 8.789822 8.789822 8.789822 8.789822 8.789822 8.789822 8.789822 8.789822 8.789822 8.789822 8.789822 8.789822 8.789822 8.789822 8.789822 8.789822 8.789822 8.789822 8.789822 8.789822 8.789822 8.789822 8.789822 8.789822 8.789822 8.789822 8.789822 8.789822 8.789822 8.789822 8.789822 8.789822 8.789822 8.789822 8.789822 8.789822 8.789822 8.789822 8.789822 8.789822 8.789822 8.789822 8.789822 8.789822 8.789822 8.789822 8.789822 8.789822 8.789822 8.789822 
8.789822 8.789822 8.789822 8.789822 8.789822 8.789822 8.789822 8.789822 8.789822 8.789822 8.789822 8.789822 8.789822 8.789822 8.789822 8.789822 8.789822 8.789822 8.789822 8.789822 8.789822 8.789822 8.789822 8.789822 8.789822 8.789822 8.789822 8.789822 8.789822 8.789822 8.789822 8.789822 8.789822 8.789822 8.789822 8.789822 8.789822 8.789822 8.789822 8.789822 8.789822 8.789822 8.789822 8.789822 8.789822 8.789822 8.789822 8.789822 8.789822 8.789822 8.789822 8.789822 8.789822 8.789822 8.789822 8.789822 8.789822 8.789822 8.789822 8.789822 8.789822 8.789822 8.789822 8.789822 
8.789822 8.789822 8.789822 8.789822 8.789822 8.789822 8.789822 8.789822 8.789822 8.789822 8.789822 8.789822 8.789822 8.789822 8.789822 8.789822 8.789822 8.789822 8.789822 8.789822 8.789822 8.789822 8.789822 8.789822 8.789822 8.789822 8.789822 8.789822 8.789822 8.789822 8.789822 8.789822 8.789822 8.789822 8.789822 8.789822 8.789822 8.789822 8.789822 8.789822 8.789822 8.789822 8.789822 8.789822 8.789822 8.789822 8.789822 8.789822 8.789822 8.789822 8.789822 8.789822 8.789822 8.789822 8.789822 8.789822 8.789822 8.789822 8.789822 8.789822 8.789822 8.789822 8.789822 8.789822 
8.789822 8.789822 8.789822 8.789822 8.789822 8.789822 8.789822 8.789822 8.789822 8.789822 8.789822 8.789822 8.789822 8.789822 8.789822 8.789822 8.789822 8.789822 8.789822 8.789822 8.789822 8.789822 8.789822 8.789822 8.789822 8.789822 8.789822 8.789822 8.789822 8.789822 8.789822 8.789822 8.789822 8.789822 8.789822 8.789822 8.789822 8.789822 8.789822 8.789822 8.789822 8.789822 8.789822 8.789822 8.789822 8.789822 8.789822 8.789822 8.789822 8.789822 8.789822 8.789822 8.789822 8.789822 8.789822 8.789822 8.789822 8.789822 8.789822 8.789822 8.789822 8.789822 8.789822 8.789822 
8.789822 8.789822 8.789822 8.789822 8.789822 8.789822 8.789822 8.789822 8.789822 8.789822 8.789822 8.789822 8.789822 8.789822 8.789822 8.789822 8.789822 8.789822 8.789822 8.789822 8.789822 8.789822 8.789822 8.789822 8.789822 8.789822 8.789822 8.789822 8.789822 8.789822 8.789822 8.789822 8.789822 8.789822 8.789822 8.789822 8.789822 8.789822 8.789822 8.789822 8.789822 8.789822 8.789822 8.789822 8.789822 8.789822 8.789822 8.789822 8.789822 8.789822 8.789822 8.789822 8.789822 8.789822 8.789822 8.789822 8.789822 8.789822 8.789822 8.789822 8.789822 8.789822 8.789822 8.789822 
8.789822 8.789822 8.789822 8.789822 8.789822 8.789822 8.789822 8.789822 8.789822 8.789822 8.789822 8.789822 8.789822 8.789822 8.789822 8.789822 8.789822 8.789822 8.789822 8.789822 8.789822 8.789822 8.789822 8.789822 8.789822 8.789822 8.789822 8.789822 8.789822 8.789822 8.789822 8.789822 8.789822 8.789822 8.789822 8.789822 8.789822 8.789822 8.789822 8.789822 8.789822 8.789822 8.789822 8.789822 8.789822 8.789822 8.789822 8.789822 8.789822 8.789822 8.789822 8.789822 8.789822 8.789822 8.789822 8.789822 8.789822 8.789822 8.789822 8.789822 8.789822 8.789822 8.789822 8.789822 
8.789822 8.789822 8.789822 8.789822 8.789822 8.789822 8.789822 8.789822 8.789822 8.789822 8.789822 8.789822 8.789822 8.789822 8.789822 8.789822 8.789822 8.789822 8.789822 8.789822 8.789822 8.789822 8.789822 8.789822 8.789822 8.789822 8.789822 8.789822 8.789822 8.789822 8.789822 8.789822 8.789822 8.789822 8.789822 8.789822 8.789822 8.789822 8.789822 8.789822 8.789822 8.789822 8.789822 8.789822 8.789822 8.789822 8.789822 8.789822 8.789822 8.789822 8.789822 8.789822 8.789822 8.789822 8.789822 8.789822 8.789822 8.789822 8.789822 8.789822 8.789822 8.789822 8.789822 8.789822 
8.789822 8.789822 8.789822 8.789822 8.789822 8.789822 8.789822 8.789822 8.789822 8.789822 8.789822 8.789822 8.789822 8.789822 8.789822 8.789822 8.789822 8.789822 8.789822 8.789822 8.789822 8.789822 8.789822 8.789822 8.789822 8.789822 8.789822 8.789822 8.789822 8.789822 8.789822 8.789822 8.789822 8.789822 8.789822 8.789822 8.789822 8.789822 8.789822 8.789822 8.789822 8.789822 8.789822 8.789822 8.789822 8.789822 8.789822 8.789822 8.789822 8.789822 8.789822 8.789822 8.789822 8.789822 8.789822 8.789822 8.789822 8.789822 8.789822 8.789822 8.789822 8.789822 8.789822 8.789822 
8.789822 8.789822 8.789822 8.789822 8.789822 8.789822 8.789822 8.789822 8.789822 8.789822 8.789822 8.789822 8.789822 8.789822 8.789822 8.789822 8.789822 8.789822 8.789822 8.789822 8.789822 8.789822 8.789822 8.789822 8.789822 8.789822 8.789822 8.789822 8.789822 8.789822 8.789822 8.789822 8.789822 8.789822 8.789822 8.789822 8.789822 8.789822 8.789822 8.789822 8.789822 8.789822 8.789822 8.789822 8.789822 8.789822 8.789822 8.789822 8.789822 8.789822 8.789822 8.789822 8.789822 8.789822 8.789822 8.789822 8.789822 8.789822 8.789822 8.789822 8.789822 8.789822 8.789822 8.789822 
8.789822 8.789822 8.789822 8.789822 8.789822 8.789822 8.789822 8.789822 8.789822 8.789822 8.789822 8.789822 8.789822 8.789822 8.789822 8.789822 8.789822 8.789822 8.789822 8.789822 8.789822 8.789822 8.789822 8.789822 8.789822 8.789822 8.789822 8.789822 8.789822 8.789822 8.789822 8.789822 8.789822 8.789822 8.789822 8.789822 8.789822 8.789822 8.789822 8.789822 8.789822 8.789822 8.789822 8.789822 8.789822 8.789822 8.789822 8.789822 8.789822 8.789822 8.789822 8.789822 8.789822 8.789822 8.789822 8.789822 8.789822 8.789822 8.789822 8.789822 8.789822 8.789822 8.789822 8.789822 
8.789822 8.789822 8.789822 8.789822 8.789822 8.789822 8.789822 8.789822 8.789822 8.789822 8.789822 8.789822 8.789822 8.789822 8.789822 8.789822 8.789822 8.789822 8.789822 8.789822 8.789822 8.789822 8.789822 8.789822 8.789822 8.789822 8.789822 8.789822 8.789822 8.789822 8.789822 8.789822 8.789822 8.789822 8.789822 8.789822 8.789822 8.789822 8.789822 8.789822 8.789822 8.789822 8.789822 8.789822 8.789822 8.789822 8.789822 8.789822 8.789822 8.789822 8.789822 8.789822 8.789822 8.789822 8.789822 8.789822 8.789822 8.789822 8.789822 8.789822 8.789822 8.789822 8.789822 8.789822 
8.789822 8.789822 8.789822 8.789822 8.789822 8.789822 8.789822 8.789822 8.789822 8.789822 8.789822 8.789822 8.789822 8.789822 8.789822 8.789822 8.789822 8.789822 8.789822 8.789822 8.789822 8.789822 8.789822 8.789822 8.789822 8.789822 8.789822 8.789822 8.789822 8.789822 8.789822 8.789822 8.789822 8.789822 8.789822 8.789822 8.789822 8.789822 8.789822 8.789822 8.789822 8.789822 8.789822 8.789822 8.789822 8.789822 8.789822 8.789822 8.789822 8.789822 8.789822 8.789822 8.789822 8.789822 8.789822 8.789822 8.789822 8.789822 8.789822 8.789822 8.789822 8.789822 8.789822 8.789822 
8.789822 8.789822 8.789822 8.789822 8.789822 8.789822 8.789822 8.789822 8.789822 8.789822 8.789822 8.789822 8.789822 8.789822 8.789822 8.789822 8.789822 8.789822 8.789822 8.789822 8.789822 8.789822 8.789822 8.789822 8.789822 8.789822 8.789822 8.789822 8.789822 8.789822 8.789822 8.789822 8.789822 8.789822 8.789822 8.789822 8.789822 8.789822 8.789822 8.789822 8.789822 8.789822 8.789822 8.789822 8.789822 8.789822 8.789822 8.789822 8.789822 8.789822 8.789822 8.789822 8.789822 8.789822 8.789822 8.789822 8.789822 8.789822 8.789822 8.789822 8.789822 8.789822 8.789822 8.789822 
