8.386434 8.386434 8.386434 8.386434 8.386434 8.386434 8.386434 8.386434 8.386434 8.386434 8.386434 8.386434 8.386434 8.386434 8.386434 8.386434 8.386434 8.386434 8.386434 8.386434 8.386434 8.386434 8.386434 8.386434 8.386434 8.386434 8.386434 8.386434 8.386434 8.386434 8.386434 8.386434 8.386434 8.386434 8.386434 8.386434 8.386434 8.386434 8.386434 8.386434 8.386434 8.386434 8.386434 8.386434 8.386434 8.386434 8.386434 8.386434 8.386434 8.386434 8.386434 8.386434 8.386434 8.386434 8.386434 8.386434 8.386434 8.386434 8.386434 8.386434 8.386434 8.386434 8.386434 8.386434 
8.386434 8.386434 8.386434 8.386434 8.386434 8.386434 8.386434 8.386434 8.386434 8.386434 8.386434 8.386434 8.386434 8.386434 8.386434 8.386434 8.386434 8.386434 8.386434 8.386434 8.386434 8.386434 8.386434 8.386434 8.386434 8.386434 8.386434 8.386434 8.386434 8.386434 8.386434 8.386434 8.386434 8.386434 8.386434 8.386434 8.386434 8.386434 8.386434 8.386434 8.386434 8.386434 8.386434 8.386434 8.386434 8.386434 8.386434 8.386434 8.386434 8.386434 8.386434 8.386434 8.386434 8.386434 8.386434 8.386434 8.386434 8.386434 8.386434 8.386434 8.386434 8.386434 8.386434 8.386434 
8.386434 8.386434 8.386434 8.386434 8.386434 8.386434 8.386434 8.386434 8.386434 8.386434 8.386434 8.386434 8.386434 8.386434 8.386434 8.386434 8.386434 8.386434 8.386434 8.386434 8.386434 8.386434 8.386434 8.386434 8.386434 8.386434 8.386434 8.386434 8.386434 8.386434 8.386434 8.386434 8.386434 8.386434 8.386434 8.386434 8.386434 8.386434 8.386434 8.386434 8.386434 8.386434 8.386434 8.386434 8.386434 8.386434 8.386434 8.386434 8.386434 8.386434 8.386434 8.386434 8.386434 8.386434 8.386434 8.386434 8.386434 8.386434 8.386434 8.386434 8.386434 8.386434 8.386434 8.386434 
8.386434 8.386434 8.386434 8.386434 8.386434 8.386434 8.386434 8.386434 8.386434 8.386434 8.386434 8.386434 8.386434 8.386434 8.386434 8.386434 8.386434 8.386434 8.386434 8.386434 8.386434 8.386434 8.386434 8.386434 8.386434 8.386434 8.386434 8.386434 8.386434 8.386434 8.386434 8.386434 8.386434 8.386434 8.386434 8.386434 8.386434 8.386434 8.386434 8.386434 8.386434 8.386434 8.386434 8.386434 8.386434 8.386434 8.386434 8.386434 8.386434 8.386434 8.386434 8.386434 8.386434 8.386434 8.386434 8.386434 8.386434 8.386434 8.386434 8.386434 8.386434 8.386434 8.386434 8.386434 
8.386434 8.386434 8.386434 8.386434 8.386434 8.386434 8.386434 8.386434 8.386434 8.386434 8.386434 8.386434 8.386434 8.386434 8.386434 8.386434 8.386434 8.386434 8.386434 8.386434 8.386434 8.386434 8.386434 8.386434 8.386434 8.386434 8.386434 8.386434 8.386434 8.386434 8.386434 8.386434 8.386434 8.386434 8.386434 8.386434 8.386434 8.386434 8.386434 8.386434 8.386434 8.386434 8.386434 8.386434 8.386434 8.386434 8.386434 8.386434 8.386434 8.386434 8.386434 8.386434 8.386434 8.386434 8.386434 8.386434 8.386434 8.386434 8.386434 8.386434 8.386434 8.386434 8.386434 8.386434 
8.386434 8.386434 8.386434 8.386434 8.386434 8.386434 8.386434 8.386434 8.386434 8.386434 8.386434 8.386434 8.386434 8.386434 8.386434 8.386434 8.386434 8.386434 8.386434 8.386434 8.386434 8.386434 8.386434 8.386434 8.386434 8.386434 8.386434 8.386434 8.386434 8.386434 8.386434 8.386434 8.386434 8.386434 8.386434 8.386434 8.386434 8.386434 8.386434 8.386434 8.386434 8.386434 8.386434 8.386434 8.386434 8.386434 8.386434 8.386434 8.386434 8.386434 8.386434 8.386434 8.386434 8.386434 8.386434 8.386434 8.386434 8.386434 8.386434 8.386434 8.386434 8.386434 8.386434 8.386434 
8.386434 8.386434 8.386434 8.386434 8.386434 8.386434 8.386434 8.386434 8.386434 8.386434 8.386434 8.386434 8.386434 8.386434 8.386434 8.386434 8.386434 8.386434 8.386434 8.386434 8.386434 8.386434 8.386434 8.386434 8.386434 8.386434 8.386434 8.386434 8.386434 8.386434 8.386434 8.386434 8.386434 8.386434 8.386434 8.386434 8.386434 8.386434 8.386434 8.386434 8.386434 8.386434 8.386434 8.386434 8.386434 8.386434 8.386434 8.386434 8.386434 8.386434 8.386434 8.386434 8.386434 8.386434 8.386434 8.386434 8.386434 8.386434 8.386434 8.386434 8.386434 8.386434 8.386434 8.386434 
8.386434 8.386434 8.386434 8.386434 8.386434 8.386434 8.386434 8.386434 8.386434 8.386434 8.386434 8.386434 8.386434 8.386434 8.386434 8.386434 8.386434 8.386434 8.386434 8.386434 8.386434 8.386434 8.386434 8.386434 8.386434 8.386434 8.386434 8.386434 8.386434 8.386434 8.386434 8.386434 8.386434 8.386434 8.386434 8.386434 8.386434 8.386434 8.386434 8.386434 8.386434 8.386434 8.386434 8.386434 8.386434 8.386434 8.386434 8.386434 8.386434 8.386434 8.386434 8.386434 8.386434 8.386434 8.386434 8.386434 8.386434 8.386434 8.386434 8.386434 8.386434 8.386434 8.386434 8.386434 
8.386434 8.386434 8.386434 8.386434 8.386434 8.386434 8.386434 8.386434 8.386434 8.386434 8.386434 8.386434 8.386434 8.386434 8.386434 8.386434 8.386434 8.386434 8.386434 8.386434 8.386434 8.386434 8.386434 8.386434 8.386434 8.386434 8.386434 8.386434 8.386434 8.386434 8.386434 8.386434 8.386434 8.386434 8.386434 8.386434 8.386434 8.386434 8.386434 8.386434 8.386434 8.386434 8.386434 8.386434 8.386434 8.386434 8.386434 8.386434 8.386434 8.386434 8.386434 8.386434 8.386434 8.386434 8.386434 8.386434 8.386434 8.386434 8.386434 8.386434 8.386434 8.386434 8.386434 8.386434 
8.386434 8.386434 8.386434 8.386434 8.386434 8.386434 8.386434 8.386434 8.386434 8.386434 8.386434 8.386434 8.386434 8.386434 8.386434 8.386434 8.386434 8.386434 8.386434 8.386434 8.386434 8.386434 8.386434 8.386434 8.386434 8.386434 8.386434 8.386434 8.386434 8.386434 8.386434 8.386434 8.386434 8.386434 8.386434 8.386434 8.386434 8.386434 8.386434 8.386434 8.386434 8.386434 8.386434 8.386434 8.386434 8.386434 8.386434 8.386434 8.386434 8.386434 8.386434 8.386434 8.386434 8.386434 8.386434 8.386434 8.386434 8.386434 8.386434 8.386434 8.386434 8.386434 8.386434 8.386434 
8.386434 8.386434 8.386434 8.386434 8.386434 8.386434 8.386434 8.386434 8.386434 8.386434 8.386434 8.386434 8.386434 8.386434 8.386434 8.386434 8.386434 8.386434 8.386434 8.386434 8.386434 8.386434 8.386434 8.386434 8.386434 8.386434 8.386434 8.386434 8.386434 8.386434 8.386434 8.386434 8.386434 8.386434 8.386434 8.386434 8.386434 8.386434 8.386434 8.386434 8.386434 8.386434 8.386434 8.386434 8.386434 8.386434 8.386434 8.386434 8.386434 8.386434 8.386434 8.386434 8.386434 8.386434 8.386434 8.386434 8.386434 8.386434 8.386434 8.386434 8.386434 8.386434 8.386434 8.386434 
8.386434 8.386434 8.386434 8.386434 8.386434 8.386434 8.386434 8.386434 8.386434 8.386434 8.386434 8.386434 8.386434 8.386434 8.386434 8.386434 8.386434 8.386434 8.386434 8.386434 8.386434 8.386434 8.386434 8.386434 8.386434 8.386434 8.386434 8.386434 8.386434 8.386434 8.386434 8.386434 8.386434 8.386434 8.386434 8.386434 8.386434 8.386434 8.386434 8.386434 8.386434 8.386434 8.386434 8.386434 8.386434 8.386434 8.386434 8.386434 8.386434 8.386434 8.386434 8.386434 8.386434 8.386434 8.386434 8.386434 8.386434 8.386434 8.386434 8.386434 8.386434 8.386434 8.386434 8.386434 
8.386434 8.386434 8.386434 8.386434 8.386434 8.386434 8.386434 8.386434 8.386434 8.386434 8.386434 8.386434 8.386434 8.386434 8.386434 8.386434 8.386434 8.386434 8.386434 8.386434 8.386434 8.386434 8.386434 8.386434 8.386434 8.386434 8.386434 8.386434 8.386434 8.386434 8.386434 8.386434 8.386434 8.386434 8.386434 8.386434 8.386434 8.386434 8.386434 8.386434 8.386434 8.386434 8.386434 8.386434 8.386434 8.386434 8.386434 8.386434 8.386434 8.386434 8.386434 8.386434 8.386434 8.386434 8.386434 8.386434 8.386434 8.386434 8.386434 8.386434 8.386434 8.386434 8.386434 8.386434 
8.386434 8.386434 8.386434 8.386434 8.386434 8.386434 8.386434 8.386434 8.386434 8.386434 8.386434 8.386434 8.386434 8.386434 8.386434 8.386434 8.386434 8.386434 8.386434 8.386434 8.386434 8.386434 8.386434 8.386434 8.386434 8.386434 8.386434 8.386434 8.386434 8.386434 8.386434 8.386434 8.386434 8.386434 8.386434 8.386434 8.386434 8.386434 8.386434 8.386434 8.386434 8.386434 8.386434 8.386434 8.386434 8.386434 8.386434 8.386434 8.386434 8.386434 8.386434 8.386434 8.386434 8.386434 8.386434 8.386434 8.386434 8.386434 8.386434 8.386434 8.386434 8.386434 8.386434 8.386434 
8.386434 8.386434 8.386434 8.386434 8.386434 8.386434 8.386434 8.386434 8.386434 8.386434 8.386434 8.386434 8.386434 8.386434 8.386434 8.386434 8.386434 8.386434 8.386434 8.386434 8.386434 8.386434 8.386434 8.386434 8.386434 8.386434 8.386434 8.386434 8.386434 8.386434 8.386434 8.386434 8.386434 8.386434 8.386434 8.386434 8.386434 8.386434 8.386434 8.386434 8.386434 8.386434 8.386434 8.386434 8.386434 8.386434 8.386434 8.386434 8.386434 8.386434 8.386434 8.386434 8.386434 8.386434 8.386434 8.386434 8.386434 8.386434 8.386434 8.386434 8.386434 8.386434 8.386434 8.386434 
8.386434 8.386434 8.386434 8.386434 8.386434 8.386434 8.386434 8.386434 8.386434 8.386434 8.386434 8.386434 8.386434 8.386434 8.386434 8.386434 8.386434 8.386434 8.386434 8.386434 8.386434 8.386434 8.386434 8.386434 8.386434 8.386434 8.386434 8.386434 8.386434 8.386434 8.386434 8.386434 8.386434 8.386434 8.386434 8.386434 8.386434 8.386434 8.386434 8.386434 8.386434 8.386434 8.386434 8.386434 8.386434 8.386434 8.386434 8.386434 8.386434 8.386434 8.386434 8.386434 8.386434 8.386434 8.386434 8.386434 8.386434 8.386434 8.386434 8.386434 8.386434 8.386434 8.386434 8.386434 
8.386434 8.386434 8.386434 8.386434 8.386434 8.386434 8.386434 8.386434 8.386434 8.386434 8.386434 8.386434 8.386434 8.386434 8.386434 8.386434 8.386434 8.386434 8.386434 8.386434 8.386434 8.386434 8.386434 8.386434 8.386434 8.386434 8.386434 8.386434 8.386434 8.386434 8.386434 8.386434 8.386434 8.386434 8.386434 8.386434 8.386434 8.386434 8.386434 8.386434 8.386434 8.386434 8.386434 8.386434 8.386434 8.386434 8.386434 8.386434 8.386434 8.386434 8.386434 8.386434 8.386434 8.386434 8.386434 8.386434 8.386434 8.386434 8.386434 8.386434 8.386434 8.386434 8.386434 8.386434 
8.386434 8.386434 8.386434 8.386434 8.386434 8.386434 8.386434 8.386434 8.386434 8.386434 8.386434 8.386434 8.386434 8.386434 8.386434 8.386434 8.386434 8.386434 8.386434 8.386434 8.386434 8.386434 8.386434 8.386434 8.386434 8.386434 8.386434 8.386434 8.386434 8.386434 8.386434 8.386434 8.386434 8.386434 8.386434 8.386434 8.386434 8.386434 8.386434 8.386434 8.386434 8.386434 8.386434 8.386434 8.386434 8.386434 8.386434 8.386434 8.386434 8.386434 8.386434 8.386434 8.386434 8.386434 8.386434 8.386434 8.386434 8.386434 8.386434 8.386434 8.386434 8.386434 8.386434 8.386434 
8.386434 8.386434 8.386434 8.386434 8.386434 8.386434 8.386434 8.386434 8.386434 8.386434 8.386434 8.386434 8.386434 8.386434 8.386434 8.386434 8.386434 8.386434 8.386434 8.386434 8.386434 8.386434 8.386434 8.386434 8.386434 8.386434 8.386434 8.386434 8.386434 8.386434 8.386434 8.386434 8.386434 8.386434 8.386434 8.386434 8.386434 8.386434 8.386434 8.386434 8.386434 8.386434 8.386434 8.386434 8.386434 8.386434 8.386434 8.386434 8.386434 8.386434 8.386434 8.386434 8.386434 8.386434 8.386434 8.386434 8.386434 8.386434 8.386434 8.386434 8.386434 8.386434 8.386434 8.386434 
8.386434 8.386434 8.386434 8.386434 8.386434 8.386434 8.386434 8.386434 8.386434 8.386434 8.386434 8.386434 8.386434 8.386434 8.386434 8.386434 8.386434 8.386434 8.386434 8.386434 8.386434 8.386434 8.386434 8.386434 8.386434 8.386434 8.386434 8.386434 8.386434 8.386434 8.386434 8.386434 8.386434 8.386434 8.386434 8.386434 8.386434 8.386434 8.386434 8.386434 8.386434 8.386434 8.386434 8.386434 8.386434 8.386434 8.386434 8.386434 8.386434 8.386434 8.386434 8.386434 8.386434 8.386434 8.386434 8.386434 8.386434 8.386434 8.386434 8.386434 8.386434 8.386434 8.386434 8.386434 
8.386434 8.386434 8.386434 8.386434 8.386434 8.386434 8.386434 8.386434 8.386434 8.386434 8.386434 8.386434 8.386434 8.386434 8.386434 8.386434 8.386434 8.386434 8.386434 8.386434 8.386434 8.386434 8.386434 8.386434 8.386434 8.386434 8.386434 8.386434 8.386434 8.386434 8.386434 8.386434 8.386434 8.386434 8.386434 8.386434 8.386434 8.386434 8.386434 8.386434 8.386434 8.386434 8.386434 8.386434 8.386434 8.386434 8.386434 8.386434 8.386434 8.386434 8.386434 8.386434 8.386434 8.386434 8.386434 8.386434 8.386434 8.386434 8.386434 8.386434 8.386434 8.386434 8.386434 8.386434 
8.386434 8.386434 8.386434 8.386434 8.386434 8.386434 8.386434 8.386434 8.386434 8.386434 8.386434 8.386434 8.386434 8.386434 8.386434 8.386434 8.386434 8.386434 8.386434 8.386434 8.386434 8.386434 8.386434 8.386434 8.386434 8.386434 8.386434 8.386434 8.386434 8.386434 8.386434 8.386434 8.386434 8.386434 8.386434 8.386434 8.386434 8.386434 8.386434 8.386434 8.386434 8.386434 8.386434 8.386434 8.386434 8.386434 8.386434 8.386434 8.386434 8.386434 8.386434 8.386434 8.386434 8.386434 8.386434 8.386434 8.386434 8.386434 8.386434 8.386434 8.386434 8.386434 8.386434 8.386434 
8.386434 8.386434 8.386434 8.386434 8.386434 8.386434 8.386434 8.386434 8.386434 8.386434 8.386434 8.386434 8.386434 8.386434 8.386434 8.386434 8.386434 8.386434 8.386434 8.386434 8.386434 8.386434 8.386434 8.386434 8.386434 8.386434 8.386434 8.386434 8.386434 8.386434 8.386434 8.386434 8.386434 8.386434 8.386434 8.386434 8.386434 8.386434 8.386434 8.386434 8.386434 8.386434 8.386434 8.386434 8.386434 8.386434 8.386434 8.386434 8.386434 8.386434 8.386434 8.386434 8.386434 8.386434 8.386434 8.386434 8.386434 8.386434 8.386434 8.386434 8.386434 8.386434 8.386434 8.386434 
8.386434 8.386434 8.386434 8.386434 8.386434 8.386434 8.386434 8.386434 8.386434 8.386434 8.386434 8.386434 8.386434 8.386434 8.386434 8.386434 8.386434 8.386434 8.386434 8.386434 8.386434 8.386434 8.386434 8.386434 8.386434 8.386434 8.386434 8.386434 8.386434 8.386434 8.386434 8.386434 8.386434 8.386434 8.386434 8.386434 8.386434 8.386434 8.386434 8.386434 8.386434 8.386434 8.386434 8.386434 8.386434 8.386434 8.386434 8.386434 8.386434 8.386434 8.386434 8.386434 8.386434 8.386434 8.386434 8.386434 8.386434 8.386434 8.386434 8.386434 8.386434 8.386434 8.386434 8.386434 
8.386434 8.386434 8.386434 8.386434 8.386434 8.386434 8.386434 8.386434 8.386434 8.386434 8.386434 8.386434 8.386434 8.386434 8.386434 8.386434 8.386434 8.386434 8.386434 8.386434 8.386434 8.386434 8.386434 8.386434 8.386434 8.386434 8.386434 8.386434 8.386434 8.386434 8.386434 8.386434 8.386434 8.386434 8.386434 8.386434 8.386434 8.386434 8.386434 8.386434 8.386434 8.386434 8.386434 8.386434 8.386434 8.386434 8.386434 8.386434 8.386434 8.386434 8.386434 8.386434 8.386434 8.386434 8.386434 8.386434 8.386434 8.386434 8.386434 8.386434 8.386434 8.386434 8.386434 8.386434 
8.386434 8.386434 8.386434 8.386434 8.386434 8.386434 8.386434 8.386434 8.386434 8.386434 8.386434 8.386434 8.386434 8.386434 8.386434 8.386434 8.386434 8.386434 8.386434 8.386434 8.386434 8.386434 8.386434 8.386434 8.386434 8.386434 8.386434 8.386434 8.386434 8.386434 8.386434 8.386434 8.386434 8.386434 8.386434 8.386434 8.386434 8.386434 8.386434 8.386434 8.386434 8.386434 8.386434 8.386434 8.386434 8.386434 8.386434 8.386434 8.386434 8.386434 8.386434 8.386434 8.386434 8.386434 8.386434 8.386434 8.386434 8.386434 8.386434 8.386434 8.386434 8.386434 8.386434 8.386434 
8.386434 8.386434 8.386434 8.386434 8.386434 8.386434 8.386434 8.386434 8.386434 8.386434 8.386434 8.386434 8.386434 8.386434 8.386434 8.386434 8.386434 8.386434 8.386434 8.386434 8.386434 8.386434 8.386434 8.386434 8.386434 8.386434 8.386434 8.386434 8.386434 8.386434 8.386434 8.386434 8.386434 8.386434 8.386434 8.386434 8.386434 8.386434 8.386434 8.386434 8.386434 8.386434 8.386434 8.386434 8.386434 8.386434 8.386434 8.386434 8.386434 8.386434 8.386434 8.386434 8.386434 8.386434 8.386434 8.386434 8.386434 8.386434 8.386434 8.386434 8.386434 8.386434 8.386434 8.386434 
8.386434 8.386434 8.386434 8.386434 8.386434 8.386434 8.386434 8.386434 8.386434 8.386434 8.386434 8.386434 8.386434 8.386434 8.386434 8.386434 8.386434 8.386434 8.386434 8.386434 8.386434 8.386434 8.386434 8.386434 8.386434 8.386434 8.386434 8.386434 8.386434 8.386434 8.386434 8.386434 8.386434 8.386434 8.386434 8.386434 8.386434 8.386434 8.386434 8.386434 8.386434 8.386434 8.386434 8.386434 8.386434 8.386434 8.386434 8.386434 8.386434 8.386434 8.386434 8.386434 8.386434 8.386434 8.386434 8.386434 8.386434 8.386434 8.386434 8.386434 8.386434 8.386434 8.386434 8.386434 
8.386434 8.386434 8.386434 8.386434 8.386434 8.386434 8.386434 8.386434 8.386434 8.386434 8.386434 8.386434 8.386434 8.386434 8.386434 8.386434 8.386434 8.386434 8.386434 8.386434 8.386434 8.386434 8.386434 8.386434 8.386434 8.386434 8.386434 8.386434 8.386434 8.386434 8.386434 8.386434 8.386434 8.386434 8.386434 8.386434 8.386434 8.386434 8.386434 8.386434 8.386434 8.386434 8.386434 8.386434 8.386434 8.386434 8.386434 8.386434 8.386434 8.386434 8.386434 8.386434 8.386434 8.386434 8.386434 8.386434 8.386434 8.386434 8.386434 8.386434 8.386434 8.386434 8.386434 8.386434 
8.386434 8.386434 8.386434 8.386434 8.386434 8.386434 8.386434 8.386434 8.386434 8.386434 8.386434 8.386434 8.386434 8.386434 8.386434 8.386434 8.386434 8.386434 8.386434 8.386434 8.386434 8.386434 8.386434 8.386434 8.386434 8.386434 8.386434 8.386434 8.386434 8.386434 8.386434 8.386434 8.386434 8.386434 8.386434 8.386434 8.386434 8.386434 8.386434 8.386434 8.386434 8.386434 8.386434 8.386434 8.386434 8.386434 8.386434 8.386434 8.386434 8.386434 8.386434 8.386434 8.386434 8.386434 8.386434 8.386434 8.386434 8.386434 8.386434 8.386434 8.386434 8.386434 8.386434 8.386434 
8.386434 8.386434 8.386434 8.386434 8.386434 8.386434 8.386434 8.386434 8.386434 8.386434 8.386434 8.386434 8.386434 8.386434 8.386434 8.386434 8.386434 8.386434 8.386434 8.386434 8.386434 8.386434 8.386434 8.386434 8.386434 8.386434 8.386434 8.386434 8.386434 8.386434 8.386434 8.386434 8.386434 8.386434 8.386434 8.386434 8.386434 8.386434 8.386434 8.386434 8.386434 8.386434 8.386434 8.386434 8.386434 8.386434 8.386434 8.386434 8.386434 8.386434 8.386434 8.386434 8.386434 8.386434 8.386434 8.386434 8.386434 8.386434 8.386434 8.386434 8.386434 8.386434 8.386434 8.386434 
8.386434 8.386434 8.386434 8.386434 8.386434 8.386434 8.386434 8.386434 8.386434 8.386434 8.386434 8.386434 8.386434 8.386434 8.386434 8.386434 8.386434 8.386434 8.386434 8.386434 8.386434 8.386434 8.386434 8.386434 8.386434 8.386434 8.386434 8.386434 8.386434 8.386434 8.386434 8.386434 8.386434 8.386434 8.386434 8.386434 8.386434 8.386434 8.386434 8.386434 8.386434 8.386434 8.386434 8.386434 8.386434 8.386434 8.386434 8.386434 8.386434 8.386434 8.386434 8.386434 8.386434 8.386434 8.386434 8.386434 8.386434 8.386434 8.386434 8.386434 8.386434 8.386434 8.386434 8.386434 
8.386434 8.386434 8.386434 8.386434 8.386434 8.386434 8.386434 8.386434 8.386434 8.386434 8.386434 8.386434 8.386434 8.386434 8.386434 8.386434 8.386434 8.386434 8.386434 8.386434 8.386434 8.386434 8.386434 8.386434 8.386434 8.386434 8.386434 8.386434 8.386434 8.386434 8.386434 8.386434 8.386434 8.386434 8.386434 8.386434 8.386434 8.386434 8.386434 8.386434 8.386434 8.386434 8.386434 8.386434 8.386434 8.386434 8.386434 8.386434 8.386434 8.386434 8.386434 8.386434 8.386434 8.386434 8.386434 8.386434 8.386434 8.386434 8.386434 8.386434 8.386434 8.386434 8.386434 8.386434 
8.386434 8.386434 8.386434 8.386434 8.386434 8.386434 8.386434 8.386434 8.386434 8.386434 8.386434 8.386434 8.386434 8.386434 8.386434 8.386434 8.386434 8.386434 8.386434 8.386434 8.386434 8.386434 8.386434 8.386434 8.386434 8.386434 8.386434 8.386434 8.386434 8.386434 8.386434 8.386434 8.386434 8.386434 8.386434 8.386434 8.386434 8.386434 8.386434 8.386434 8.386434 8.386434 8.386434 8.386434 8.386434 8.386434 8.386434 8.386434 8.386434 8.386434 8.386434 8.386434 8.386434 8.386434 8.386434 8.386434 8.386434 8.386434 8.386434 8.386434 8.386434 8.386434 8.386434 8.386434 
8.386434 8.386434 8.386434 8.386434 8.386434 8.386434 8.386434 8.386434 8.386434 8.386434 8.386434 8.386434 8.386434 8.386434 8.386434 8.386434 8.386434 8.386434 8.386434 8.386434 8.386434 8.386434 8.386434 8.386434 8.386434 8.386434 8.386434 8.386434 8.386434 8.386434 8.386434 8.386434 8.386434 8.386434 8.386434 8.386434 8.386434 8.386434 8.386434 8.386434 8.386434 8.386434 8.386434 8.386434 8.386434 8.386434 8.386434 8.386434 8.386434 8.386434 8.386434 8.386434 8.386434 8.386434 8.386434 8.386434 8.386434 8.386434 8.386434 8.386434 8.386434 8.386434 8.386434 8.386434 
8.386434 8.386434 8.386434 8.386434 8.386434 8.386434 8.386434 8.386434 8.386434 8.386434 8.386434 8.386434 8.386434 8.386434 8.386434 8.386434 8.386434 8.386434 8.386434 8.386434 8.386434 8.386434 8.386434 8.386434 8.386434 8.386434 8.386434 8.386434 8.386434 8.386434 8.386434 8.386434 8.386434 8.386434 8.386434 8.386434 8.386434 8.386434 8.386434 8.386434 8.386434 8.386434 8.386434 8.386434 8.386434 8.386434 8.386434 8.386434 8.386434 8.386434 8.386434 8.386434 8.386434 8.386434 8.386434 8.386434 8.386434 8.386434 8.386434 8.386434 8.386434 8.386434 8.386434 8.386434 
8.386434 8.386434 8.386434 8.386434 8.386434 8.386434 8.386434 8.386434 8.386434 8.386434 8.386434 8.386434 8.386434 8.386434 8.386434 8.386434 8.386434 8.386434 8.386434 8.386434 8.386434 8.386434 8.386434 8.386434 8.386434 8.386434 8.386434 8.386434 8.386434 8.386434 8.386434 8.386434 8.386434 8.386434 8.386434 8.386434 8.386434 8.386434 8.386434 8.386434 8.386434 8.386434 8.386434 8.386434 8.386434 8.386434 8.386434 8.386434 8.386434 8.386434 8.386434 8.386434 8.386434 8.386434 8.386434 8.386434 8.386434 8.386434 8.386434 8.386434 8.386434 8.386434 8.386434 8.386434 
8.386434 8.386434 8.386434 8.386434 8.386434 8.386434 8.386434 8.386434 8.386434 8.386434 8.386434 8.386434 8.386434 8.386434 8.386434 8.386434 8.386434 8.386434 8.386434 8.386434 8.386434 8.386434 8.386434 8.386434 8.386434 8.386434 8.386434 8.386434 8.386434 8.386434 8.386434 8.386434 8.386434 8.386434 8.386434 8.386434 8.386434 8.386434 8.386434 8.386434 8.386434 8.386434 8.386434 8.386434 8.386434 8.386434 8.386434 8.386434 8.386434 8.386434 8.386434 8.386434 8.386434 8.386434 8.386434 8.386434 8.386434 8.386434 8.386434 8.386434 8.386434 8.386434 8.386434 8.386434 
8.386434 8.386434 8.386434 8.386434 8.386434 8.386434 8.386434 8.386434 8.386434 8.386434 8.386434 8.386434 8.386434 8.386434 8.386434 8.386434 8.386434 8.386434 8.386434 8.386434 8.386434 8.386434 8.386434 8.386434 8.386434 8.386434 8.386434 8.386434 8.386434 8.386434 8.386434 8.386434 8.386434 8.386434 8.386434 8.386434 8.386434 8.386434 8.386434 8.386434 8.386434 8.386434 8.386434 8.386434 8.386434 8.386434 8.386434 8.386434 8.386434 8.386434 8.386434 8.386434 8.386434 8.386434 8.386434 8.386434 8.386434 8.386434 8.386434 8.386434 8.386434 8.386434 8.386434 8.386434 
8.386434 8.386434 8.386434 8.386434 8.386434 8.386434 8.386434 8.386434 8.386434 8.386434 8.386434 8.386434 8.386434 8.386434 8.386434 8.386434 8.386434 8.386434 8.386434 8.386434 8.386434 8.386434 8.386434 8.386434 8.386434 8.386434 8.386434 8.386434 8.386434 8.386434 8.386434 8.386434 8.386434 8.386434 8.386434 8.386434 8.386434 8.386434 8.386434 8.386434 8.386434 8.386434 8.386434 8.386434 8.386434 8.386434 8.386434 8.386434 8.386434 8.386434 8.386434 8.386434 8.386434 8.386434 8.386434 8.386434 8.386434 8.386434 8.386434 8.386434 8.386434 8.386434 8.386434 8.386434 
8.386434 8.386434 8.386434 8.386434 8.386434 8.386434 8.386434 8.386434 8.386434 8.386434 8.386434 8.386434 8.386434 8.386434 8.386434 8.386434 8.386434 8.386434 8.386434 8.386434 8.386434 8.386434 8.386434 8.386434 8.386434 8.386434 8.386434 8.386434 8.386434 8.386434 8.386434 8.386434 8.386434 8.386434 8.386434 8.386434 8.386434 8.386434 8.386434 8.386434 8.386434 8.386434 8.386434 8.386434 8.386434 8.386434 8.386434 8.386434 8.386434 8.386434 8.386434 8.386434 8.386434 8.386434 8.386434 8.386434 8.386434 8.386434 8.386434 8.386434 8.386434 8.386434 8.386434 8.386434 
8.386434 8.386434 8.386434 8.386434 8.386434 8.386434 8.386434 8.386434 8.386434 8.386434 8.386434 8.386434 8.386434 8.386434 8.386434 8.386434 8.386434 8.386434 8.386434 8.386434 8.386434 8.386434 8.386434 8.386434 8.386434 8.386434 8.386434 8.386434 8.386434 8.386434 8.386434 8.386434 8.386434 8.386434 8.386434 8.386434 8.386434 8.386434 8.386434 8.386434 8.386434 8.386434 8.386434 8.386434 8.386434 8.386434 8.386434 8.386434 8.386434 8.386434 8.386434 8.386434 8.386434 8.386434 8.386434 8.386434 8.386434 8.386434 8.386434 8.386434 8.386434 8.386434 8.386434 8.386434 
8.386434 8.386434 8.386434 8.386434 8.386434 8.386434 8.386434 8.386434 8.386434 8.386434 8.386434 8.386434 8.386434 8.386434 8.386434 8.386434 8.386434 8.386434 8.386434 8.386434 8.386434 8.386434 8.386434 8.386434 8.386434 8.386434 8.386434 8.386434 8.386434 8.386434 8.386434 8.386434 8.386434 8.386434 8.386434 8.386434 8.386434 8.386434 8.386434 8.386434 8.386434 8.386434 8.386434 8.386434 8.386434 8.386434 8.386434 8.386434 8.386434 8.386434 8.386434 8.386434 8.386434 8.386434 8.386434 8.386434 8.386434 8.386434 8.386434 8.386434 8.386434 8.386434 8.386434 8.386434 
8.386434 8.386434 8.386434 8.386434 8.386434 8.386434 8.386434 8.386434 8.386434 8.386434 8.386434 8.386434 8.386434 8.386434 8.386434 8.386434 8.386434 8.386434 8.386434 8.386434 8.386434 8.386434 8.386434 8.386434 8.386434 8.386434 8.386434 8.386434 8.386434 8.386434 8.386434 8.386434 8.386434 8.386434 8.386434 8.386434 8.386434 8.386434 8.386434 8.386434 8.386434 8.386434 8.386434 8.386434 8.386434 8.386434 8.386434 8.386434 8.386434 8.386434 8.386434 8.386434 8.386434 8.386434 8.386434 8.386434 8.386434 8.386434 8.386434 8.386434 8.386434 8.386434 8.386434 8.386434 
8.386434 8.386434 8.386434 8.386434 8.386434 8.386434 8.386434 8.386434 8.386434 8.386434 8.386434 8.386434 8.386434 8.386434 8.386434 8.386434 8.386434 8.386434 8.386434 8.386434 8.386434 8.386434 8.386434 8.386434 8.386434 8.386434 8.386434 8.386434 8.386434 8.386434 8.386434 8.386434 8.386434 8.386434 8.386434 8.386434 8.386434 8.386434 8.386434 8.386434 8.386434 8.386434 8.386434 8.386434 8.386434 8.386434 8.386434 8.386434 8.386434 8.386434 8.386434 8.386434 8.386434 8.386434 8.386434 8.386434 8.386434 8.386434 8.386434 8.386434 8.386434 8.386434 8.386434 8.386434 
8.386434 8.386434 8.386434 8.386434 8.386434 8.386434 8.386434 8.386434 8.386434 8.386434 8.386434 8.386434 8.386434 8.386434 8.386434 8.386434 8.386434 8.386434 8.386434 8.386434 8.386434 8.386434 8.386434 8.386434 8.386434 8.386434 8.386434 8.386434 8.386434 8.386434 8.386434 8.386434 8.386434 8.386434 8.386434 8.386434 8.386434 8.386434 8.386434 8.386434 8.386434 8.386434 8.386434 8.386434 8.386434 8.386434 8.386434 8.386434 8.386434 8.386434 8.386434 8.386434 8.386434 8.386434 8.386434 8.386434 8.386434 8.386434 8.386434 8.386434 8.386434 8.386434 8.386434 8.386434 
8.386434 8.386434 8.386434 8.386434 8.386434 8.386434 8.386434 8.386434 8.386434 8.386434 8.386434 8.386434 8.386434 8.386434 8.386434 8.386434 8.386434 8.386434 8.386434 8.386434 8.386434 8.386434 8.386434 8.386434 8.386434 8.386434 8.386434 8.386434 8.386434 8.386434 8.386434 8.386434 8.386434 8.386434 8.386434 8.386434 8.386434 8.386434 8.386434 8.386434 8.386434 8.386434 8.386434 8.386434 8.386434 8.386434 8.386434 8.386434 8.386434 8.386434 8.386434 8.386434 8.386434 8.386434 8.386434 8.386434 8.386434 8.386434 8.386434 8.386434 8.386434 8.386434 8.386434 8.386434 
8.386434 8.386434 8.386434 8.386434 8.386434 8.386434 8.386434 8.386434 8.386434 8.386434 8.386434 8.386434 8.386434 8.386434 8.386434 8.386434 8.386434 8.386434 8.386434 8.386434 8.386434 8.386434 8.386434 8.386434 8.386434 8.386434 8.386434 8.386434 8.386434 8.386434 8.386434 8.386434 8.386434 8.386434 8.386434 8.386434 8.386434 8.386434 8.386434 8.386434 8.386434 8.386434 8.386434 8.386434 8.386434 8.386434 8.386434 8.386434 8.386434 8.386434 8.386434 8.386434 8.386434 8.386434 8.386434 8.386434 8.386434 8.386434 8.386434 8.386434 8.386434 8.386434 8.386434 8.386434 
8.386434 8.386434 8.386434 8.386434 8.386434 8.386434 8.386434 8.386434 8.386434 8.386434 8.386434 8.386434 8.386434 8.386434 8.386434 8.386434 8.386434 8.386434 8.386434 8.386434 8.386434 8.386434 8.386434 8.386434 8.386434 8.386434 8.386434 8.386434 8.386434 8.386434 8.386434 8.386434 8.386434 8.386434 8.386434 8.386434 8.386434 8.386434 8.386434 8.386434 8.386434 8.386434 8.386434 8.386434 8.386434 8.386434 8.386434 8.386434 8.386434 8.386434 8.386434 8.386434 8.386434 8.386434 8.386434 8.386434 8.386434 8.386434 8.386434 8.386434 8.386434 8.386434 8.386434 8.386434 
8.386434 8.386434 8.386434 8.386434 8.386434 8.386434 8.386434 8.386434 8.386434 8.386434 8.386434 8.386434 8.386434 8.386434 8.386434 8.386434 8.386434 8.386434 8.386434 8.386434 8.386434 8.386434 8.386434 8.386434 8.386434 8.386434 8.386434 8.386434 8.386434 8.386434 8.386434 8.386434 8.386434 8.386434 8.386434 8.386434 8.386434 8.386434 8.386434 8.386434 8.386434 8.386434 8.386434 8.386434 8.386434 8.386434 8.386434 8.386434 8.386434 8.386434 8.386434 8.386434 8.386434 8.386434 8.386434 8.386434 8.386434 8.386434 8.386434 8.386434 8.386434 8.386434 8.386434 8.386434 
8.386434 8.386434 8.386434 8.386434 8.386434 8.386434 8.386434 8.386434 8.386434 8.386434 8.386434 8.386434 8.386434 8.386434 8.386434 8.386434 8.386434 8.386434 8.386434 8.386434 8.386434 8.386434 8.386434 8.386434 8.386434 8.386434 8.386434 8.386434 8.386434 8.386434 8.386434 8.386434 8.386434 8.386434 8.386434 8.386434 8.386434 8.386434 8.386434 8.386434 8.386434 8.386434 8.386434 8.386434 8.386434 8.386434 8.386434 8.386434 8.386434 8.386434 8.386434 8.386434 8.386434 8.386434 8.386434 8.386434 8.386434 8.386434 8.386434 8.386434 8.386434 8.386434 8.386434 8.386434 
8.386434 8.386434 8.386434 8.386434 8.386434 8.386434 8.386434 8.386434 8.386434 8.386434 8.386434 8.386434 8.386434 8.386434 8.386434 8.386434 8.386434 8.386434 8.386434 8.386434 8.386434 8.386434 8.386434 8.386434 8.386434 8.386434 8.386434 8.386434 8.386434 8.386434 8.386434 8.386434 8.386434 8.386434 8.386434 8.386434 8.386434 8.386434 8.386434 8.386434 8.386434 8.386434 8.386434 8.386434 8.386434 8.386434 8.386434 8.386434 8.386434 8.386434 8.386434 8.386434 8.386434 8.386434 8.386434 8.386434 8.386434 8.386434 8.386434 8.386434 8.386434 8.386434 8.386434 8.386434 
8.386434 8.386434 8.386434 8.386434 8.386434 8.386434 8.386434 8.386434 8.386434 8.386434 8.386434 8.386434 8.386434 8.386434 8.386434 8.386434 8.386434 8.386434 8.386434 8.386434 8.386434 8.386434 8.386434 8.386434 8.386434 8.386434 8.386434 8.386434 8.386434 8.386434 8.386434 8.386434 8.386434 8.386434 8.386434 8.386434 8.386434 8.386434 8.386434 8.386434 8.386434 8.386434 8.386434 8.386434 8.386434 8.386434 8.386434 8.386434 8.386434 8.386434 8.386434 8.386434 8.386434 8.386434 8.386434 8.386434 8.386434 8.386434 8.386434 8.386434 8.386434 8.386434 8.386434 8.386434 
8.386434 8.386434 8.386434 8.386434 8.386434 8.386434 8.386434 8.386434 8.386434 8.386434 8.386434 8.386434 8.386434 8.386434 8.386434 8.386434 8.386434 8.386434 8.386434 8.386434 8.386434 8.386434 8.386434 8.386434 8.386434 8.386434 8.386434 8.386434 8.386434 8.386434 8.386434 8.386434 8.386434 8.386434 8.386434 8.386434 8.386434 8.386434 8.386434 8.386434 8.386434 8.386434 8.386434 8.386434 8.386434 8.386434 8.386434 8.386434 8.386434 8.386434 8.386434 8.386434 8.386434 8.386434 8.386434 8.386434 8.386434 8.386434 8.386434 8.386434 8.386434 8.386434 8.386434 8.386434 
8.386434 8.386434 8.386434 8.386434 8.386434 8.386434 8.386434 8.386434 8.386434 8.386434 8.386434 8.386434 8.386434 8.386434 8.386434 8.386434 8.386434 8.386434 8.386434 8.386434 8.386434 8.386434 8.386434 8.386434 8.386434 8.386434 8.386434 8.386434 8.386434 8.386434 8.386434 8.386434 8.386434 8.386434 8.386434 8.386434 8.386434 8.386434 8.386434 8.386434 8.386434 8.386434 8.386434 8.386434 8.386434 8.386434 8.386434 8.386434 8.386434 8.386434 8.386434 8.386434 8.386434 8.386434 8.386434 8.386434 8.386434 8.386434 8.386434 8.386434 8.386434 8.386434 8.386434 8.386434 
8.386434 8.386434 8.386434 8.386434 8.386434 8.386434 8.386434 8.386434 8.386434 8.386434 8.386434 8.386434 8.386434 8.386434 8.386434 8.386434 8.386434 8.386434 8.386434 8.386434 8.386434 8.386434 8.386434 8.386434 8.386434 8.386434 8.386434 8.386434 8.386434 8.386434 8.386434 8.386434 8.386434 8.386434 8.386434 8.386434 8.386434 8.386434 8.386434 8.386434 8.386434 8.386434 8.386434 8.386434 8.386434 8.386434 8.386434 8.386434 8.386434 8.386434 8.386434 8.386434 8.386434 8.386434 8.386434 8.386434 8.386434 8.386434 8.386434 8.386434 8.386434 8.386434 8.386434 8.386434 
8.386434 8.386434 8.386434 8.386434 8.386434 8.386434 8.386434 8.386434 8.386434 8.386434 8.386434 8.386434 8.386434 8.386434 8.386434 8.386434 8.386434 8.386434 8.386434 8.386434 8.386434 8.386434 8.386434 8.386434 8.386434 8.386434 8.386434 8.386434 8.386434 8.386434 8.386434 8.386434 8.386434 8.386434 8.386434 8.386434 8.386434 8.386434 8.386434 8.386434 8.386434 8.386434 8.386434 8.386434 8.386434 8.386434 8.386434 8.386434 8.386434 8.386434 8.386434 8.386434 8.386434 8.386434 8.386434 8.386434 8.386434 8.386434 8.386434 8.386434 8.386434 8.386434 8.386434 8.386434 
8.386434 8.386434 8.386434 8.386434 8.386434 8.386434 8.386434 8.386434 8.386434 8.386434 8.386434 8.386434 8.386434 8.386434 8.386434 8.386434 8.386434 8.386434 8.386434 8.386434 8.386434 8.386434 8.386434 8.386434 8.386434 8.386434 8.386434 8.386434 8.386434 8.386434 8.386434 8.386434 8.386434 8.386434 8.386434 8.386434 8.386434 8.386434 8.386434 8.386434 8.386434 8.386434 8.386434 8.386434 8.386434 8.386434 8.386434 8.386434 8.386434 8.386434 8.386434 8.386434 8.386434 8.386434 8.386434 8.386434 8.386434 8.386434 8.386434 8.386434 8.386434 8.386434 8.386434 8.386434 
8.386434 8.386434 8.386434 8.386434 8.386434 8.386434 8.386434 8.386434 8.386434 8.386434 8.386434 8.386434 8.386434 8.386434 8.386434 8.386434 8.386434 8.386434 8.386434 8.386434 8.386434 8.386434 8.386434 8.386434 8.386434 8.386434 8.386434 8.386434 8.386434 8.386434 8.386434 8.386434 8.386434 8.386434 8.386434 8.386434 8.386434 8.386434 8.386434 8.386434 8.386434 8.386434 8.386434 8.386434 8.386434 8.386434 8.386434 8.386434 8.386434 8.386434 8.386434 8.386434 8.386434 8.386434 8.386434 8.386434 8.386434 8.386434 8.386434 8.386434 8.386434 8.386434 8.386434 8.386434 
8.386434 8.386434 8.386434 8.386434 8.386434 8.386434 8.386434 8.386434 8.386434 8.386434 8.386434 8.386434 8.386434 8.386434 8.386434 8.386434 8.386434 8.386434 8.386434 8.386434 8.386434 8.386434 8.386434 8.386434 8.386434 8.386434 8.386434 8.386434 8.386434 8.386434 8.386434 8.386434 8.386434 8.386434 8.386434 8.386434 8.386434 8.386434 8.386434 8.386434 8.386434 8.386434 8.386434 8.386434 8.386434 8.386434 8.386434 8.386434 8.386434 8.386434 8.386434 8.386434 8.386434 8.386434 8.386434 8.386434 8.386434 8.386434 8.386434 8.386434 8.386434 8.386434 8.386434 8.386434 
8.386434 8.386434 8.386434 8.386434 8.386434 8.386434 8.386434 8.386434 8.386434 8.386434 8.386434 8.386434 8.386434 8.386434 8.386434 8.386434 8.386434 8.386434 8.386434 8.386434 8.386434 8.386434 8.386434 8.386434 8.386434 8.386434 8.386434 8.386434 8.386434 8.386434 8.386434 8.386434 8.386434 8.386434 8.386434 8.386434 8.386434 8.386434 8.386434 8.386434 8.386434 8.386434 8.386434 8.386434 8.386434 8.386434 8.386434 8.386434 8.386434 8.386434 8.386434 8.386434 8.386434 8.386434 8.386434 8.386434 8.386434 8.386434 8.386434 8.386434 8.386434 8.386434 8.386434 8.386434 
8.386434 8.386434 8.386434 8.386434 8.386434 8.386434 8.386434 8.386434 8.386434 8.386434 8.386434 8.386434 8.386434 8.386434 8.386434 8.386434 8.386434 8.386434 8.386434 8.386434 8.386434 8.386434 8.386434 8.386434 8.386434 8.386434 8.386434 8.386434 8.386434 8.386434 8.386434 8.386434 8.386434 8.386434 8.386434 8.386434 8.386434 8.386434 8.386434 8.386434 8.386434 8.386434 8.386434 8.386434 8.386434 8.386434 8.386434 8.386434 8.386434 8.386434 8.386434 8.386434 8.386434 8.386434 8.386434 8.386434 8.386434 8.386434 8.386434 8.386434 8.386434 8.386434 8.386434 8.386434 
8.386434 8.386434 8.386434 8.386434 8.386434 8.386434 8.386434 8.386434 8.386434 8.386434 8.386434 8.386434 8.386434 8.386434 8.386434 8.386434 8.386434 8.386434 8.386434 8.386434 8.386434 8.386434 8.386434 8.386434 8.386434 8.386434 8.386434 8.386434 8.386434 8.386434 8.386434 8.386434 8.386434 8.386434 8.386434 8.386434 8.386434 8.386434 8.386434 8.386434 8.386434 8.386434 8.386434 8.386434 8.386434 8.386434 8.386434 8.386434 8.386434 8.386434 8.386434 8.386434 8.386434 8.386434 8.386434 8.386434 8.386434 8.386434 8.386434 8.386434 8.386434 8.386434 8.386434 8.386434 
8.386434 8.386434 8.386434 8.386434 8.386434 8.386434 8.386434 8.386434 8.386434 8.386434 8.386434 8.386434 8.386434 8.386434 8.386434 8.386434 8.386434 8.386434 8.386434 8.386434 8.386434 8.386434 8.386434 8.386434 8.386434 8.386434 8.386434 8.386434 8.386434 8.386434 8.386434 8.386434 8.386434 8.386434 8.386434 8.386434 8.386434 8.386434 8.386434 8.386434 8.386434 8.386434 8.386434 8.386434 8.386434 8.386434 8.386434 8.386434 8.386434 8.386434 8.386434 8.386434 8.386434 8.386434 8.386434 8.386434 8.386434 8.386434 8.386434 8.386434 8.386434 8.386434 8.386434 8.386434 
