7.983048 7.983048 7.983048 7.983048 7.983048 7.983048 7.983048 7.983048 7.983048 7.983048 7.983048 7.983048 7.983048 7.983048 7.983048 7.983048 7.983048 7.983048 7.983048 7.983048 7.983048 7.983048 7.983048 7.983048 7.983048 7.983048 7.983048 7.983048 7.983048 7.983048 7.983048 7.983048 7.983048 7.983048 7.983048 7.983048 7.983048 7.983048 7.983048 7.983048 7.983048 7.983048 7.983048 7.983048 7.983048 7.983048 7.983048 7.983048 7.983048 7.983048 7.983048 7.983048 7.983048 7.983048 7.983048 7.983048 7.983048 7.983048 7.983048 7.983048 7.983048 7.983048 7.983048 7.983048 
7.983048 7.983048 7.983048 7.983048 7.983048 7.983048 7.983048 7.983048 7.983048 7.983048 7.983048 7.983048 7.983048 7.983048 7.983048 7.983048 7.983048 7.983048 7.983048 7.983048 7.983048 7.983048 7.983048 7.983048 7.983048 7.983048 7.983048 7.983048 7.983048 7.983048 7.983048 7.983048 7.983048 7.983048 7.983048 7.983048 7.983048 7.983048 7.983048 7.983048 7.983048 7.983048 7.983048 7.983048 7.983048 7.983048 7.983048 7.983048 7.983048 7.983048 7.983048 7.983048 7.983048 7.983048 7.983048 7.983048 7.983048 7.983048 7.983048 7.983048 7.983048 7.983048 7.983048 7.983048 
7.983048 7.983048 7.983048 7.983048 7.983048 7.983048 7.983048 7.983048 7.983048 7.983048 7.983048 7.983048 7.983048 7.983048 7.983048 7.983048 7.983048 7.983048 7.983048 7.983048 7.983048 7.983048 7.983048 7.983048 7.983048 7.983048 7.983048 7.983048 7.983048 7.983048 7.983048 7.983048 7.983048 7.983048 7.983048 7.983048 7.983048 7.983048 7.983048 7.983048 7.983048 7.983048 7.983048 7.983048 7.983048 7.983048 7.983048 7.983048 7.983048 7.983048 7.983048 7.983048 7.983048 7.983048 7.983048 7.983048 7.983048 7.983048 7.983048 7.983048 7.983048 7.983048 7.983048 7.983048 
7.983048 7.983048 7.983048 7.983048 7.983048 7.983048 7.983048 7.983048 7.983048 7.983048 7.983048 7.983048 7.983048 7.983048 7.983048 7.983048 7.983048 7.983048 7.983048 7.983048 7.983048 7.983048 7.983048 7.983048 7.983048 7.983048 7.983048 7.983048 7.983048 7.983048 7.983048 7.983048 7.983048 7.983048 7.983048 7.983048 7.983048 7.983048 7.983048 7.983048 7.983048 7.983048 7.983048 7.983048 7.983048 7.983048 7.983048 7.983048 7.983048 7.983048 7.983048 7.983048 7.983048 7.983048 7.983048 7.983048 7.983048 7.983048 7.983048 7.983048 7.983048 7.983048 7.983048 7.983048 
7.983048 7.983048 7.983048 7.983048 7.983048 7.983048 7.983048 7.983048 7.983048 7.983048 7.983048 7.983048 7.983048 7.983048 7.983048 7.983048 7.983048 7.983048 7.983048 7.983048 7.983048 7.983048 7.983048 7.983048 7.983048 7.983048 7.983048 7.983048 7.983048 7.983048 7.983048 7.983048 7.983048 7.983048 7.983048 7.983048 7.983048 7.983048 7.983048 7.983048 7.983048 7.983048 7.983048 7.983048 7.983048 7.983048 7.983048 7.983048 7.983048 7.983048 7.983048 7.983048 7.983048 7.983048 7.983048 7.983048 7.983048 7.983048 7.983048 7.983048 7.983048 7.983048 7.983048 7.983048 
7.983048 7.983048 7.983048 7.983048 7.983048 7.983048 7.983048 7.983048 7.983048 7.983048 7.983048 7.983048 7.983048 7.983048 7.983048 7.983048 7.983048 7.983048 7.983048 7.983048 7.983048 7.983048 7.983048 7.983048 7.983048 7.983048 7.983048 7.983048 7.983048 7.983048 7.983048 7.983048 7.983048 7.983048 7.983048 7.983048 7.983048 7.983048 7.983048 7.983048 7.983048 7.983048 7.983048 7.983048 7.983048 7.983048 7.983048 7.983048 7.983048 7.983048 7.983048 7.983048 7.983048 7.983048 7.983048 7.983048 7.983048 7.983048 7.983048 7.983048 7.983048 7.983048 7.983048 7.983048 
7.983048 7.983048 7.983048 7.983048 7.983048 7.983048 7.983048 7.983048 7.983048 7.983048 7.983048 7.983048 7.983048 7.983048 7.983048 7.983048 7.983048 7.983048 7.983048 7.983048 7.983048 7.983048 7.983048 7.983048 7.983048 7.983048 7.983048 7.983048 7.983048 7.983048 7.983048 7.983048 7.983048 7.983048 7.983048 7.983048 7.983048 7.983048 7.983048 7.983048 7.983048 7.983048 7.983048 7.983048 7.983048 7.983048 7.983048 7.983048 7.983048 7.983048 7.983048 7.983048 7.983048 7.983048 7.983048 7.983048 7.983048 7.983048 7.983048 7.983048 7.983048 7.983048 7.983048 7.983048 
7.983048 7.983048 7.983048 7.983048 7.983048 7.983048 7.983048 7.983048 7.983048 7.983048 7.983048 7.983048 7.983048 7.983048 7.983048 7.983048 7.983048 7.983048 7.983048 7.983048 7.983048 7.983048 7.983048 7.983048 7.983048 7.983048 7.983048 7.983048 7.983048 7.983048 7.983048 7.983048 7.983048 7.983048 7.983048 7.983048 7.983048 7.983048 7.983048 7.983048 7.983048 7.983048 7.983048 7.983048 7.983048 7.983048 7.983048 7.983048 7.983048 7.983048 7.983048 7.983048 7.983048 7.983048 7.983048 7.983048 7.983048 7.983048 7.983048 7.983048 7.983048 7.983048 7.983048 7.983048 
7.983048 7.983048 7.983048 7.983048 7.983048 7.983048 7.983048 7.983048 7.983048 7.983048 7.983048 7.983048 7.983048 7.983048 7.983048 7.983048 7.983048 7.983048 7.983048 7.983048 7.983048 7.983048 7.983048 7.983048 7.983048 7.983048 7.983048 7.983048 7.983048 7.983048 7.983048 7.983048 7.983048 7.983048 7.983048 7.983048 7.983048 7.983048 7.983048 7.983048 7.983048 7.983048 7.983048 7.983048 7.983048 7.983048 7.983048 7.983048 7.983048 7.983048 7.983048 7.983048 7.983048 7.983048 7.983048 7.983048 7.983048 7.983048 7.983048 7.983048 7.983048 7.983048 7.983048 7.983048 
7.983048 7.983048 7.983048 7.983048 7.983048 7.983048 7.983048 7.983048 7.983048 7.983048 7.983048 7.983048 7.983048 7.983048 7.983048 7.983048 7.983048 7.983048 7.983048 7.983048 7.983048 7.983048 7.983048 7.983048 7.983048 7.983048 7.983048 7.983048 7.983048 7.983048 7.983048 7.983048 7.983048 7.983048 7.983048 7.983048 7.983048 7.983048 7.983048 7.983048 7.983048 7.983048 7.983048 7.983048 7.983048 7.983048 7.983048 7.983048 7.983048 7.983048 7.983048 7.983048 7.983048 7.983048 7.983048 7.983048 7.983048 7.983048 7.983048 7.983048 7.983048 7.983048 7.983048 7.983048 
7.983048 7.983048 7.983048 7.983048 7.983048 7.983048 7.983048 7.983048 7.983048 7.983048 7.983048 7.983048 7.983048 7.983048 7.983048 7.983048 7.983048 7.983048 7.983048 7.983048 7.983048 7.983048 7.983048 7.983048 7.983048 7.983048 7.983048 7.983048 7.983048 7.983048 7.983048 7.983048 7.983048 7.983048 7.983048 7.983048 7.983048 7.983048 7.983048 7.983048 7.983048 7.983048 7.983048 7.983048 7.983048 7.983048 7.983048 7.983048 7.983048 7.983048 7.983048 7.983048 7.983048 7.983048 7.983048 7.983048 7.983048 7.983048 7.983048 7.983048 7.983048 7.983048 7.983048 7.983048 
7.983048 7.983048 7.983048 7.983048 7.983048 7.983048 7.983048 7.983048 7.983048 7.983048 7.983048 7.983048 7.983048 7.983048 7.983048 7.983048 7.983048 7.983048 7.983048 7.983048 7.983048 7.983048 7.983048 7.983048 7.983048 7.983048 7.983048 7.983048 7.983048 7.983048 7.983048 7.983048 7.983048 7.983048 7.983048 7.983048 7.983048 7.983048 7.983048 7.983048 7.983048 7.983048 7.983048 7.983048 7.983048 7.983048 7.983048 7.983048 7.983048 7.983048 7.983048 7.983048 7.983048 7.983048 7.983048 7.983048 7.983048 7.983048 7.983048 7.983048 7.983048 7.983048 7.983048 7.983048 
7.983048 7.983048 7.983048 7.983048 7.983048 7.983048 7.983048 7.983048 7.983048 7.983048 7.983048 7.983048 7.983048 7.983048 7.983048 7.983048 7.983048 7.983048 7.983048 7.983048 7.983048 7.983048 7.983048 7.983048 7.983048 7.983048 7.983048 7.983048 7.983048 7.983048 7.983048 7.983048 7.983048 7.983048 7.983048 7.983048 7.983048 7.983048 7.983048 7.983048 7.983048 7.983048 7.983048 7.983048 7.983048 7.983048 7.983048 7.983048 7.983048 7.983048 7.983048 7.983048 7.983048 7.983048 7.983048 7.983048 7.983048 7.983048 7.983048 7.983048 7.983048 7.983048 7.983048 7.983048 
7.983048 7.983048 7.983048 7.983048 7.983048 7.983048 7.983048 7.983048 7.983048 7.983048 7.983048 7.983048 7.983048 7.983048 7.983048 7.983048 7.983048 7.983048 7.983048 7.983048 7.983048 7.983048 7.983048 7.983048 7.983048 7.983048 7.983048 7.983048 7.983048 7.983048 7.983048 7.983048 7.983048 7.983048 7.983048 7.983048 7.983048 7.983048 7.983048 7.983048 7.983048 7.983048 7.983048 7.983048 7.983048 7.983048 7.983048 7.983048 7.983048 7.983048 7.983048 7.983048 7.983048 7.983048 7.983048 7.983048 7.983048 7.983048 7.983048 7.983048 7.983048 7.983048 7.983048 7.983048 
7.983048 7.983048 7.983048 7.983048 7.983048 7.983048 7.983048 7.983048 7.983048 7.983048 7.983048 7.983048 7.983048 7.983048 7.983048 7.983048 7.983048 7.983048 7.983048 7.983048 7.983048 7.983048 7.983048 7.983048 7.983048 7.983048 7.983048 7.983048 7.983048 7.983048 7.983048 7.983048 7.983048 7.983048 7.983048 7.983048 7.983048 7.983048 7.983048 7.983048 7.983048 7.983048 7.983048 7.983048 7.983048 7.983048 7.983048 7.983048 7.983048 7.983048 7.983048 7.983048 7.983048 7.983048 7.983048 7.983048 7.983048 7.983048 7.983048 7.983048 7.983048 7.983048 7.983048 7.983048 
7.983048 7.983048 7.983048 7.983048 7.983048 7.983048 7.983048 7.983048 7.983048 7.983048 7.983048 7.983048 7.983048 7.983048 7.983048 7.983048 7.983048 7.983048 7.983048 7.983048 7.983048 7.983048 7.983048 7.983048 7.983048 7.983048 7.983048 7.983048 7.983048 7.983048 7.983048 7.983048 7.983048 7.983048 7.983048 7.983048 7.983048 7.983048 7.983048 7.983048 7.983048 7.983048 7.983048 7.983048 7.983048 7.983048 7.983048 7.983048 7.983048 7.983048 7.983048 7.983048 7.983048 7.983048 7.983048 7.983048 7.983048 7.983048 7.983048 7.983048 7.983048 7.983048 7.983048 7.983048 
7.983048 7.983048 7.983048 7.983048 7.983048 7.983048 7.983048 7.983048 7.983048 7.983048 7.983048 7.983048 7.983048 7.983048 7.983048 7.983048 7.983048 7.983048 7.983048 7.983048 7.983048 7.983048 7.983048 7.983048 7.983048 7.983048 7.983048 7.983048 7.983048 7.983048 7.983048 7.983048 7.983048 7.983048 7.983048 7.983048 7.983048 7.983048 7.983048 7.983048 7.983048 7.983048 7.983048 7.983048 7.983048 7.983048 7.983048 7.983048 7.983048 7.983048 7.983048 7.983048 7.983048 7.983048 7.983048 7.983048 7.983048 7.983048 7.983048 7.983048 7.983048 7.983048 7.983048 7.983048 
7.983048 7.983048 7.983048 7.983048 7.983048 7.983048 7.983048 7.983048 7.983048 7.983048 7.983048 7.983048 7.983048 7.983048 7.983048 7.983048 7.983048 7.983048 7.983048 7.983048 7.983048 7.983048 7.983048 7.983048 7.983048 7.983048 7.983048 7.983048 7.983048 7.983048 7.983048 7.983048 7.983048 7.983048 7.983048 7.983048 7.983048 7.983048 7.983048 7.983048 7.983048 7.983048 7.983048 7.983048 7.983048 7.983048 7.983048 7.983048 7.983048 7.983048 7.983048 7.983048 7.983048 7.983048 7.983048 7.983048 7.983048 7.983048 7.983048 7.983048 7.983048 7.983048 7.983048 7.983048 
7.983048 7.983048 7.983048 7.983048 7.983048 7.983048 7.983048 7.983048 7.983048 7.983048 7.983048 7.983048 7.983048 7.983048 7.983048 7.983048 7.983048 7.983048 7.983048 7.983048 7.983048 7.983048 7.983048 7.983048 7.983048 7.983048 7.983048 7.983048 7.983048 7.983048 7.983048 7.983048 7.983048 7.983048 7.983048 7.983048 7.983048 7.983048 7.983048 7.983048 7.983048 7.983048 7.983048 7.983048 7.983048 7.983048 7.983048 7.983048 7.983048 7.983048 7.983048 7.983048 7.983048 7.983048 7.983048 7.983048 7.983048 7.983048 7.983048 7.983048 7.983048 7.983048 7.983048 7.983048 
7.983048 7.983048 7.983048 7.983048 7.983048 7.983048 7.983048 7.983048 7.983048 7.983048 7.983048 7.983048 7.983048 7.983048 7.983048 7.983048 7.983048 7.983048 7.983048 7.983048 7.983048 7.983048 7.983048 7.983048 7.983048 7.983048 7.983048 7.983048 7.983048 7.983048 7.983048 7.983048 7.983048 7.983048 7.983048 7.983048 7.983048 7.983048 7.983048 7.983048 7.983048 7.983048 7.983048 7.983048 7.983048 7.983048 7.983048 7.983048 7.983048 7.983048 7.983048 7.983048 7.983048 7.983048 7.983048 7.983048 7.983048 7.983048 7.983048 7.983048 7.983048 7.983048 7.983048 7.983048 
7.983048 7.983048 7.983048 7.983048 7.983048 7.983048 7.983048 7.983048 7.983048 7.983048 7.983048 7.983048 7.983048 7.983048 7.983048 7.983048 7.983048 7.983048 7.983048 7.983048 7.983048 7.983048 7.983048 7.983048 7.983048 7.983048 7.983048 7.983048 7.983048 7.983048 7.983048 7.983048 7.983048 7.983048 7.983048 7.983048 7.983048 7.983048 7.983048 7.983048 7.983048 7.983048 7.983048 7.983048 7.983048 7.983048 7.983048 7.983048 7.983048 7.983048 7.983048 7.983048 7.983048 7.983048 7.983048 7.983048 7.983048 7.983048 7.983048 7.983048 7.983048 7.983048 7.983048 7.983048 
7.983048 7.983048 7.983048 7.983048 7.983048 7.983048 7.983048 7.983048 7.983048 7.983048 7.983048 7.983048 7.983048 7.983048 7.983048 7.983048 7.983048 7.983048 7.983048 7.983048 7.983048 7.983048 7.983048 7.983048 7.983048 7.983048 7.983048 7.983048 7.983048 7.983048 7.983048 7.983048 7.983048 7.983048 7.983048 7.983048 7.983048 7.983048 7.983048 7.983048 7.983048 7.983048 7.983048 7.983048 7.983048 7.983048 7.983048 7.983048 7.983048 7.983048 7.983048 7.983048 7.983048 7.983048 7.983048 7.983048 7.983048 7.983048 7.983048 7.983048 7.983048 7.983048 7.983048 7.983048 
7.983048 7.983048 7.983048 7.983048 7.983048 7.983048 7.983048 7.983048 7.983048 7.983048 7.983048 7.983048 7.983048 7.983048 7.983048 7.983048 7.983048 7.983048 7.983048 7.983048 7.983048 7.983048 7.983048 7.983048 7.983048 7.983048 7.983048 7.983048 7.983048 7.983048 7.983048 7.983048 7.983048 7.983048 7.983048 7.983048 7.983048 7.983048 7.983048 7.983048 7.983048 7.983048 7.983048 7.983048 7.983048 7.983048 7.983048 7.983048 7.983048 7.983048 7.983048 7.983048 7.983048 7.983048 7.983048 7.983048 7.983048 7.983048 7.983048 7.983048 7.983048 7.983048 7.983048 7.983048 
7.983048 7.983048 7.983048 7.983048 7.983048 7.983048 7.983048 7.983048 7.983048 7.983048 7.983048 7.983048 7.983048 7.983048 7.983048 7.983048 7.983048 7.983048 7.983048 7.983048 7.983048 7.983048 7.983048 7.983048 7.983048 7.983048 7.983048 7.983048 7.983048 7.983048 7.983048 7.983048 7.983048 7.983048 7.983048 7.983048 7.983048 7.983048 7.983048 7.983048 7.983048 7.983048 7.983048 7.983048 7.983048 7.983048 7.983048 7.983048 7.983048 7.983048 7.983048 7.983048 7.983048 7.983048 7.983048 7.983048 7.983048 7.983048 7.983048 7.983048 7.983048 7.983048 7.983048 7.983048 
7.983048 7.983048 7.983048 7.983048 7.983048 7.983048 7.983048 7.983048 7.983048 7.983048 7.983048 7.983048 7.983048 7.983048 7.983048 7.983048 7.983048 7.983048 7.983048 7.983048 7.983048 7.983048 7.983048 7.983048 7.983048 7.983048 7.983048 7.983048 7.983048 7.983048 7.983048 7.983048 7.983048 7.983048 7.983048 7.983048 7.983048 7.983048 7.983048 7.983048 7.983048 7.983048 7.983048 7.983048 7.983048 7.983048 7.983048 7.983048 7.983048 7.983048 7.983048 7.983048 7.983048 7.983048 7.983048 7.983048 7.983048 7.983048 7.983048 7.983048 7.983048 7.983048 7.983048 7.983048 
7.983048 7.983048 7.983048 7.983048 7.983048 7.983048 7.983048 7.983048 7.983048 7.983048 7.983048 7.983048 7.983048 7.983048 7.983048 7.983048 7.983048 7.983048 7.983048 7.983048 7.983048 7.983048 7.983048 7.983048 7.983048 7.983048 7.983048 7.983048 7.983048 7.983048 7.983048 7.983048 7.983048 7.983048 7.983048 7.983048 7.983048 7.983048 7.983048 7.983048 7.983048 7.983048 7.983048 7.983048 7.983048 7.983048 7.983048 7.983048 7.983048 7.983048 7.983048 7.983048 7.983048 7.983048 7.983048 7.983048 7.983048 7.983048 7.983048 7.983048 7.983048 7.983048 7.983048 7.983048 
7.983048 7.983048 7.983048 7.983048 7.983048 7.983048 7.983048 7.983048 7.983048 7.983048 7.983048 7.983048 7.983048 7.983048 7.983048 7.983048 7.983048 7.983048 7.983048 7.983048 7.983048 7.983048 7.983048 7.983048 7.983048 7.983048 7.983048 7.983048 7.983048 7.983048 7.983048 7.983048 7.983048 7.983048 7.983048 7.983048 7.983048 7.983048 7.983048 7.983048 7.983048 7.983048 7.983048 7.983048 7.983048 7.983048 7.983048 7.983048 7.983048 7.983048 7.983048 7.983048 7.983048 7.983048 7.983048 7.983048 7.983048 7.983048 7.983048 7.983048 7.983048 7.983048 7.983048 7.983048 
7.983048 7.983048 7.983048 7.983048 7.983048 7.983048 7.983048 7.983048 7.983048 7.983048 7.983048 7.983048 7.983048 7.983048 7.983048 7.983048 7.983048 7.983048 7.983048 7.983048 7.983048 7.983048 7.983048 7.983048 7.983048 7.983048 7.983048 7.983048 7.983048 7.983048 7.983048 7.983048 7.983048 7.983048 7.983048 7.983048 7.983048 7.983048 7.983048 7.983048 7.983048 7.983048 7.983048 7.983048 7.983048 7.983048 7.983048 7.983048 7.983048 7.983048 7.983048 7.983048 7.983048 7.983048 7.983048 7.983048 7.983048 7.983048 7.983048 7.983048 7.983048 7.983048 7.983048 7.983048 
7.983048 7.983048 7.983048 7.983048 7.983048 7.983048 7.983048 7.983048 7.983048 7.983048 7.983048 7.983048 7.983048 7.983048 7.983048 7.983048 7.983048 7.983048 7.983048 7.983048 7.983048 7.983048 7.983048 7.983048 7.983048 7.983048 7.983048 7.983048 7.983048 7.983048 7.983048 7.983048 7.983048 7.983048 7.983048 7.983048 7.983048 7.983048 7.983048 7.983048 7.983048 7.983048 7.983048 7.983048 7.983048 7.983048 7.983048 7.983048 7.983048 7.983048 7.983048 7.983048 7.983048 7.983048 7.983048 7.983048 7.983048 7.983048 7.983048 7.983048 7.983048 7.983048 7.983048 7.983048 
7.983048 7.983048 7.983048 7.983048 7.983048 7.983048 7.983048 7.983048 7.983048 7.983048 7.983048 7.983048 7.983048 7.983048 7.983048 7.983048 7.983048 7.983048 7.983048 7.983048 7.983048 7.983048 7.983048 7.983048 7.983048 7.983048 7.983048 7.983048 7.983048 7.983048 7.983048 7.983048 7.983048 7.983048 7.983048 7.983048 7.983048 7.983048 7.983048 7.983048 7.983048 7.983048 7.983048 7.983048 7.983048 7.983048 7.983048 7.983048 7.983048 7.983048 7.983048 7.983048 7.983048 7.983048 7.983048 7.983048 7.983048 7.983048 7.983048 7.983048 7.983048 7.983048 7.983048 7.983048 
7.983048 7.983048 7.983048 7.983048 7.983048 7.983048 7.983048 7.983048 7.983048 7.983048 7.983048 7.983048 7.983048 7.983048 7.983048 7.983048 7.983048 7.983048 7.983048 7.983048 7.983048 7.983048 7.983048 7.983048 7.983048 7.983048 7.983048 7.983048 7.983048 7.983048 7.983048 7.983048 7.983048 7.983048 7.983048 7.983048 7.983048 7.983048 7.983048 7.983048 7.983048 7.983048 7.983048 7.983048 7.983048 7.983048 7.983048 7.983048 7.983048 7.983048 7.983048 7.983048 7.983048 7.983048 7.983048 7.983048 7.983048 7.983048 7.983048 7.983048 7.983048 7.983048 7.983048 7.983048 
7.983048 7.983048 7.983048 7.983048 7.983048 7.983048 7.983048 7.983048 7.983048 7.983048 7.983048 7.983048 7.983048 7.983048 7.983048 7.983048 7.983048 7.983048 7.983048 7.983048 7.983048 7.983048 7.983048 7.983048 7.983048 7.983048 7.983048 7.983048 7.983048 7.983048 7.983048 7.983048 7.983048 7.983048 7.983048 7.983048 7.983048 7.983048 7.983048 7.983048 7.983048 7.983048 7.983048 7.983048 7.983048 7.983048 7.983048 7.983048 7.983048 7.983048 7.983048 7.983048 7.983048 7.983048 7.983048 7.983048 7.983048 7.983048 7.983048 7.983048 7.983048 7.983048 7.983048 7.983048 
7.983048 7.983048 7.983048 7.983048 7.983048 7.983048 7.983048 7.983048 7.983048 7.983048 7.983048 7.983048 7.983048 7.983048 7.983048 7.983048 7.983048 7.983048 7.983048 7.983048 7.983048 7.983048 7.983048 7.983048 7.983048 7.983048 7.983048 7.983048 7.983048 7.983048 7.983048 7.983048 7.983048 7.983048 7.983048 7.983048 7.983048 7.983048 7.983048 7.983048 7.983048 7.983048 7.983048 7.983048 7.983048 7.983048 7.983048 7.983048 7.983048 7.983048 7.983048 7.983048 7.983048 7.983048 7.983048 7.983048 7.983048 7.983048 7.983048 7.983048 7.983048 7.983048 7.983048 7.983048 
7.983048 7.983048 7.983048 7.983048 7.983048 7.983048 7.983048 7.983048 7.983048 7.983048 7.983048 7.983048 7.983048 7.983048 7.983048 7.983048 7.983048 7.983048 7.983048 7.983048 7.983048 7.983048 7.983048 7.983048 7.983048 7.983048 7.983048 7.983048 7.983048 7.983048 7.983048 7.983048 7.983048 7.983048 7.983048 7.983048 7.983048 7.983048 7.983048 7.983048 7.983048 7.983048 7.983048 7.983048 7.983048 7.983048 7.983048 7.983048 7.983048 7.983048 7.983048 7.983048 7.983048 7.983048 7.983048 7.983048 7.983048 7.983048 7.983048 7.983048 7.983048 7.983048 7.983048 7.983048 
7.983048 7.983048 7.983048 7.983048 7.983048 7.983048 7.983048 7.983048 7.983048 7.983048 7.983048 7.983048 7.983048 7.983048 7.983048 7.983048 7.983048 7.983048 7.983048 7.983048 7.983048 7.983048 7.983048 7.983048 7.983048 7.983048 7.983048 7.983048 7.983048 7.983048 7.983048 7.983048 7.983048 7.983048 7.983048 7.983048 7.983048 7.983048 7.983048 7.983048 7.983048 7.983048 7.983048 7.983048 7.983048 7.983048 7.983048 7.983048 7.983048 7.983048 7.983048 7.983048 7.983048 7.983048 7.983048 7.983048 7.983048 7.983048 7.983048 7.983048 7.983048 7.983048 7.983048 7.983048 
7.983048 7.983048 7.983048 7.983048 7.983048 7.983048 7.983048 7.983048 7.983048 7.983048 7.983048 7.983048 7.983048 7.983048 7.983048 7.983048 7.983048 7.983048 7.983048 7.983048 7.983048 7.983048 7.983048 7.983048 7.983048 7.983048 7.983048 7.983048 7.983048 7.983048 7.983048 7.983048 7.983048 7.983048 7.983048 7.983048 7.983048 7.983048 7.983048 7.983048 7.983048 7.983048 7.983048 7.983048 7.983048 7.983048 7.983048 7.983048 7.983048 7.983048 7.983048 7.983048 7.983048 7.983048 7.983048 7.983048 7.983048 7.983048 7.983048 7.983048 7.983048 7.983048 7.983048 7.983048 
7.983048 7.983048 7.983048 7.983048 7.983048 7.983048 7.983048 7.983048 7.983048 7.983048 7.983048 7.983048 7.983048 7.983048 7.983048 7.983048 7.983048 7.983048 7.983048 7.983048 7.983048 7.983048 7.983048 7.983048 7.983048 7.983048 7.983048 7.983048 7.983048 7.983048 7.983048 7.983048 7.983048 7.983048 7.983048 7.983048 7.983048 7.983048 7.983048 7.983048 7.983048 7.983048 7.983048 7.983048 7.983048 7.983048 7.983048 7.983048 7.983048 7.983048 7.983048 7.983048 7.983048 7.983048 7.983048 7.983048 7.983048 7.983048 7.983048 7.983048 7.983048 7.983048 7.983048 7.983048 
7.983048 7.983048 7.983048 7.983048 7.983048 7.983048 7.983048 7.983048 7.983048 7.983048 7.983048 7.983048 7.983048 7.983048 7.983048 7.983048 7.983048 7.983048 7.983048 7.983048 7.983048 7.983048 7.983048 7.983048 7.983048 7.983048 7.983048 7.983048 7.983048 7.983048 7.983048 7.983048 7.983048 7.983048 7.983048 7.983048 7.983048 7.983048 7.983048 7.983048 7.983048 7.983048 7.983048 7.983048 7.983048 7.983048 7.983048 7.983048 7.983048 7.983048 7.983048 7.983048 7.983048 7.983048 7.983048 7.983048 7.983048 7.983048 7.983048 7.983048 7.983048 7.983048 7.983048 7.983048 
7.983048 7.983048 7.983048 7.983048 7.983048 7.983048 7.983048 7.983048 7.983048 7.983048 7.983048 7.983048 7.983048 7.983048 7.983048 7.983048 7.983048 7.983048 7.983048 7.983048 7.983048 7.983048 7.983048 7.983048 7.983048 7.983048 7.983048 7.983048 7.983048 7.983048 7.983048 7.983048 7.983048 7.983048 7.983048 7.983048 7.983048 7.983048 7.983048 7.983048 7.983048 7.983048 7.983048 7.983048 7.983048 7.983048 7.983048 7.983048 7.983048 7.983048 7.983048 7.983048 7.983048 7.983048 7.983048 7.983048 7.983048 7.983048 7.983048 7.983048 7.983048 7.983048 7.983048 7.983048 
7.983048 7.983048 7.983048 7.983048 7.983048 7.983048 7.983048 7.983048 7.983048 7.983048 7.983048 7.983048 7.983048 7.983048 7.983048 7.983048 7.983048 7.983048 7.983048 7.983048 7.983048 7.983048 7.983048 7.983048 7.983048 7.983048 7.983048 7.983048 7.983048 7.983048 7.983048 7.983048 7.983048 7.983048 7.983048 7.983048 7.983048 7.983048 7.983048 7.983048 7.983048 7.983048 7.983048 7.983048 7.983048 7.983048 7.983048 7.983048 7.983048 7.983048 7.983048 7.983048 7.983048 7.983048 7.983048 7.983048 7.983048 7.983048 7.983048 7.983048 7.983048 7.983048 7.983048 7.983048 
7.983048 7.983048 7.983048 7.983048 7.983048 7.983048 7.983048 7.983048 7.983048 7.983048 7.983048 7.983048 7.983048 7.983048 7.983048 7.983048 7.983048 7.983048 7.983048 7.983048 7.983048 7.983048 7.983048 7.983048 7.983048 7.983048 7.983048 7.983048 7.983048 7.983048 7.983048 7.983048 7.983048 7.983048 7.983048 7.983048 7.983048 7.983048 7.983048 7.983048 7.983048 7.983048 7.983048 7.983048 7.983048 7.983048 7.983048 7.983048 7.983048 7.983048 7.983048 7.983048 7.983048 7.983048 7.983048 7.983048 7.983048 7.983048 7.983048 7.983048 7.983048 7.983048 7.983048 7.983048 
7.983048 7.983048 7.983048 7.983048 7.983048 7.983048 7.983048 7.983048 7.983048 7.983048 7.983048 7.983048 7.983048 7.983048 7.983048 7.983048 7.983048 7.983048 7.983048 7.983048 7.983048 7.983048 7.983048 7.983048 7.983048 7.983048 7.983048 7.983048 7.983048 7.983048 7.983048 7.983048 7.983048 7.983048 7.983048 7.983048 7.983048 7.983048 7.983048 7.983048 7.983048 7.983048 7.983048 7.983048 7.983048 7.983048 7.983048 7.983048 7.983048 7.983048 7.983048 7.983048 7.983048 7.983048 7.983048 7.983048 7.983048 7.983048 7.983048 7.983048 7.983048 7.983048 7.983048 7.983048 
7.983048 7.983048 7.983048 7.983048 7.983048 7.983048 7.983048 7.983048 7.983048 7.983048 7.983048 7.983048 7.983048 7.983048 7.983048 7.983048 7.983048 7.983048 7.983048 7.983048 7.983048 7.983048 7.983048 7.983048 7.983048 7.983048 7.983048 7.983048 7.983048 7.983048 7.983048 7.983048 7.983048 7.983048 7.983048 7.983048 7.983048 7.983048 7.983048 7.983048 7.983048 7.983048 7.983048 7.983048 7.983048 7.983048 7.983048 7.983048 7.983048 7.983048 7.983048 7.983048 7.983048 7.983048 7.983048 7.983048 7.983048 7.983048 7.983048 7.983048 7.983048 7.983048 7.983048 7.983048 
7.983048 7.983048 7.983048 7.983048 7.983048 7.983048 7.983048 7.983048 7.983048 7.983048 7.983048 7.983048 7.983048 7.983048 7.983048 7.983048 7.983048 7.983048 7.983048 7.983048 7.983048 7.983048 7.983048 7.983048 7.983048 7.983048 7.983048 7.983048 7.983048 7.983048 7.983048 7.983048 7.983048 7.983048 7.983048 7.983048 7.983048 7.983048 7.983048 7.983048 7.983048 7.983048 7.983048 7.983048 7.983048 7.983048 7.983048 7.983048 7.983048 7.983048 7.983048 7.983048 7.983048 7.983048 7.983048 7.983048 7.983048 7.983048 7.983048 7.983048 7.983048 7.983048 7.983048 7.983048 
7.983048 7.983048 7.983048 7.983048 7.983048 7.983048 7.983048 7.983048 7.983048 7.983048 7.983048 7.983048 7.983048 7.983048 7.983048 7.983048 7.983048 7.983048 7.983048 7.983048 7.983048 7.983048 7.983048 7.983048 7.983048 7.983048 7.983048 7.983048 7.983048 7.983048 7.983048 7.983048 7.983048 7.983048 7.983048 7.983048 7.983048 7.983048 7.983048 7.983048 7.983048 7.983048 7.983048 7.983048 7.983048 7.983048 7.983048 7.983048 7.983048 7.983048 7.983048 7.983048 7.983048 7.983048 7.983048 7.983048 7.983048 7.983048 7.983048 7.983048 7.983048 7.983048 7.983048 7.983048 
7.983048 7.983048 7.983048 7.983048 7.983048 7.983048 7.983048 7.983048 7.983048 7.983048 7.983048 7.983048 7.983048 7.983048 7.983048 7.983048 7.983048 7.983048 7.983048 7.983048 7.983048 7.983048 7.983048 7.983048 7.983048 7.983048 7.983048 7.983048 7.983048 7.983048 7.983048 7.983048 7.983048 7.983048 7.983048 7.983048 7.983048 7.983048 7.983048 7.983048 7.983048 7.983048 7.983048 7.983048 7.983048 7.983048 7.983048 7.983048 7.983048 7.983048 7.983048 7.983048 7.983048 7.983048 7.983048 7.983048 7.983048 7.983048 7.983048 7.983048 7.983048 7.983048 7.983048 7.983048 
7.983048 7.983048 7.983048 7.983048 7.983048 7.983048 7.983048 7.983048 7.983048 7.983048 7.983048 7.983048 7.983048 7.983048 7.983048 7.983048 7.983048 7.983048 7.983048 7.983048 7.983048 7.983048 7.983048 7.983048 7.983048 7.983048 7.983048 7.983048 7.983048 7.983048 7.983048 7.983048 7.983048 7.983048 7.983048 7.983048 7.983048 7.983048 7.983048 7.983048 7.983048 7.983048 7.983048 7.983048 7.983048 7.983048 7.983048 7.983048 7.983048 7.983048 7.983048 7.983048 7.983048 7.983048 7.983048 7.983048 7.983048 7.983048 7.983048 7.983048 7.983048 7.983048 7.983048 7.983048 
7.983048 7.983048 7.983048 7.983048 7.983048 7.983048 7.983048 7.983048 7.983048 7.983048 7.983048 7.983048 7.983048 7.983048 7.983048 7.983048 7.983048 7.983048 7.983048 7.983048 7.983048 7.983048 7.983048 7.983048 7.983048 7.983048 7.983048 7.983048 7.983048 7.983048 7.983048 7.983048 7.983048 7.983048 7.983048 7.983048 7.983048 7.983048 7.983048 7.983048 7.983048 7.983048 7.983048 7.983048 7.983048 7.983048 7.983048 7.983048 7.983048 7.983048 7.983048 7.983048 7.983048 7.983048 7.983048 7.983048 7.983048 7.983048 7.983048 7.983048 7.983048 7.983048 7.983048 7.983048 
7.983048 7.983048 7.983048 7.983048 7.983048 7.983048 7.983048 7.983048 7.983048 7.983048 7.983048 7.983048 7.983048 7.983048 7.983048 7.983048 7.983048 7.983048 7.983048 7.983048 7.983048 7.983048 7.983048 7.983048 7.983048 7.983048 7.983048 7.983048 7.983048 7.983048 7.983048 7.983048 7.983048 7.983048 7.983048 7.983048 7.983048 7.983048 7.983048 7.983048 7.983048 7.983048 7.983048 7.983048 7.983048 7.983048 7.983048 7.983048 7.983048 7.983048 7.983048 7.983048 7.983048 7.983048 7.983048 7.983048 7.983048 7.983048 7.983048 7.983048 7.983048 7.983048 7.983048 7.983048 
7.983048 7.983048 7.983048 7.983048 7.983048 7.983048 7.983048 7.983048 7.983048 7.983048 7.983048 7.983048 7.983048 7.983048 7.983048 7.983048 7.983048 7.983048 7.983048 7.983048 7.983048 7.983048 7.983048 7.983048 7.983048 7.983048 7.983048 7.983048 7.983048 7.983048 7.983048 7.983048 7.983048 7.983048 7.983048 7.983048 7.983048 7.983048 7.983048 7.983048 7.983048 7.983048 7.983048 7.983048 7.983048 7.983048 7.983048 7.983048 7.983048 7.983048 7.983048 7.983048 7.983048 7.983048 7.983048 7.983048 7.983048 7.983048 7.983048 7.983048 7.983048 7.983048 7.983048 7.983048 
7.983048 7.983048 7.983048 7.983048 7.983048 7.983048 7.983048 7.983048 7.983048 7.983048 7.983048 7.983048 7.983048 7.983048 7.983048 7.983048 7.983048 7.983048 7.983048 7.983048 7.983048 7.983048 7.983048 7.983048 7.983048 7.983048 7.983048 7.983048 7.983048 7.983048 7.983048 7.983048 7.983048 7.983048 7.983048 7.983048 7.983048 7.983048 7.983048 7.983048 7.983048 7.983048 7.983048 7.983048 7.983048 7.983048 7.983048 7.983048 7.983048 7.983048 7.983048 7.983048 7.983048 7.983048 7.983048 7.983048 7.983048 7.983048 7.983048 7.983048 7.983048 7.983048 7.983048 7.983048 
7.983048 7.983048 7.983048 7.983048 7.983048 7.983048 7.983048 7.983048 7.983048 7.983048 7.983048 7.983048 7.983048 7.983048 7.983048 7.983048 7.983048 7.983048 7.983048 7.983048 7.983048 7.983048 7.983048 7.983048 7.983048 7.983048 7.983048 7.983048 7.983048 7.983048 7.983048 7.983048 7.983048 7.983048 7.983048 7.983048 7.983048 7.983048 7.983048 7.983048 7.983048 7.983048 7.983048 7.983048 7.983048 7.983048 7.983048 7.983048 7.983048 7.983048 7.983048 7.983048 7.983048 7.983048 7.983048 7.983048 7.983048 7.983048 7.983048 7.983048 7.983048 7.983048 7.983048 7.983048 
7.983048 7.983048 7.983048 7.983048 7.983048 7.983048 7.983048 7.983048 7.983048 7.983048 7.983048 7.983048 7.983048 7.983048 7.983048 7.983048 7.983048 7.983048 7.983048 7.983048 7.983048 7.983048 7.983048 7.983048 7.983048 7.983048 7.983048 7.983048 7.983048 7.983048 7.983048 7.983048 7.983048 7.983048 7.983048 7.983048 7.983048 7.983048 7.983048 7.983048 7.983048 7.983048 7.983048 7.983048 7.983048 7.983048 7.983048 7.983048 7.983048 7.983048 7.983048 7.983048 7.983048 7.983048 7.983048 7.983048 7.983048 7.983048 7.983048 7.983048 7.983048 7.983048 7.983048 7.983048 
7.983048 7.983048 7.983048 7.983048 7.983048 7.983048 7.983048 7.983048 7.983048 7.983048 7.983048 7.983048 7.983048 7.983048 7.983048 7.983048 7.983048 7.983048 7.983048 7.983048 7.983048 7.983048 7.983048 7.983048 7.983048 7.983048 7.983048 7.983048 7.983048 7.983048 7.983048 7.983048 7.983048 7.983048 7.983048 7.983048 7.983048 7.983048 7.983048 7.983048 7.983048 7.983048 7.983048 7.983048 7.983048 7.983048 7.983048 7.983048 7.983048 7.983048 7.983048 7.983048 7.983048 7.983048 7.983048 7.983048 7.983048 7.983048 7.983048 7.983048 7.983048 7.983048 7.983048 7.983048 
7.983048 7.983048 7.983048 7.983048 7.983048 7.983048 7.983048 7.983048 7.983048 7.983048 7.983048 7.983048 7.983048 7.983048 7.983048 7.983048 7.983048 7.983048 7.983048 7.983048 7.983048 7.983048 7.983048 7.983048 7.983048 7.983048 7.983048 7.983048 7.983048 7.983048 7.983048 7.983048 7.983048 7.983048 7.983048 7.983048 7.983048 7.983048 7.983048 7.983048 7.983048 7.983048 7.983048 7.983048 7.983048 7.983048 7.983048 7.983048 7.983048 7.983048 7.983048 7.983048 7.983048 7.983048 7.983048 7.983048 7.983048 7.983048 7.983048 7.983048 7.983048 7.983048 7.983048 7.983048 
7.983048 7.983048 7.983048 7.983048 7.983048 7.983048 7.983048 7.983048 7.983048 7.983048 7.983048 7.983048 7.983048 7.983048 7.983048 7.983048 7.983048 7.983048 7.983048 7.983048 7.983048 7.983048 7.983048 7.983048 7.983048 7.983048 7.983048 7.983048 7.983048 7.983048 7.983048 7.983048 7.983048 7.983048 7.983048 7.983048 7.983048 7.983048 7.983048 7.983048 7.983048 7.983048 7.983048 7.983048 7.983048 7.983048 7.983048 7.983048 7.983048 7.983048 7.983048 7.983048 7.983048 7.983048 7.983048 7.983048 7.983048 7.983048 7.983048 7.983048 7.983048 7.983048 7.983048 7.983048 
7.983048 7.983048 7.983048 7.983048 7.983048 7.983048 7.983048 7.983048 7.983048 7.983048 7.983048 7.983048 7.983048 7.983048 7.983048 7.983048 7.983048 7.983048 7.983048 7.983048 7.983048 7.983048 7.983048 7.983048 7.983048 7.983048 7.983048 7.983048 7.983048 7.983048 7.983048 7.983048 7.983048 7.983048 7.983048 7.983048 7.983048 7.983048 7.983048 7.983048 7.983048 7.983048 7.983048 7.983048 7.983048 7.983048 7.983048 7.983048 7.983048 7.983048 7.983048 7.983048 7.983048 7.983048 7.983048 7.983048 7.983048 7.983048 7.983048 7.983048 7.983048 7.983048 7.983048 7.983048 
7.983048 7.983048 7.983048 7.983048 7.983048 7.983048 7.983048 7.983048 7.983048 7.983048 7.983048 7.983048 7.983048 7.983048 7.983048 7.983048 7.983048 7.983048 7.983048 7.983048 7.983048 7.983048 7.983048 7.983048 7.983048 7.983048 7.983048 7.983048 7.983048 7.983048 7.983048 7.983048 7.983048 7.983048 7.983048 7.983048 7.983048 7.983048 7.983048 7.983048 7.983048 7.983048 7.983048 7.983048 7.983048 7.983048 7.983048 7.983048 7.983048 7.983048 7.983048 7.983048 7.983048 7.983048 7.983048 7.983048 7.983048 7.983048 7.983048 7.983048 7.983048 7.983048 7.983048 7.983048 
7.983048 7.983048 7.983048 7.983048 7.983048 7.983048 7.983048 7.983048 7.983048 7.983048 7.983048 7.983048 7.983048 7.983048 7.983048 7.983048 7.983048 7.983048 7.983048 7.983048 7.983048 7.983048 7.983048 7.983048 7.983048 7.983048 7.983048 7.983048 7.983048 7.983048 7.983048 7.983048 7.983048 7.983048 7.983048 7.983048 7.983048 7.983048 7.983048 7.983048 7.983048 7.983048 7.983048 7.983048 7.983048 7.983048 7.983048 7.983048 7.983048 7.983048 7.983048 7.983048 7.983048 7.983048 7.983048 7.983048 7.983048 7.983048 7.983048 7.983048 7.983048 7.983048 7.983048 7.983048 
7.983048 7.983048 7.983048 7.983048 7.983048 7.983048 7.983048 7.983048 7.983048 7.983048 7.983048 7.983048 7.983048 7.983048 7.983048 7.983048 7.983048 7.983048 7.983048 7.983048 7.983048 7.983048 7.983048 7.983048 7.983048 7.983048 7.983048 7.983048 7.983048 7.983048 7.983048 7.983048 7.983048 7.983048 7.983048 7.983048 7.983048 7.983048 7.983048 7.983048 7.983048 7.983048 7.983048 7.983048 7.983048 7.983048 7.983048 7.983048 7.983048 7.983048 7.983048 7.983048 7.983048 7.983048 7.983048 7.983048 7.983048 7.983048 7.983048 7.983048 7.983048 7.983048 7.983048 7.983048 
7.983048 7.983048 7.983048 7.983048 7.983048 7.983048 7.983048 7.983048 7.983048 7.983048 7.983048 7.983048 7.983048 7.983048 7.983048 7.983048 7.983048 7.983048 7.983048 7.983048 7.983048 7.983048 7.983048 7.983048 7.983048 7.983048 7.983048 7.983048 7.983048 7.983048 7.983048 7.983048 7.983048 7.983048 7.983048 7.983048 7.983048 7.983048 7.983048 7.983048 7.983048 7.983048 7.983048 7.983048 7.983048 7.983048 7.983048 7.983048 7.983048 7.983048 7.983048 7.983048 7.983048 7.983048 7.983048 7.983048 7.983048 7.983048 7.983048 7.983048 7.983048 7.983048 7.983048 7.983048 
7.983048 7.983048 7.983048 7.983048 7.983048 7.983048 7.983048 7.983048 7.983048 7.983048 7.983048 7.983048 7.983048 7.983048 7.983048 7.983048 7.983048 7.983048 7.983048 7.983048 7.983048 7.983048 7.983048 7.983048 7.983048 7.983048 7.983048 7.983048 7.983048 7.983048 7.983048 7.983048 7.983048 7.983048 7.983048 7.983048 7.983048 7.983048 7.983048 7.983048 7.983048 7.983048 7.983048 7.983048 7.983048 7.983048 7.983048 7.983048 7.983048 7.983048 7.983048 7.983048 7.983048 7.983048 7.983048 7.983048 7.983048 7.983048 7.983048 7.983048 7.983048 7.983048 7.983048 7.983048 
7.983048 7.983048 7.983048 7.983048 7.983048 7.983048 7.983048 7.983048 7.983048 7.983048 7.983048 7.983048 7.983048 7.983048 7.983048 7.983048 7.983048 7.983048 7.983048 7.983048 7.983048 7.983048 7.983048 7.983048 7.983048 7.983048 7.983048 7.983048 7.983048 7.983048 7.983048 7.983048 7.983048 7.983048 7.983048 7.983048 7.983048 7.983048 7.983048 7.983048 7.983048 7.983048 7.983048 7.983048 7.983048 7.983048 7.983048 7.983048 7.983048 7.983048 7.983048 7.983048 7.983048 7.983048 7.983048 7.983048 7.983048 7.983048 7.983048 7.983048 7.983048 7.983048 7.983048 7.983048 
7.983048 7.983048 7.983048 7.983048 7.983048 7.983048 7.983048 7.983048 7.983048 7.983048 7.983048 7.983048 7.983048 7.983048 7.983048 7.983048 7.983048 7.983048 7.983048 7.983048 7.983048 7.983048 7.983048 7.983048 7.983048 7.983048 7.983048 7.983048 7.983048 7.983048 7.983048 7.983048 7.983048 7.983048 7.983048 7.983048 7.983048 7.983048 7.983048 7.983048 7.983048 7.983048 7.983048 7.983048 7.983048 7.983048 7.983048 7.983048 7.983048 7.983048 7.983048 7.983048 7.983048 7.983048 7.983048 7.983048 7.983048 7.983048 7.983048 7.983048 7.983048 7.983048 7.983048 7.983048 
