9.798303 9.798303 9.798303 9.798303 9.798303 9.798303 9.798303 9.798303 9.798303 9.798303 9.798303 9.798303 9.798303 9.798303 9.798303 9.798303 9.798303 9.798303 9.798303 9.798303 9.798303 9.798303 9.798303 9.798303 9.798303 9.798303 9.798303 9.798303 9.798303 9.798303 9.798303 9.798303 9.798303 9.798303 9.798303 9.798303 9.798303 9.798303 9.798303 9.798303 9.798303 9.798303 9.798303 9.798303 9.798303 9.798303 9.798303 9.798303 9.798303 9.798303 9.798303 9.798303 9.798303 9.798303 9.798303 9.798303 9.798303 9.798303 9.798303 9.798303 9.798303 9.798303 9.798303 9.798303 
9.798303 9.798303 9.798303 9.798303 9.798303 9.798303 9.798303 9.798303 9.798303 9.798303 9.798303 9.798303 9.798303 9.798303 9.798303 9.798303 9.798303 9.798303 9.798303 9.798303 9.798303 9.798303 9.798303 9.798303 9.798303 9.798303 9.798303 9.798303 9.798303 9.798303 9.798303 9.798303 9.798303 9.798303 9.798303 9.798303 9.798303 9.798303 9.798303 9.798303 9.798303 9.798303 9.798303 9.798303 9.798303 9.798303 9.798303 9.798303 9.798303 9.798303 9.798303 9.798303 9.798303 9.798303 9.798303 9.798303 9.798303 9.798303 9.798303 9.798303 9.798303 9.798303 9.798303 9.798303 
9.798303 9.798303 9.798303 9.798303 9.798303 9.798303 9.798303 9.798303 9.798303 9.798303 9.798303 9.798303 9.798303 9.798303 9.798303 9.798303 9.798303 9.798303 9.798303 9.798303 9.798303 9.798303 9.798303 9.798303 9.798303 9.798303 9.798303 9.798303 9.798303 9.798303 9.798303 9.798303 9.798303 9.798303 9.798303 9.798303 9.798303 9.798303 9.798303 9.798303 9.798303 9.798303 9.798303 9.798303 9.798303 9.798303 9.798303 9.798303 9.798303 9.798303 9.798303 9.798303 9.798303 9.798303 9.798303 9.798303 9.798303 9.798303 9.798303 9.798303 9.798303 9.798303 9.798303 9.798303 
9.798303 9.798303 9.798303 9.798303 9.798303 9.798303 9.798303 9.798303 9.798303 9.798303 9.798303 9.798303 9.798303 9.798303 9.798303 9.798303 9.798303 9.798303 9.798303 9.798303 9.798303 9.798303 9.798303 9.798303 9.798303 9.798303 9.798303 9.798303 9.798303 9.798303 9.798303 9.798303 9.798303 9.798303 9.798303 9.798303 9.798303 9.798303 9.798303 9.798303 9.798303 9.798303 9.798303 9.798303 9.798303 9.798303 9.798303 9.798303 9.798303 9.798303 9.798303 9.798303 9.798303 9.798303 9.798303 9.798303 9.798303 9.798303 9.798303 9.798303 9.798303 9.798303 9.798303 9.798303 
9.798303 9.798303 9.798303 9.798303 9.798303 9.798303 9.798303 9.798303 9.798303 9.798303 9.798303 9.798303 9.798303 9.798303 9.798303 9.798303 9.798303 9.798303 9.798303 9.798303 9.798303 9.798303 9.798303 9.798303 9.798303 9.798303 9.798303 9.798303 9.798303 9.798303 9.798303 9.798303 9.798303 9.798303 9.798303 9.798303 9.798303 9.798303 9.798303 9.798303 9.798303 9.798303 9.798303 9.798303 9.798303 9.798303 9.798303 9.798303 9.798303 9.798303 9.798303 9.798303 9.798303 9.798303 9.798303 9.798303 9.798303 9.798303 9.798303 9.798303 9.798303 9.798303 9.798303 9.798303 
9.798303 9.798303 9.798303 9.798303 9.798303 9.798303 9.798303 9.798303 9.798303 9.798303 9.798303 9.798303 9.798303 9.798303 9.798303 9.798303 9.798303 9.798303 9.798303 9.798303 9.798303 9.798303 9.798303 9.798303 9.798303 9.798303 9.798303 9.798303 9.798303 9.798303 9.798303 9.798303 9.798303 9.798303 9.798303 9.798303 9.798303 9.798303 9.798303 9.798303 9.798303 9.798303 9.798303 9.798303 9.798303 9.798303 9.798303 9.798303 9.798303 9.798303 9.798303 9.798303 9.798303 9.798303 9.798303 9.798303 9.798303 9.798303 9.798303 9.798303 9.798303 9.798303 9.798303 9.798303 
9.798303 9.798303 9.798303 9.798303 9.798303 9.798303 9.798303 9.798303 9.798303 9.798303 9.798303 9.798303 9.798303 9.798303 9.798303 9.798303 9.798303 9.798303 9.798303 9.798303 9.798303 9.798303 9.798303 9.798303 9.798303 9.798303 9.798303 9.798303 9.798303 9.798303 9.798303 9.798303 9.798303 9.798303 9.798303 9.798303 9.798303 9.798303 9.798303 9.798303 9.798303 9.798303 9.798303 9.798303 9.798303 9.798303 9.798303 9.798303 9.798303 9.798303 9.798303 9.798303 9.798303 9.798303 9.798303 9.798303 9.798303 9.798303 9.798303 9.798303 9.798303 9.798303 9.798303 9.798303 
9.798303 9.798303 9.798303 9.798303 9.798303 9.798303 9.798303 9.798303 9.798303 9.798303 9.798303 9.798303 9.798303 9.798303 9.798303 9.798303 9.798303 9.798303 9.798303 9.798303 9.798303 9.798303 9.798303 9.798303 9.798303 9.798303 9.798303 9.798303 9.798303 9.798303 9.798303 9.798303 9.798303 9.798303 9.798303 9.798303 9.798303 9.798303 9.798303 9.798303 9.798303 9.798303 9.798303 9.798303 9.798303 9.798303 9.798303 9.798303 9.798303 9.798303 9.798303 9.798303 9.798303 9.798303 9.798303 9.798303 9.798303 9.798303 9.798303 9.798303 9.798303 9.798303 9.798303 9.798303 
9.798303 9.798303 9.798303 9.798303 9.798303 9.798303 9.798303 9.798303 9.798303 9.798303 9.798303 9.798303 9.798303 9.798303 9.798303 9.798303 9.798303 9.798303 9.798303 9.798303 9.798303 9.798303 9.798303 9.798303 9.798303 9.798303 9.798303 9.798303 9.798303 9.798303 9.798303 9.798303 9.798303 9.798303 9.798303 9.798303 9.798303 9.798303 9.798303 9.798303 9.798303 9.798303 9.798303 9.798303 9.798303 9.798303 9.798303 9.798303 9.798303 9.798303 9.798303 9.798303 9.798303 9.798303 9.798303 9.798303 9.798303 9.798303 9.798303 9.798303 9.798303 9.798303 9.798303 9.798303 
9.798303 9.798303 9.798303 9.798303 9.798303 9.798303 9.798303 9.798303 9.798303 9.798303 9.798303 9.798303 9.798303 9.798303 9.798303 9.798303 9.798303 9.798303 9.798303 9.798303 9.798303 9.798303 9.798303 9.798303 9.798303 9.798303 9.798303 9.798303 9.798303 9.798303 9.798303 9.798303 9.798303 9.798303 9.798303 9.798303 9.798303 9.798303 9.798303 9.798303 9.798303 9.798303 9.798303 9.798303 9.798303 9.798303 9.798303 9.798303 9.798303 9.798303 9.798303 9.798303 9.798303 9.798303 9.798303 9.798303 9.798303 9.798303 9.798303 9.798303 9.798303 9.798303 9.798303 9.798303 
9.798303 9.798303 9.798303 9.798303 9.798303 9.798303 9.798303 9.798303 9.798303 9.798303 9.798303 9.798303 9.798303 9.798303 9.798303 9.798303 9.798303 9.798303 9.798303 9.798303 9.798303 9.798303 9.798303 9.798303 9.798303 9.798303 9.798303 9.798303 9.798303 9.798303 9.798303 9.798303 9.798303 9.798303 9.798303 9.798303 9.798303 9.798303 9.798303 9.798303 9.798303 9.798303 9.798303 9.798303 9.798303 9.798303 9.798303 9.798303 9.798303 9.798303 9.798303 9.798303 9.798303 9.798303 9.798303 9.798303 9.798303 9.798303 9.798303 9.798303 9.798303 9.798303 9.798303 9.798303 
9.798303 9.798303 9.798303 9.798303 9.798303 9.798303 9.798303 9.798303 9.798303 9.798303 9.798303 9.798303 9.798303 9.798303 9.798303 9.798303 9.798303 9.798303 9.798303 9.798303 9.798303 9.798303 9.798303 9.798303 9.798303 9.798303 9.798303 9.798303 9.798303 9.798303 9.798303 9.798303 9.798303 9.798303 9.798303 9.798303 9.798303 9.798303 9.798303 9.798303 9.798303 9.798303 9.798303 9.798303 9.798303 9.798303 9.798303 9.798303 9.798303 9.798303 9.798303 9.798303 9.798303 9.798303 9.798303 9.798303 9.798303 9.798303 9.798303 9.798303 9.798303 9.798303 9.798303 9.798303 
9.798303 9.798303 9.798303 9.798303 9.798303 9.798303 9.798303 9.798303 9.798303 9.798303 9.798303 9.798303 9.798303 9.798303 9.798303 9.798303 9.798303 9.798303 9.798303 9.798303 9.798303 9.798303 9.798303 9.798303 9.798303 9.798303 9.798303 9.798303 9.798303 9.798303 9.798303 9.798303 9.798303 9.798303 9.798303 9.798303 9.798303 9.798303 9.798303 9.798303 9.798303 9.798303 9.798303 9.798303 9.798303 9.798303 9.798303 9.798303 9.798303 9.798303 9.798303 9.798303 9.798303 9.798303 9.798303 9.798303 9.798303 9.798303 9.798303 9.798303 9.798303 9.798303 9.798303 9.798303 
9.798303 9.798303 9.798303 9.798303 9.798303 9.798303 9.798303 9.798303 9.798303 9.798303 9.798303 9.798303 9.798303 9.798303 9.798303 9.798303 9.798303 9.798303 9.798303 9.798303 9.798303 9.798303 9.798303 9.798303 9.798303 9.798303 9.798303 9.798303 9.798303 9.798303 9.798303 9.798303 9.798303 9.798303 9.798303 9.798303 9.798303 9.798303 9.798303 9.798303 9.798303 9.798303 9.798303 9.798303 9.798303 9.798303 9.798303 9.798303 9.798303 9.798303 9.798303 9.798303 9.798303 9.798303 9.798303 9.798303 9.798303 9.798303 9.798303 9.798303 9.798303 9.798303 9.798303 9.798303 
9.798303 9.798303 9.798303 9.798303 9.798303 9.798303 9.798303 9.798303 9.798303 9.798303 9.798303 9.798303 9.798303 9.798303 9.798303 9.798303 9.798303 9.798303 9.798303 9.798303 9.798303 9.798303 9.798303 9.798303 9.798303 9.798303 9.798303 9.798303 9.798303 9.798303 9.798303 9.798303 9.798303 9.798303 9.798303 9.798303 9.798303 9.798303 9.798303 9.798303 9.798303 9.798303 9.798303 9.798303 9.798303 9.798303 9.798303 9.798303 9.798303 9.798303 9.798303 9.798303 9.798303 9.798303 9.798303 9.798303 9.798303 9.798303 9.798303 9.798303 9.798303 9.798303 9.798303 9.798303 
9.798303 9.798303 9.798303 9.798303 9.798303 9.798303 9.798303 9.798303 9.798303 9.798303 9.798303 9.798303 9.798303 9.798303 9.798303 9.798303 9.798303 9.798303 9.798303 9.798303 9.798303 9.798303 9.798303 9.798303 9.798303 9.798303 9.798303 9.798303 9.798303 9.798303 9.798303 9.798303 9.798303 9.798303 9.798303 9.798303 9.798303 9.798303 9.798303 9.798303 9.798303 9.798303 9.798303 9.798303 9.798303 9.798303 9.798303 9.798303 9.798303 9.798303 9.798303 9.798303 9.798303 9.798303 9.798303 9.798303 9.798303 9.798303 9.798303 9.798303 9.798303 9.798303 9.798303 9.798303 
9.798303 9.798303 9.798303 9.798303 9.798303 9.798303 9.798303 9.798303 9.798303 9.798303 9.798303 9.798303 9.798303 9.798303 9.798303 9.798303 9.798303 9.798303 9.798303 9.798303 9.798303 9.798303 9.798303 9.798303 9.798303 9.798303 9.798303 9.798303 9.798303 9.798303 9.798303 9.798303 9.798303 9.798303 9.798303 9.798303 9.798303 9.798303 9.798303 9.798303 9.798303 9.798303 9.798303 9.798303 9.798303 9.798303 9.798303 9.798303 9.798303 9.798303 9.798303 9.798303 9.798303 9.798303 9.798303 9.798303 9.798303 9.798303 9.798303 9.798303 9.798303 9.798303 9.798303 9.798303 
9.798303 9.798303 9.798303 9.798303 9.798303 9.798303 9.798303 9.798303 9.798303 9.798303 9.798303 9.798303 9.798303 9.798303 9.798303 9.798303 9.798303 9.798303 9.798303 9.798303 9.798303 9.798303 9.798303 9.798303 9.798303 9.798303 9.798303 9.798303 9.798303 9.798303 9.798303 9.798303 9.798303 9.798303 9.798303 9.798303 9.798303 9.798303 9.798303 9.798303 9.798303 9.798303 9.798303 9.798303 9.798303 9.798303 9.798303 9.798303 9.798303 9.798303 9.798303 9.798303 9.798303 9.798303 9.798303 9.798303 9.798303 9.798303 9.798303 9.798303 9.798303 9.798303 9.798303 9.798303 
9.798303 9.798303 9.798303 9.798303 9.798303 9.798303 9.798303 9.798303 9.798303 9.798303 9.798303 9.798303 9.798303 9.798303 9.798303 9.798303 9.798303 9.798303 9.798303 9.798303 9.798303 9.798303 9.798303 9.798303 9.798303 9.798303 9.798303 9.798303 9.798303 9.798303 9.798303 9.798303 9.798303 9.798303 9.798303 9.798303 9.798303 9.798303 9.798303 9.798303 9.798303 9.798303 9.798303 9.798303 9.798303 9.798303 9.798303 9.798303 9.798303 9.798303 9.798303 9.798303 9.798303 9.798303 9.798303 9.798303 9.798303 9.798303 9.798303 9.798303 9.798303 9.798303 9.798303 9.798303 
9.798303 9.798303 9.798303 9.798303 9.798303 9.798303 9.798303 9.798303 9.798303 9.798303 9.798303 9.798303 9.798303 9.798303 9.798303 9.798303 9.798303 9.798303 9.798303 9.798303 9.798303 9.798303 9.798303 9.798303 9.798303 9.798303 9.798303 9.798303 9.798303 9.798303 9.798303 9.798303 9.798303 9.798303 9.798303 9.798303 9.798303 9.798303 9.798303 9.798303 9.798303 9.798303 9.798303 9.798303 9.798303 9.798303 9.798303 9.798303 9.798303 9.798303 9.798303 9.798303 9.798303 9.798303 9.798303 9.798303 9.798303 9.798303 9.798303 9.798303 9.798303 9.798303 9.798303 9.798303 
9.798303 9.798303 9.798303 9.798303 9.798303 9.798303 9.798303 9.798303 9.798303 9.798303 9.798303 9.798303 9.798303 9.798303 9.798303 9.798303 9.798303 9.798303 9.798303 9.798303 9.798303 9.798303 9.798303 9.798303 9.798303 9.798303 9.798303 9.798303 9.798303 9.798303 9.798303 9.798303 9.798303 9.798303 9.798303 9.798303 9.798303 9.798303 9.798303 9.798303 9.798303 9.798303 9.798303 9.798303 9.798303 9.798303 9.798303 9.798303 9.798303 9.798303 9.798303 9.798303 9.798303 9.798303 9.798303 9.798303 9.798303 9.798303 9.798303 9.798303 9.798303 9.798303 9.798303 9.798303 
9.798303 9.798303 9.798303 9.798303 9.798303 9.798303 9.798303 9.798303 9.798303 9.798303 9.798303 9.798303 9.798303 9.798303 9.798303 9.798303 9.798303 9.798303 9.798303 9.798303 9.798303 9.798303 9.798303 9.798303 9.798303 9.798303 9.798303 9.798303 9.798303 9.798303 9.798303 9.798303 9.798303 9.798303 9.798303 9.798303 9.798303 9.798303 9.798303 9.798303 9.798303 9.798303 9.798303 9.798303 9.798303 9.798303 9.798303 9.798303 9.798303 9.798303 9.798303 9.798303 9.798303 9.798303 9.798303 9.798303 9.798303 9.798303 9.798303 9.798303 9.798303 9.798303 9.798303 9.798303 
9.798303 9.798303 9.798303 9.798303 9.798303 9.798303 9.798303 9.798303 9.798303 9.798303 9.798303 9.798303 9.798303 9.798303 9.798303 9.798303 9.798303 9.798303 9.798303 9.798303 9.798303 9.798303 9.798303 9.798303 9.798303 9.798303 9.798303 9.798303 9.798303 9.798303 9.798303 9.798303 9.798303 9.798303 9.798303 9.798303 9.798303 9.798303 9.798303 9.798303 9.798303 9.798303 9.798303 9.798303 9.798303 9.798303 9.798303 9.798303 9.798303 9.798303 9.798303 9.798303 9.798303 9.798303 9.798303 9.798303 9.798303 9.798303 9.798303 9.798303 9.798303 9.798303 9.798303 9.798303 
9.798303 9.798303 9.798303 9.798303 9.798303 9.798303 9.798303 9.798303 9.798303 9.798303 9.798303 9.798303 9.798303 9.798303 9.798303 9.798303 9.798303 9.798303 9.798303 9.798303 9.798303 9.798303 9.798303 9.798303 9.798303 9.798303 9.798303 9.798303 9.798303 9.798303 9.798303 9.798303 9.798303 9.798303 9.798303 9.798303 9.798303 9.798303 9.798303 9.798303 9.798303 9.798303 9.798303 9.798303 9.798303 9.798303 9.798303 9.798303 9.798303 9.798303 9.798303 9.798303 9.798303 9.798303 9.798303 9.798303 9.798303 9.798303 9.798303 9.798303 9.798303 9.798303 9.798303 9.798303 
9.798303 9.798303 9.798303 9.798303 9.798303 9.798303 9.798303 9.798303 9.798303 9.798303 9.798303 9.798303 9.798303 9.798303 9.798303 9.798303 9.798303 9.798303 9.798303 9.798303 9.798303 9.798303 9.798303 9.798303 9.798303 9.798303 9.798303 9.798303 9.798303 9.798303 9.798303 9.798303 9.798303 9.798303 9.798303 9.798303 9.798303 9.798303 9.798303 9.798303 9.798303 9.798303 9.798303 9.798303 9.798303 9.798303 9.798303 9.798303 9.798303 9.798303 9.798303 9.798303 9.798303 9.798303 9.798303 9.798303 9.798303 9.798303 9.798303 9.798303 9.798303 9.798303 9.798303 9.798303 
9.798303 9.798303 9.798303 9.798303 9.798303 9.798303 9.798303 9.798303 9.798303 9.798303 9.798303 9.798303 9.798303 9.798303 9.798303 9.798303 9.798303 9.798303 9.798303 9.798303 9.798303 9.798303 9.798303 9.798303 9.798303 9.798303 9.798303 9.798303 9.798303 9.798303 9.798303 9.798303 9.798303 9.798303 9.798303 9.798303 9.798303 9.798303 9.798303 9.798303 9.798303 9.798303 9.798303 9.798303 9.798303 9.798303 9.798303 9.798303 9.798303 9.798303 9.798303 9.798303 9.798303 9.798303 9.798303 9.798303 9.798303 9.798303 9.798303 9.798303 9.798303 9.798303 9.798303 9.798303 
9.798303 9.798303 9.798303 9.798303 9.798303 9.798303 9.798303 9.798303 9.798303 9.798303 9.798303 9.798303 9.798303 9.798303 9.798303 9.798303 9.798303 9.798303 9.798303 9.798303 9.798303 9.798303 9.798303 9.798303 9.798303 9.798303 9.798303 9.798303 9.798303 9.798303 9.798303 9.798303 9.798303 9.798303 9.798303 9.798303 9.798303 9.798303 9.798303 9.798303 9.798303 9.798303 9.798303 9.798303 9.798303 9.798303 9.798303 9.798303 9.798303 9.798303 9.798303 9.798303 9.798303 9.798303 9.798303 9.798303 9.798303 9.798303 9.798303 9.798303 9.798303 9.798303 9.798303 9.798303 
9.798303 9.798303 9.798303 9.798303 9.798303 9.798303 9.798303 9.798303 9.798303 9.798303 9.798303 9.798303 9.798303 9.798303 9.798303 9.798303 9.798303 9.798303 9.798303 9.798303 9.798303 9.798303 9.798303 9.798303 9.798303 9.798303 9.798303 9.798303 9.798303 9.798303 9.798303 9.798303 9.798303 9.798303 9.798303 9.798303 9.798303 9.798303 9.798303 9.798303 9.798303 9.798303 9.798303 9.798303 9.798303 9.798303 9.798303 9.798303 9.798303 9.798303 9.798303 9.798303 9.798303 9.798303 9.798303 9.798303 9.798303 9.798303 9.798303 9.798303 9.798303 9.798303 9.798303 9.798303 
9.798303 9.798303 9.798303 9.798303 9.798303 9.798303 9.798303 9.798303 9.798303 9.798303 9.798303 9.798303 9.798303 9.798303 9.798303 9.798303 9.798303 9.798303 9.798303 9.798303 9.798303 9.798303 9.798303 9.798303 9.798303 9.798303 9.798303 9.798303 9.798303 9.798303 9.798303 9.798303 9.798303 9.798303 9.798303 9.798303 9.798303 9.798303 9.798303 9.798303 9.798303 9.798303 9.798303 9.798303 9.798303 9.798303 9.798303 9.798303 9.798303 9.798303 9.798303 9.798303 9.798303 9.798303 9.798303 9.798303 9.798303 9.798303 9.798303 9.798303 9.798303 9.798303 9.798303 9.798303 
9.798303 9.798303 9.798303 9.798303 9.798303 9.798303 9.798303 9.798303 9.798303 9.798303 9.798303 9.798303 9.798303 9.798303 9.798303 9.798303 9.798303 9.798303 9.798303 9.798303 9.798303 9.798303 9.798303 9.798303 9.798303 9.798303 9.798303 9.798303 9.798303 9.798303 9.798303 9.798303 9.798303 9.798303 9.798303 9.798303 9.798303 9.798303 9.798303 9.798303 9.798303 9.798303 9.798303 9.798303 9.798303 9.798303 9.798303 9.798303 9.798303 9.798303 9.798303 9.798303 9.798303 9.798303 9.798303 9.798303 9.798303 9.798303 9.798303 9.798303 9.798303 9.798303 9.798303 9.798303 
9.798303 9.798303 9.798303 9.798303 9.798303 9.798303 9.798303 9.798303 9.798303 9.798303 9.798303 9.798303 9.798303 9.798303 9.798303 9.798303 9.798303 9.798303 9.798303 9.798303 9.798303 9.798303 9.798303 9.798303 9.798303 9.798303 9.798303 9.798303 9.798303 9.798303 9.798303 9.798303 9.798303 9.798303 9.798303 9.798303 9.798303 9.798303 9.798303 9.798303 9.798303 9.798303 9.798303 9.798303 9.798303 9.798303 9.798303 9.798303 9.798303 9.798303 9.798303 9.798303 9.798303 9.798303 9.798303 9.798303 9.798303 9.798303 9.798303 9.798303 9.798303 9.798303 9.798303 9.798303 
9.798303 9.798303 9.798303 9.798303 9.798303 9.798303 9.798303 9.798303 9.798303 9.798303 9.798303 9.798303 9.798303 9.798303 9.798303 9.798303 9.798303 9.798303 9.798303 9.798303 9.798303 9.798303 9.798303 9.798303 9.798303 9.798303 9.798303 9.798303 9.798303 9.798303 9.798303 9.798303 9.798303 9.798303 9.798303 9.798303 9.798303 9.798303 9.798303 9.798303 9.798303 9.798303 9.798303 9.798303 9.798303 9.798303 9.798303 9.798303 9.798303 9.798303 9.798303 9.798303 9.798303 9.798303 9.798303 9.798303 9.798303 9.798303 9.798303 9.798303 9.798303 9.798303 9.798303 9.798303 
9.798303 9.798303 9.798303 9.798303 9.798303 9.798303 9.798303 9.798303 9.798303 9.798303 9.798303 9.798303 9.798303 9.798303 9.798303 9.798303 9.798303 9.798303 9.798303 9.798303 9.798303 9.798303 9.798303 9.798303 9.798303 9.798303 9.798303 9.798303 9.798303 9.798303 9.798303 9.798303 9.798303 9.798303 9.798303 9.798303 9.798303 9.798303 9.798303 9.798303 9.798303 9.798303 9.798303 9.798303 9.798303 9.798303 9.798303 9.798303 9.798303 9.798303 9.798303 9.798303 9.798303 9.798303 9.798303 9.798303 9.798303 9.798303 9.798303 9.798303 9.798303 9.798303 9.798303 9.798303 
9.798303 9.798303 9.798303 9.798303 9.798303 9.798303 9.798303 9.798303 9.798303 9.798303 9.798303 9.798303 9.798303 9.798303 9.798303 9.798303 9.798303 9.798303 9.798303 9.798303 9.798303 9.798303 9.798303 9.798303 9.798303 9.798303 9.798303 9.798303 9.798303 9.798303 9.798303 9.798303 9.798303 9.798303 9.798303 9.798303 9.798303 9.798303 9.798303 9.798303 9.798303 9.798303 9.798303 9.798303 9.798303 9.798303 9.798303 9.798303 9.798303 9.798303 9.798303 9.798303 9.798303 9.798303 9.798303 9.798303 9.798303 9.798303 9.798303 9.798303 9.798303 9.798303 9.798303 9.798303 
9.798303 9.798303 9.798303 9.798303 9.798303 9.798303 9.798303 9.798303 9.798303 9.798303 9.798303 9.798303 9.798303 9.798303 9.798303 9.798303 9.798303 9.798303 9.798303 9.798303 9.798303 9.798303 9.798303 9.798303 9.798303 9.798303 9.798303 9.798303 9.798303 9.798303 9.798303 9.798303 9.798303 9.798303 9.798303 9.798303 9.798303 9.798303 9.798303 9.798303 9.798303 9.798303 9.798303 9.798303 9.798303 9.798303 9.798303 9.798303 9.798303 9.798303 9.798303 9.798303 9.798303 9.798303 9.798303 9.798303 9.798303 9.798303 9.798303 9.798303 9.798303 9.798303 9.798303 9.798303 
9.798303 9.798303 9.798303 9.798303 9.798303 9.798303 9.798303 9.798303 9.798303 9.798303 9.798303 9.798303 9.798303 9.798303 9.798303 9.798303 9.798303 9.798303 9.798303 9.798303 9.798303 9.798303 9.798303 9.798303 9.798303 9.798303 9.798303 9.798303 9.798303 9.798303 9.798303 9.798303 9.798303 9.798303 9.798303 9.798303 9.798303 9.798303 9.798303 9.798303 9.798303 9.798303 9.798303 9.798303 9.798303 9.798303 9.798303 9.798303 9.798303 9.798303 9.798303 9.798303 9.798303 9.798303 9.798303 9.798303 9.798303 9.798303 9.798303 9.798303 9.798303 9.798303 9.798303 9.798303 
9.798303 9.798303 9.798303 9.798303 9.798303 9.798303 9.798303 9.798303 9.798303 9.798303 9.798303 9.798303 9.798303 9.798303 9.798303 9.798303 9.798303 9.798303 9.798303 9.798303 9.798303 9.798303 9.798303 9.798303 9.798303 9.798303 9.798303 9.798303 9.798303 9.798303 9.798303 9.798303 9.798303 9.798303 9.798303 9.798303 9.798303 9.798303 9.798303 9.798303 9.798303 9.798303 9.798303 9.798303 9.798303 9.798303 9.798303 9.798303 9.798303 9.798303 9.798303 9.798303 9.798303 9.798303 9.798303 9.798303 9.798303 9.798303 9.798303 9.798303 9.798303 9.798303 9.798303 9.798303 
9.798303 9.798303 9.798303 9.798303 9.798303 9.798303 9.798303 9.798303 9.798303 9.798303 9.798303 9.798303 9.798303 9.798303 9.798303 9.798303 9.798303 9.798303 9.798303 9.798303 9.798303 9.798303 9.798303 9.798303 9.798303 9.798303 9.798303 9.798303 9.798303 9.798303 9.798303 9.798303 9.798303 9.798303 9.798303 9.798303 9.798303 9.798303 9.798303 9.798303 9.798303 9.798303 9.798303 9.798303 9.798303 9.798303 9.798303 9.798303 9.798303 9.798303 9.798303 9.798303 9.798303 9.798303 9.798303 9.798303 9.798303 9.798303 9.798303 9.798303 9.798303 9.798303 9.798303 9.798303 
9.798303 9.798303 9.798303 9.798303 9.798303 9.798303 9.798303 9.798303 9.798303 9.798303 9.798303 9.798303 9.798303 9.798303 9.798303 9.798303 9.798303 9.798303 9.798303 9.798303 9.798303 9.798303 9.798303 9.798303 9.798303 9.798303 9.798303 9.798303 9.798303 9.798303 9.798303 9.798303 9.798303 9.798303 9.798303 9.798303 9.798303 9.798303 9.798303 9.798303 9.798303 9.798303 9.798303 9.798303 9.798303 9.798303 9.798303 9.798303 9.798303 9.798303 9.798303 9.798303 9.798303 9.798303 9.798303 9.798303 9.798303 9.798303 9.798303 9.798303 9.798303 9.798303 9.798303 9.798303 
9.798303 9.798303 9.798303 9.798303 9.798303 9.798303 9.798303 9.798303 9.798303 9.798303 9.798303 9.798303 9.798303 9.798303 9.798303 9.798303 9.798303 9.798303 9.798303 9.798303 9.798303 9.798303 9.798303 9.798303 9.798303 9.798303 9.798303 9.798303 9.798303 9.798303 9.798303 9.798303 9.798303 9.798303 9.798303 9.798303 9.798303 9.798303 9.798303 9.798303 9.798303 9.798303 9.798303 9.798303 9.798303 9.798303 9.798303 9.798303 9.798303 9.798303 9.798303 9.798303 9.798303 9.798303 9.798303 9.798303 9.798303 9.798303 9.798303 9.798303 9.798303 9.798303 9.798303 9.798303 
9.798303 9.798303 9.798303 9.798303 9.798303 9.798303 9.798303 9.798303 9.798303 9.798303 9.798303 9.798303 9.798303 9.798303 9.798303 9.798303 9.798303 9.798303 9.798303 9.798303 9.798303 9.798303 9.798303 9.798303 9.798303 9.798303 9.798303 9.798303 9.798303 9.798303 9.798303 9.798303 9.798303 9.798303 9.798303 9.798303 9.798303 9.798303 9.798303 9.798303 9.798303 9.798303 9.798303 9.798303 9.798303 9.798303 9.798303 9.798303 9.798303 9.798303 9.798303 9.798303 9.798303 9.798303 9.798303 9.798303 9.798303 9.798303 9.798303 9.798303 9.798303 9.798303 9.798303 9.798303 
9.798303 9.798303 9.798303 9.798303 9.798303 9.798303 9.798303 9.798303 9.798303 9.798303 9.798303 9.798303 9.798303 9.798303 9.798303 9.798303 9.798303 9.798303 9.798303 9.798303 9.798303 9.798303 9.798303 9.798303 9.798303 9.798303 9.798303 9.798303 9.798303 9.798303 9.798303 9.798303 9.798303 9.798303 9.798303 9.798303 9.798303 9.798303 9.798303 9.798303 9.798303 9.798303 9.798303 9.798303 9.798303 9.798303 9.798303 9.798303 9.798303 9.798303 9.798303 9.798303 9.798303 9.798303 9.798303 9.798303 9.798303 9.798303 9.798303 9.798303 9.798303 9.798303 9.798303 9.798303 
9.798303 9.798303 9.798303 9.798303 9.798303 9.798303 9.798303 9.798303 9.798303 9.798303 9.798303 9.798303 9.798303 9.798303 9.798303 9.798303 9.798303 9.798303 9.798303 9.798303 9.798303 9.798303 9.798303 9.798303 9.798303 9.798303 9.798303 9.798303 9.798303 9.798303 9.798303 9.798303 9.798303 9.798303 9.798303 9.798303 9.798303 9.798303 9.798303 9.798303 9.798303 9.798303 9.798303 9.798303 9.798303 9.798303 9.798303 9.798303 9.798303 9.798303 9.798303 9.798303 9.798303 9.798303 9.798303 9.798303 9.798303 9.798303 9.798303 9.798303 9.798303 9.798303 9.798303 9.798303 
9.798303 9.798303 9.798303 9.798303 9.798303 9.798303 9.798303 9.798303 9.798303 9.798303 9.798303 9.798303 9.798303 9.798303 9.798303 9.798303 9.798303 9.798303 9.798303 9.798303 9.798303 9.798303 9.798303 9.798303 9.798303 9.798303 9.798303 9.798303 9.798303 9.798303 9.798303 9.798303 9.798303 9.798303 9.798303 9.798303 9.798303 9.798303 9.798303 9.798303 9.798303 9.798303 9.798303 9.798303 9.798303 9.798303 9.798303 9.798303 9.798303 9.798303 9.798303 9.798303 9.798303 9.798303 9.798303 9.798303 9.798303 9.798303 9.798303 9.798303 9.798303 9.798303 9.798303 9.798303 
9.798303 9.798303 9.798303 9.798303 9.798303 9.798303 9.798303 9.798303 9.798303 9.798303 9.798303 9.798303 9.798303 9.798303 9.798303 9.798303 9.798303 9.798303 9.798303 9.798303 9.798303 9.798303 9.798303 9.798303 9.798303 9.798303 9.798303 9.798303 9.798303 9.798303 9.798303 9.798303 9.798303 9.798303 9.798303 9.798303 9.798303 9.798303 9.798303 9.798303 9.798303 9.798303 9.798303 9.798303 9.798303 9.798303 9.798303 9.798303 9.798303 9.798303 9.798303 9.798303 9.798303 9.798303 9.798303 9.798303 9.798303 9.798303 9.798303 9.798303 9.798303 9.798303 9.798303 9.798303 
9.798303 9.798303 9.798303 9.798303 9.798303 9.798303 9.798303 9.798303 9.798303 9.798303 9.798303 9.798303 9.798303 9.798303 9.798303 9.798303 9.798303 9.798303 9.798303 9.798303 9.798303 9.798303 9.798303 9.798303 9.798303 9.798303 9.798303 9.798303 9.798303 9.798303 9.798303 9.798303 9.798303 9.798303 9.798303 9.798303 9.798303 9.798303 9.798303 9.798303 9.798303 9.798303 9.798303 9.798303 9.798303 9.798303 9.798303 9.798303 9.798303 9.798303 9.798303 9.798303 9.798303 9.798303 9.798303 9.798303 9.798303 9.798303 9.798303 9.798303 9.798303 9.798303 9.798303 9.798303 
9.798303 9.798303 9.798303 9.798303 9.798303 9.798303 9.798303 9.798303 9.798303 9.798303 9.798303 9.798303 9.798303 9.798303 9.798303 9.798303 9.798303 9.798303 9.798303 9.798303 9.798303 9.798303 9.798303 9.798303 9.798303 9.798303 9.798303 9.798303 9.798303 9.798303 9.798303 9.798303 9.798303 9.798303 9.798303 9.798303 9.798303 9.798303 9.798303 9.798303 9.798303 9.798303 9.798303 9.798303 9.798303 9.798303 9.798303 9.798303 9.798303 9.798303 9.798303 9.798303 9.798303 9.798303 9.798303 9.798303 9.798303 9.798303 9.798303 9.798303 9.798303 9.798303 9.798303 9.798303 
9.798303 9.798303 9.798303 9.798303 9.798303 9.798303 9.798303 9.798303 9.798303 9.798303 9.798303 9.798303 9.798303 9.798303 9.798303 9.798303 9.798303 9.798303 9.798303 9.798303 9.798303 9.798303 9.798303 9.798303 9.798303 9.798303 9.798303 9.798303 9.798303 9.798303 9.798303 9.798303 9.798303 9.798303 9.798303 9.798303 9.798303 9.798303 9.798303 9.798303 9.798303 9.798303 9.798303 9.798303 9.798303 9.798303 9.798303 9.798303 9.798303 9.798303 9.798303 9.798303 9.798303 9.798303 9.798303 9.798303 9.798303 9.798303 9.798303 9.798303 9.798303 9.798303 9.798303 9.798303 
9.798303 9.798303 9.798303 9.798303 9.798303 9.798303 9.798303 9.798303 9.798303 9.798303 9.798303 9.798303 9.798303 9.798303 9.798303 9.798303 9.798303 9.798303 9.798303 9.798303 9.798303 9.798303 9.798303 9.798303 9.798303 9.798303 9.798303 9.798303 9.798303 9.798303 9.798303 9.798303 9.798303 9.798303 9.798303 9.798303 9.798303 9.798303 9.798303 9.798303 9.798303 9.798303 9.798303 9.798303 9.798303 9.798303 9.798303 9.798303 9.798303 9.798303 9.798303 9.798303 9.798303 9.798303 9.798303 9.798303 9.798303 9.798303 9.798303 9.798303 9.798303 9.798303 9.798303 9.798303 
9.798303 9.798303 9.798303 9.798303 9.798303 9.798303 9.798303 9.798303 9.798303 9.798303 9.798303 9.798303 9.798303 9.798303 9.798303 9.798303 9.798303 9.798303 9.798303 9.798303 9.798303 9.798303 9.798303 9.798303 9.798303 9.798303 9.798303 9.798303 9.798303 9.798303 9.798303 9.798303 9.798303 9.798303 9.798303 9.798303 9.798303 9.798303 9.798303 9.798303 9.798303 9.798303 9.798303 9.798303 9.798303 9.798303 9.798303 9.798303 9.798303 9.798303 9.798303 9.798303 9.798303 9.798303 9.798303 9.798303 9.798303 9.798303 9.798303 9.798303 9.798303 9.798303 9.798303 9.798303 
9.798303 9.798303 9.798303 9.798303 9.798303 9.798303 9.798303 9.798303 9.798303 9.798303 9.798303 9.798303 9.798303 9.798303 9.798303 9.798303 9.798303 9.798303 9.798303 9.798303 9.798303 9.798303 9.798303 9.798303 9.798303 9.798303 9.798303 9.798303 9.798303 9.798303 9.798303 9.798303 9.798303 9.798303 9.798303 9.798303 9.798303 9.798303 9.798303 9.798303 9.798303 9.798303 9.798303 9.798303 9.798303 9.798303 9.798303 9.798303 9.798303 9.798303 9.798303 9.798303 9.798303 9.798303 9.798303 9.798303 9.798303 9.798303 9.798303 9.798303 9.798303 9.798303 9.798303 9.798303 
9.798303 9.798303 9.798303 9.798303 9.798303 9.798303 9.798303 9.798303 9.798303 9.798303 9.798303 9.798303 9.798303 9.798303 9.798303 9.798303 9.798303 9.798303 9.798303 9.798303 9.798303 9.798303 9.798303 9.798303 9.798303 9.798303 9.798303 9.798303 9.798303 9.798303 9.798303 9.798303 9.798303 9.798303 9.798303 9.798303 9.798303 9.798303 9.798303 9.798303 9.798303 9.798303 9.798303 9.798303 9.798303 9.798303 9.798303 9.798303 9.798303 9.798303 9.798303 9.798303 9.798303 9.798303 9.798303 9.798303 9.798303 9.798303 9.798303 9.798303 9.798303 9.798303 9.798303 9.798303 
9.798303 9.798303 9.798303 9.798303 9.798303 9.798303 9.798303 9.798303 9.798303 9.798303 9.798303 9.798303 9.798303 9.798303 9.798303 9.798303 9.798303 9.798303 9.798303 9.798303 9.798303 9.798303 9.798303 9.798303 9.798303 9.798303 9.798303 9.798303 9.798303 9.798303 9.798303 9.798303 9.798303 9.798303 9.798303 9.798303 9.798303 9.798303 9.798303 9.798303 9.798303 9.798303 9.798303 9.798303 9.798303 9.798303 9.798303 9.798303 9.798303 9.798303 9.798303 9.798303 9.798303 9.798303 9.798303 9.798303 9.798303 9.798303 9.798303 9.798303 9.798303 9.798303 9.798303 9.798303 
9.798303 9.798303 9.798303 9.798303 9.798303 9.798303 9.798303 9.798303 9.798303 9.798303 9.798303 9.798303 9.798303 9.798303 9.798303 9.798303 9.798303 9.798303 9.798303 9.798303 9.798303 9.798303 9.798303 9.798303 9.798303 9.798303 9.798303 9.798303 9.798303 9.798303 9.798303 9.798303 9.798303 9.798303 9.798303 9.798303 9.798303 9.798303 9.798303 9.798303 9.798303 9.798303 9.798303 9.798303 9.798303 9.798303 9.798303 9.798303 9.798303 9.798303 9.798303 9.798303 9.798303 9.798303 9.798303 9.798303 9.798303 9.798303 9.798303 9.798303 9.798303 9.798303 9.798303 9.798303 
9.798303 9.798303 9.798303 9.798303 9.798303 9.798303 9.798303 9.798303 9.798303 9.798303 9.798303 9.798303 9.798303 9.798303 9.798303 9.798303 9.798303 9.798303 9.798303 9.798303 9.798303 9.798303 9.798303 9.798303 9.798303 9.798303 9.798303 9.798303 9.798303 9.798303 9.798303 9.798303 9.798303 9.798303 9.798303 9.798303 9.798303 9.798303 9.798303 9.798303 9.798303 9.798303 9.798303 9.798303 9.798303 9.798303 9.798303 9.798303 9.798303 9.798303 9.798303 9.798303 9.798303 9.798303 9.798303 9.798303 9.798303 9.798303 9.798303 9.798303 9.798303 9.798303 9.798303 9.798303 
9.798303 9.798303 9.798303 9.798303 9.798303 9.798303 9.798303 9.798303 9.798303 9.798303 9.798303 9.798303 9.798303 9.798303 9.798303 9.798303 9.798303 9.798303 9.798303 9.798303 9.798303 9.798303 9.798303 9.798303 9.798303 9.798303 9.798303 9.798303 9.798303 9.798303 9.798303 9.798303 9.798303 9.798303 9.798303 9.798303 9.798303 9.798303 9.798303 9.798303 9.798303 9.798303 9.798303 9.798303 9.798303 9.798303 9.798303 9.798303 9.798303 9.798303 9.798303 9.798303 9.798303 9.798303 9.798303 9.798303 9.798303 9.798303 9.798303 9.798303 9.798303 9.798303 9.798303 9.798303 
9.798303 9.798303 9.798303 9.798303 9.798303 9.798303 9.798303 9.798303 9.798303 9.798303 9.798303 9.798303 9.798303 9.798303 9.798303 9.798303 9.798303 9.798303 9.798303 9.798303 9.798303 9.798303 9.798303 9.798303 9.798303 9.798303 9.798303 9.798303 9.798303 9.798303 9.798303 9.798303 9.798303 9.798303 9.798303 9.798303 9.798303 9.798303 9.798303 9.798303 9.798303 9.798303 9.798303 9.798303 9.798303 9.798303 9.798303 9.798303 9.798303 9.798303 9.798303 9.798303 9.798303 9.798303 9.798303 9.798303 9.798303 9.798303 9.798303 9.798303 9.798303 9.798303 9.798303 9.798303 
9.798303 9.798303 9.798303 9.798303 9.798303 9.798303 9.798303 9.798303 9.798303 9.798303 9.798303 9.798303 9.798303 9.798303 9.798303 9.798303 9.798303 9.798303 9.798303 9.798303 9.798303 9.798303 9.798303 9.798303 9.798303 9.798303 9.798303 9.798303 9.798303 9.798303 9.798303 9.798303 9.798303 9.798303 9.798303 9.798303 9.798303 9.798303 9.798303 9.798303 9.798303 9.798303 9.798303 9.798303 9.798303 9.798303 9.798303 9.798303 9.798303 9.798303 9.798303 9.798303 9.798303 9.798303 9.798303 9.798303 9.798303 9.798303 9.798303 9.798303 9.798303 9.798303 9.798303 9.798303 
9.798303 9.798303 9.798303 9.798303 9.798303 9.798303 9.798303 9.798303 9.798303 9.798303 9.798303 9.798303 9.798303 9.798303 9.798303 9.798303 9.798303 9.798303 9.798303 9.798303 9.798303 9.798303 9.798303 9.798303 9.798303 9.798303 9.798303 9.798303 9.798303 9.798303 9.798303 9.798303 9.798303 9.798303 9.798303 9.798303 9.798303 9.798303 9.798303 9.798303 9.798303 9.798303 9.798303 9.798303 9.798303 9.798303 9.798303 9.798303 9.798303 9.798303 9.798303 9.798303 9.798303 9.798303 9.798303 9.798303 9.798303 9.798303 9.798303 9.798303 9.798303 9.798303 9.798303 9.798303 
9.798303 9.798303 9.798303 9.798303 9.798303 9.798303 9.798303 9.798303 9.798303 9.798303 9.798303 9.798303 9.798303 9.798303 9.798303 9.798303 9.798303 9.798303 9.798303 9.798303 9.798303 9.798303 9.798303 9.798303 9.798303 9.798303 9.798303 9.798303 9.798303 9.798303 9.798303 9.798303 9.798303 9.798303 9.798303 9.798303 9.798303 9.798303 9.798303 9.798303 9.798303 9.798303 9.798303 9.798303 9.798303 9.798303 9.798303 9.798303 9.798303 9.798303 9.798303 9.798303 9.798303 9.798303 9.798303 9.798303 9.798303 9.798303 9.798303 9.798303 9.798303 9.798303 9.798303 9.798303 
9.798303 9.798303 9.798303 9.798303 9.798303 9.798303 9.798303 9.798303 9.798303 9.798303 9.798303 9.798303 9.798303 9.798303 9.798303 9.798303 9.798303 9.798303 9.798303 9.798303 9.798303 9.798303 9.798303 9.798303 9.798303 9.798303 9.798303 9.798303 9.798303 9.798303 9.798303 9.798303 9.798303 9.798303 9.798303 9.798303 9.798303 9.798303 9.798303 9.798303 9.798303 9.798303 9.798303 9.798303 9.798303 9.798303 9.798303 9.798303 9.798303 9.798303 9.798303 9.798303 9.798303 9.798303 9.798303 9.798303 9.798303 9.798303 9.798303 9.798303 9.798303 9.798303 9.798303 9.798303 
9.798303 9.798303 9.798303 9.798303 9.798303 9.798303 9.798303 9.798303 9.798303 9.798303 9.798303 9.798303 9.798303 9.798303 9.798303 9.798303 9.798303 9.798303 9.798303 9.798303 9.798303 9.798303 9.798303 9.798303 9.798303 9.798303 9.798303 9.798303 9.798303 9.798303 9.798303 9.798303 9.798303 9.798303 9.798303 9.798303 9.798303 9.798303 9.798303 9.798303 9.798303 9.798303 9.798303 9.798303 9.798303 9.798303 9.798303 9.798303 9.798303 9.798303 9.798303 9.798303 9.798303 9.798303 9.798303 9.798303 9.798303 9.798303 9.798303 9.798303 9.798303 9.798303 9.798303 9.798303 
9.798303 9.798303 9.798303 9.798303 9.798303 9.798303 9.798303 9.798303 9.798303 9.798303 9.798303 9.798303 9.798303 9.798303 9.798303 9.798303 9.798303 9.798303 9.798303 9.798303 9.798303 9.798303 9.798303 9.798303 9.798303 9.798303 9.798303 9.798303 9.798303 9.798303 9.798303 9.798303 9.798303 9.798303 9.798303 9.798303 9.798303 9.798303 9.798303 9.798303 9.798303 9.798303 9.798303 9.798303 9.798303 9.798303 9.798303 9.798303 9.798303 9.798303 9.798303 9.798303 9.798303 9.798303 9.798303 9.798303 9.798303 9.798303 9.798303 9.798303 9.798303 9.798303 9.798303 9.798303 
9.798303 9.798303 9.798303 9.798303 9.798303 9.798303 9.798303 9.798303 9.798303 9.798303 9.798303 9.798303 9.798303 9.798303 9.798303 9.798303 9.798303 9.798303 9.798303 9.798303 9.798303 9.798303 9.798303 9.798303 9.798303 9.798303 9.798303 9.798303 9.798303 9.798303 9.798303 9.798303 9.798303 9.798303 9.798303 9.798303 9.798303 9.798303 9.798303 9.798303 9.798303 9.798303 9.798303 9.798303 9.798303 9.798303 9.798303 9.798303 9.798303 9.798303 9.798303 9.798303 9.798303 9.798303 9.798303 9.798303 9.798303 9.798303 9.798303 9.798303 9.798303 9.798303 9.798303 9.798303 
