7.781355 7.781355 7.781355 7.781355 7.781355 7.781355 7.781355 7.781355 7.781355 7.781355 7.781355 7.781355 7.781355 7.781355 7.781355 7.781355 7.781355 7.781355 7.781355 7.781355 7.781355 7.781355 7.781355 7.781355 7.781355 7.781355 7.781355 7.781355 7.781355 7.781355 7.781355 7.781355 7.781355 7.781355 7.781355 7.781355 7.781355 7.781355 7.781355 7.781355 7.781355 7.781355 7.781355 7.781355 7.781355 7.781355 7.781355 7.781355 7.781355 7.781355 7.781355 7.781355 7.781355 7.781355 7.781355 7.781355 7.781355 7.781355 7.781355 7.781355 7.781355 7.781355 7.781355 7.781355 
7.781355 7.781355 7.781355 7.781355 7.781355 7.781355 7.781355 7.781355 7.781355 7.781355 7.781355 7.781355 7.781355 7.781355 7.781355 7.781355 7.781355 7.781355 7.781355 7.781355 7.781355 7.781355 7.781355 7.781355 7.781355 7.781355 7.781355 7.781355 7.781355 7.781355 7.781355 7.781355 7.781355 7.781355 7.781355 7.781355 7.781355 7.781355 7.781355 7.781355 7.781355 7.781355 7.781355 7.781355 7.781355 7.781355 7.781355 7.781355 7.781355 7.781355 7.781355 7.781355 7.781355 7.781355 7.781355 7.781355 7.781355 7.781355 7.781355 7.781355 7.781355 7.781355 7.781355 7.781355 
7.781355 7.781355 7.781355 7.781355 7.781355 7.781355 7.781355 7.781355 7.781355 7.781355 7.781355 7.781355 7.781355 7.781355 7.781355 7.781355 7.781355 7.781355 7.781355 7.781355 7.781355 7.781355 7.781355 7.781355 7.781355 7.781355 7.781355 7.781355 7.781355 7.781355 7.781355 7.781355 7.781355 7.781355 7.781355 7.781355 7.781355 7.781355 7.781355 7.781355 7.781355 7.781355 7.781355 7.781355 7.781355 7.781355 7.781355 7.781355 7.781355 7.781355 7.781355 7.781355 7.781355 7.781355 7.781355 7.781355 7.781355 7.781355 7.781355 7.781355 7.781355 7.781355 7.781355 7.781355 
7.781355 7.781355 7.781355 7.781355 7.781355 7.781355 7.781355 7.781355 7.781355 7.781355 7.781355 7.781355 7.781355 7.781355 7.781355 7.781355 7.781355 7.781355 7.781355 7.781355 7.781355 7.781355 7.781355 7.781355 7.781355 7.781355 7.781355 7.781355 7.781355 7.781355 7.781355 7.781355 7.781355 7.781355 7.781355 7.781355 7.781355 7.781355 7.781355 7.781355 7.781355 7.781355 7.781355 7.781355 7.781355 7.781355 7.781355 7.781355 7.781355 7.781355 7.781355 7.781355 7.781355 7.781355 7.781355 7.781355 7.781355 7.781355 7.781355 7.781355 7.781355 7.781355 7.781355 7.781355 
7.781355 7.781355 7.781355 7.781355 7.781355 7.781355 7.781355 7.781355 7.781355 7.781355 7.781355 7.781355 7.781355 7.781355 7.781355 7.781355 7.781355 7.781355 7.781355 7.781355 7.781355 7.781355 7.781355 7.781355 7.781355 7.781355 7.781355 7.781355 7.781355 7.781355 7.781355 7.781355 7.781355 7.781355 7.781355 7.781355 7.781355 7.781355 7.781355 7.781355 7.781355 7.781355 7.781355 7.781355 7.781355 7.781355 7.781355 7.781355 7.781355 7.781355 7.781355 7.781355 7.781355 7.781355 7.781355 7.781355 7.781355 7.781355 7.781355 7.781355 7.781355 7.781355 7.781355 7.781355 
7.781355 7.781355 7.781355 7.781355 7.781355 7.781355 7.781355 7.781355 7.781355 7.781355 7.781355 7.781355 7.781355 7.781355 7.781355 7.781355 7.781355 7.781355 7.781355 7.781355 7.781355 7.781355 7.781355 7.781355 7.781355 7.781355 7.781355 7.781355 7.781355 7.781355 7.781355 7.781355 7.781355 7.781355 7.781355 7.781355 7.781355 7.781355 7.781355 7.781355 7.781355 7.781355 7.781355 7.781355 7.781355 7.781355 7.781355 7.781355 7.781355 7.781355 7.781355 7.781355 7.781355 7.781355 7.781355 7.781355 7.781355 7.781355 7.781355 7.781355 7.781355 7.781355 7.781355 7.781355 
7.781355 7.781355 7.781355 7.781355 7.781355 7.781355 7.781355 7.781355 7.781355 7.781355 7.781355 7.781355 7.781355 7.781355 7.781355 7.781355 7.781355 7.781355 7.781355 7.781355 7.781355 7.781355 7.781355 7.781355 7.781355 7.781355 7.781355 7.781355 7.781355 7.781355 7.781355 7.781355 7.781355 7.781355 7.781355 7.781355 7.781355 7.781355 7.781355 7.781355 7.781355 7.781355 7.781355 7.781355 7.781355 7.781355 7.781355 7.781355 7.781355 7.781355 7.781355 7.781355 7.781355 7.781355 7.781355 7.781355 7.781355 7.781355 7.781355 7.781355 7.781355 7.781355 7.781355 7.781355 
7.781355 7.781355 7.781355 7.781355 7.781355 7.781355 7.781355 7.781355 7.781355 7.781355 7.781355 7.781355 7.781355 7.781355 7.781355 7.781355 7.781355 7.781355 7.781355 7.781355 7.781355 7.781355 7.781355 7.781355 7.781355 7.781355 7.781355 7.781355 7.781355 7.781355 7.781355 7.781355 7.781355 7.781355 7.781355 7.781355 7.781355 7.781355 7.781355 7.781355 7.781355 7.781355 7.781355 7.781355 7.781355 7.781355 7.781355 7.781355 7.781355 7.781355 7.781355 7.781355 7.781355 7.781355 7.781355 7.781355 7.781355 7.781355 7.781355 7.781355 7.781355 7.781355 7.781355 7.781355 
7.781355 7.781355 7.781355 7.781355 7.781355 7.781355 7.781355 7.781355 7.781355 7.781355 7.781355 7.781355 7.781355 7.781355 7.781355 7.781355 7.781355 7.781355 7.781355 7.781355 7.781355 7.781355 7.781355 7.781355 7.781355 7.781355 7.781355 7.781355 7.781355 7.781355 7.781355 7.781355 7.781355 7.781355 7.781355 7.781355 7.781355 7.781355 7.781355 7.781355 7.781355 7.781355 7.781355 7.781355 7.781355 7.781355 7.781355 7.781355 7.781355 7.781355 7.781355 7.781355 7.781355 7.781355 7.781355 7.781355 7.781355 7.781355 7.781355 7.781355 7.781355 7.781355 7.781355 7.781355 
7.781355 7.781355 7.781355 7.781355 7.781355 7.781355 7.781355 7.781355 7.781355 7.781355 7.781355 7.781355 7.781355 7.781355 7.781355 7.781355 7.781355 7.781355 7.781355 7.781355 7.781355 7.781355 7.781355 7.781355 7.781355 7.781355 7.781355 7.781355 7.781355 7.781355 7.781355 7.781355 7.781355 7.781355 7.781355 7.781355 7.781355 7.781355 7.781355 7.781355 7.781355 7.781355 7.781355 7.781355 7.781355 7.781355 7.781355 7.781355 7.781355 7.781355 7.781355 7.781355 7.781355 7.781355 7.781355 7.781355 7.781355 7.781355 7.781355 7.781355 7.781355 7.781355 7.781355 7.781355 
7.781355 7.781355 7.781355 7.781355 7.781355 7.781355 7.781355 7.781355 7.781355 7.781355 7.781355 7.781355 7.781355 7.781355 7.781355 7.781355 7.781355 7.781355 7.781355 7.781355 7.781355 7.781355 7.781355 7.781355 7.781355 7.781355 7.781355 7.781355 7.781355 7.781355 7.781355 7.781355 7.781355 7.781355 7.781355 7.781355 7.781355 7.781355 7.781355 7.781355 7.781355 7.781355 7.781355 7.781355 7.781355 7.781355 7.781355 7.781355 7.781355 7.781355 7.781355 7.781355 7.781355 7.781355 7.781355 7.781355 7.781355 7.781355 7.781355 7.781355 7.781355 7.781355 7.781355 7.781355 
7.781355 7.781355 7.781355 7.781355 7.781355 7.781355 7.781355 7.781355 7.781355 7.781355 7.781355 7.781355 7.781355 7.781355 7.781355 7.781355 7.781355 7.781355 7.781355 7.781355 7.781355 7.781355 7.781355 7.781355 7.781355 7.781355 7.781355 7.781355 7.781355 7.781355 7.781355 7.781355 7.781355 7.781355 7.781355 7.781355 7.781355 7.781355 7.781355 7.781355 7.781355 7.781355 7.781355 7.781355 7.781355 7.781355 7.781355 7.781355 7.781355 7.781355 7.781355 7.781355 7.781355 7.781355 7.781355 7.781355 7.781355 7.781355 7.781355 7.781355 7.781355 7.781355 7.781355 7.781355 
7.781355 7.781355 7.781355 7.781355 7.781355 7.781355 7.781355 7.781355 7.781355 7.781355 7.781355 7.781355 7.781355 7.781355 7.781355 7.781355 7.781355 7.781355 7.781355 7.781355 7.781355 7.781355 7.781355 7.781355 7.781355 7.781355 7.781355 7.781355 7.781355 7.781355 7.781355 7.781355 7.781355 7.781355 7.781355 7.781355 7.781355 7.781355 7.781355 7.781355 7.781355 7.781355 7.781355 7.781355 7.781355 7.781355 7.781355 7.781355 7.781355 7.781355 7.781355 7.781355 7.781355 7.781355 7.781355 7.781355 7.781355 7.781355 7.781355 7.781355 7.781355 7.781355 7.781355 7.781355 
7.781355 7.781355 7.781355 7.781355 7.781355 7.781355 7.781355 7.781355 7.781355 7.781355 7.781355 7.781355 7.781355 7.781355 7.781355 7.781355 7.781355 7.781355 7.781355 7.781355 7.781355 7.781355 7.781355 7.781355 7.781355 7.781355 7.781355 7.781355 7.781355 7.781355 7.781355 7.781355 7.781355 7.781355 7.781355 7.781355 7.781355 7.781355 7.781355 7.781355 7.781355 7.781355 7.781355 7.781355 7.781355 7.781355 7.781355 7.781355 7.781355 7.781355 7.781355 7.781355 7.781355 7.781355 7.781355 7.781355 7.781355 7.781355 7.781355 7.781355 7.781355 7.781355 7.781355 7.781355 
7.781355 7.781355 7.781355 7.781355 7.781355 7.781355 7.781355 7.781355 7.781355 7.781355 7.781355 7.781355 7.781355 7.781355 7.781355 7.781355 7.781355 7.781355 7.781355 7.781355 7.781355 7.781355 7.781355 7.781355 7.781355 7.781355 7.781355 7.781355 7.781355 7.781355 7.781355 7.781355 7.781355 7.781355 7.781355 7.781355 7.781355 7.781355 7.781355 7.781355 7.781355 7.781355 7.781355 7.781355 7.781355 7.781355 7.781355 7.781355 7.781355 7.781355 7.781355 7.781355 7.781355 7.781355 7.781355 7.781355 7.781355 7.781355 7.781355 7.781355 7.781355 7.781355 7.781355 7.781355 
7.781355 7.781355 7.781355 7.781355 7.781355 7.781355 7.781355 7.781355 7.781355 7.781355 7.781355 7.781355 7.781355 7.781355 7.781355 7.781355 7.781355 7.781355 7.781355 7.781355 7.781355 7.781355 7.781355 7.781355 7.781355 7.781355 7.781355 7.781355 7.781355 7.781355 7.781355 7.781355 7.781355 7.781355 7.781355 7.781355 7.781355 7.781355 7.781355 7.781355 7.781355 7.781355 7.781355 7.781355 7.781355 7.781355 7.781355 7.781355 7.781355 7.781355 7.781355 7.781355 7.781355 7.781355 7.781355 7.781355 7.781355 7.781355 7.781355 7.781355 7.781355 7.781355 7.781355 7.781355 
7.781355 7.781355 7.781355 7.781355 7.781355 7.781355 7.781355 7.781355 7.781355 7.781355 7.781355 7.781355 7.781355 7.781355 7.781355 7.781355 7.781355 7.781355 7.781355 7.781355 7.781355 7.781355 7.781355 7.781355 7.781355 7.781355 7.781355 7.781355 7.781355 7.781355 7.781355 7.781355 7.781355 7.781355 7.781355 7.781355 7.781355 7.781355 7.781355 7.781355 7.781355 7.781355 7.781355 7.781355 7.781355 7.781355 7.781355 7.781355 7.781355 7.781355 7.781355 7.781355 7.781355 7.781355 7.781355 7.781355 7.781355 7.781355 7.781355 7.781355 7.781355 7.781355 7.781355 7.781355 
7.781355 7.781355 7.781355 7.781355 7.781355 7.781355 7.781355 7.781355 7.781355 7.781355 7.781355 7.781355 7.781355 7.781355 7.781355 7.781355 7.781355 7.781355 7.781355 7.781355 7.781355 7.781355 7.781355 7.781355 7.781355 7.781355 7.781355 7.781355 7.781355 7.781355 7.781355 7.781355 7.781355 7.781355 7.781355 7.781355 7.781355 7.781355 7.781355 7.781355 7.781355 7.781355 7.781355 7.781355 7.781355 7.781355 7.781355 7.781355 7.781355 7.781355 7.781355 7.781355 7.781355 7.781355 7.781355 7.781355 7.781355 7.781355 7.781355 7.781355 7.781355 7.781355 7.781355 7.781355 
7.781355 7.781355 7.781355 7.781355 7.781355 7.781355 7.781355 7.781355 7.781355 7.781355 7.781355 7.781355 7.781355 7.781355 7.781355 7.781355 7.781355 7.781355 7.781355 7.781355 7.781355 7.781355 7.781355 7.781355 7.781355 7.781355 7.781355 7.781355 7.781355 7.781355 7.781355 7.781355 7.781355 7.781355 7.781355 7.781355 7.781355 7.781355 7.781355 7.781355 7.781355 7.781355 7.781355 7.781355 7.781355 7.781355 7.781355 7.781355 7.781355 7.781355 7.781355 7.781355 7.781355 7.781355 7.781355 7.781355 7.781355 7.781355 7.781355 7.781355 7.781355 7.781355 7.781355 7.781355 
7.781355 7.781355 7.781355 7.781355 7.781355 7.781355 7.781355 7.781355 7.781355 7.781355 7.781355 7.781355 7.781355 7.781355 7.781355 7.781355 7.781355 7.781355 7.781355 7.781355 7.781355 7.781355 7.781355 7.781355 7.781355 7.781355 7.781355 7.781355 7.781355 7.781355 7.781355 7.781355 7.781355 7.781355 7.781355 7.781355 7.781355 7.781355 7.781355 7.781355 7.781355 7.781355 7.781355 7.781355 7.781355 7.781355 7.781355 7.781355 7.781355 7.781355 7.781355 7.781355 7.781355 7.781355 7.781355 7.781355 7.781355 7.781355 7.781355 7.781355 7.781355 7.781355 7.781355 7.781355 
7.781355 7.781355 7.781355 7.781355 7.781355 7.781355 7.781355 7.781355 7.781355 7.781355 7.781355 7.781355 7.781355 7.781355 7.781355 7.781355 7.781355 7.781355 7.781355 7.781355 7.781355 7.781355 7.781355 7.781355 7.781355 7.781355 7.781355 7.781355 7.781355 7.781355 7.781355 7.781355 7.781355 7.781355 7.781355 7.781355 7.781355 7.781355 7.781355 7.781355 7.781355 7.781355 7.781355 7.781355 7.781355 7.781355 7.781355 7.781355 7.781355 7.781355 7.781355 7.781355 7.781355 7.781355 7.781355 7.781355 7.781355 7.781355 7.781355 7.781355 7.781355 7.781355 7.781355 7.781355 
7.781355 7.781355 7.781355 7.781355 7.781355 7.781355 7.781355 7.781355 7.781355 7.781355 7.781355 7.781355 7.781355 7.781355 7.781355 7.781355 7.781355 7.781355 7.781355 7.781355 7.781355 7.781355 7.781355 7.781355 7.781355 7.781355 7.781355 7.781355 7.781355 7.781355 7.781355 7.781355 7.781355 7.781355 7.781355 7.781355 7.781355 7.781355 7.781355 7.781355 7.781355 7.781355 7.781355 7.781355 7.781355 7.781355 7.781355 7.781355 7.781355 7.781355 7.781355 7.781355 7.781355 7.781355 7.781355 7.781355 7.781355 7.781355 7.781355 7.781355 7.781355 7.781355 7.781355 7.781355 
7.781355 7.781355 7.781355 7.781355 7.781355 7.781355 7.781355 7.781355 7.781355 7.781355 7.781355 7.781355 7.781355 7.781355 7.781355 7.781355 7.781355 7.781355 7.781355 7.781355 7.781355 7.781355 7.781355 7.781355 7.781355 7.781355 7.781355 7.781355 7.781355 7.781355 7.781355 7.781355 7.781355 7.781355 7.781355 7.781355 7.781355 7.781355 7.781355 7.781355 7.781355 7.781355 7.781355 7.781355 7.781355 7.781355 7.781355 7.781355 7.781355 7.781355 7.781355 7.781355 7.781355 7.781355 7.781355 7.781355 7.781355 7.781355 7.781355 7.781355 7.781355 7.781355 7.781355 7.781355 
7.781355 7.781355 7.781355 7.781355 7.781355 7.781355 7.781355 7.781355 7.781355 7.781355 7.781355 7.781355 7.781355 7.781355 7.781355 7.781355 7.781355 7.781355 7.781355 7.781355 7.781355 7.781355 7.781355 7.781355 7.781355 7.781355 7.781355 7.781355 7.781355 7.781355 7.781355 7.781355 7.781355 7.781355 7.781355 7.781355 7.781355 7.781355 7.781355 7.781355 7.781355 7.781355 7.781355 7.781355 7.781355 7.781355 7.781355 7.781355 7.781355 7.781355 7.781355 7.781355 7.781355 7.781355 7.781355 7.781355 7.781355 7.781355 7.781355 7.781355 7.781355 7.781355 7.781355 7.781355 
7.781355 7.781355 7.781355 7.781355 7.781355 7.781355 7.781355 7.781355 7.781355 7.781355 7.781355 7.781355 7.781355 7.781355 7.781355 7.781355 7.781355 7.781355 7.781355 7.781355 7.781355 7.781355 7.781355 7.781355 7.781355 7.781355 7.781355 7.781355 7.781355 7.781355 7.781355 7.781355 7.781355 7.781355 7.781355 7.781355 7.781355 7.781355 7.781355 7.781355 7.781355 7.781355 7.781355 7.781355 7.781355 7.781355 7.781355 7.781355 7.781355 7.781355 7.781355 7.781355 7.781355 7.781355 7.781355 7.781355 7.781355 7.781355 7.781355 7.781355 7.781355 7.781355 7.781355 7.781355 
7.781355 7.781355 7.781355 7.781355 7.781355 7.781355 7.781355 7.781355 7.781355 7.781355 7.781355 7.781355 7.781355 7.781355 7.781355 7.781355 7.781355 7.781355 7.781355 7.781355 7.781355 7.781355 7.781355 7.781355 7.781355 7.781355 7.781355 7.781355 7.781355 7.781355 7.781355 7.781355 7.781355 7.781355 7.781355 7.781355 7.781355 7.781355 7.781355 7.781355 7.781355 7.781355 7.781355 7.781355 7.781355 7.781355 7.781355 7.781355 7.781355 7.781355 7.781355 7.781355 7.781355 7.781355 7.781355 7.781355 7.781355 7.781355 7.781355 7.781355 7.781355 7.781355 7.781355 7.781355 
7.781355 7.781355 7.781355 7.781355 7.781355 7.781355 7.781355 7.781355 7.781355 7.781355 7.781355 7.781355 7.781355 7.781355 7.781355 7.781355 7.781355 7.781355 7.781355 7.781355 7.781355 7.781355 7.781355 7.781355 7.781355 7.781355 7.781355 7.781355 7.781355 7.781355 7.781355 7.781355 7.781355 7.781355 7.781355 7.781355 7.781355 7.781355 7.781355 7.781355 7.781355 7.781355 7.781355 7.781355 7.781355 7.781355 7.781355 7.781355 7.781355 7.781355 7.781355 7.781355 7.781355 7.781355 7.781355 7.781355 7.781355 7.781355 7.781355 7.781355 7.781355 7.781355 7.781355 7.781355 
7.781355 7.781355 7.781355 7.781355 7.781355 7.781355 7.781355 7.781355 7.781355 7.781355 7.781355 7.781355 7.781355 7.781355 7.781355 7.781355 7.781355 7.781355 7.781355 7.781355 7.781355 7.781355 7.781355 7.781355 7.781355 7.781355 7.781355 7.781355 7.781355 7.781355 7.781355 7.781355 7.781355 7.781355 7.781355 7.781355 7.781355 7.781355 7.781355 7.781355 7.781355 7.781355 7.781355 7.781355 7.781355 7.781355 7.781355 7.781355 7.781355 7.781355 7.781355 7.781355 7.781355 7.781355 7.781355 7.781355 7.781355 7.781355 7.781355 7.781355 7.781355 7.781355 7.781355 7.781355 
7.781355 7.781355 7.781355 7.781355 7.781355 7.781355 7.781355 7.781355 7.781355 7.781355 7.781355 7.781355 7.781355 7.781355 7.781355 7.781355 7.781355 7.781355 7.781355 7.781355 7.781355 7.781355 7.781355 7.781355 7.781355 7.781355 7.781355 7.781355 7.781355 7.781355 7.781355 7.781355 7.781355 7.781355 7.781355 7.781355 7.781355 7.781355 7.781355 7.781355 7.781355 7.781355 7.781355 7.781355 7.781355 7.781355 7.781355 7.781355 7.781355 7.781355 7.781355 7.781355 7.781355 7.781355 7.781355 7.781355 7.781355 7.781355 7.781355 7.781355 7.781355 7.781355 7.781355 7.781355 
7.781355 7.781355 7.781355 7.781355 7.781355 7.781355 7.781355 7.781355 7.781355 7.781355 7.781355 7.781355 7.781355 7.781355 7.781355 7.781355 7.781355 7.781355 7.781355 7.781355 7.781355 7.781355 7.781355 7.781355 7.781355 7.781355 7.781355 7.781355 7.781355 7.781355 7.781355 7.781355 7.781355 7.781355 7.781355 7.781355 7.781355 7.781355 7.781355 7.781355 7.781355 7.781355 7.781355 7.781355 7.781355 7.781355 7.781355 7.781355 7.781355 7.781355 7.781355 7.781355 7.781355 7.781355 7.781355 7.781355 7.781355 7.781355 7.781355 7.781355 7.781355 7.781355 7.781355 7.781355 
7.781355 7.781355 7.781355 7.781355 7.781355 7.781355 7.781355 7.781355 7.781355 7.781355 7.781355 7.781355 7.781355 7.781355 7.781355 7.781355 7.781355 7.781355 7.781355 7.781355 7.781355 7.781355 7.781355 7.781355 7.781355 7.781355 7.781355 7.781355 7.781355 7.781355 7.781355 7.781355 7.781355 7.781355 7.781355 7.781355 7.781355 7.781355 7.781355 7.781355 7.781355 7.781355 7.781355 7.781355 7.781355 7.781355 7.781355 7.781355 7.781355 7.781355 7.781355 7.781355 7.781355 7.781355 7.781355 7.781355 7.781355 7.781355 7.781355 7.781355 7.781355 7.781355 7.781355 7.781355 
7.781355 7.781355 7.781355 7.781355 7.781355 7.781355 7.781355 7.781355 7.781355 7.781355 7.781355 7.781355 7.781355 7.781355 7.781355 7.781355 7.781355 7.781355 7.781355 7.781355 7.781355 7.781355 7.781355 7.781355 7.781355 7.781355 7.781355 7.781355 7.781355 7.781355 7.781355 7.781355 7.781355 7.781355 7.781355 7.781355 7.781355 7.781355 7.781355 7.781355 7.781355 7.781355 7.781355 7.781355 7.781355 7.781355 7.781355 7.781355 7.781355 7.781355 7.781355 7.781355 7.781355 7.781355 7.781355 7.781355 7.781355 7.781355 7.781355 7.781355 7.781355 7.781355 7.781355 7.781355 
7.781355 7.781355 7.781355 7.781355 7.781355 7.781355 7.781355 7.781355 7.781355 7.781355 7.781355 7.781355 7.781355 7.781355 7.781355 7.781355 7.781355 7.781355 7.781355 7.781355 7.781355 7.781355 7.781355 7.781355 7.781355 7.781355 7.781355 7.781355 7.781355 7.781355 7.781355 7.781355 7.781355 7.781355 7.781355 7.781355 7.781355 7.781355 7.781355 7.781355 7.781355 7.781355 7.781355 7.781355 7.781355 7.781355 7.781355 7.781355 7.781355 7.781355 7.781355 7.781355 7.781355 7.781355 7.781355 7.781355 7.781355 7.781355 7.781355 7.781355 7.781355 7.781355 7.781355 7.781355 
7.781355 7.781355 7.781355 7.781355 7.781355 7.781355 7.781355 7.781355 7.781355 7.781355 7.781355 7.781355 7.781355 7.781355 7.781355 7.781355 7.781355 7.781355 7.781355 7.781355 7.781355 7.781355 7.781355 7.781355 7.781355 7.781355 7.781355 7.781355 7.781355 7.781355 7.781355 7.781355 7.781355 7.781355 7.781355 7.781355 7.781355 7.781355 7.781355 7.781355 7.781355 7.781355 7.781355 7.781355 7.781355 7.781355 7.781355 7.781355 7.781355 7.781355 7.781355 7.781355 7.781355 7.781355 7.781355 7.781355 7.781355 7.781355 7.781355 7.781355 7.781355 7.781355 7.781355 7.781355 
7.781355 7.781355 7.781355 7.781355 7.781355 7.781355 7.781355 7.781355 7.781355 7.781355 7.781355 7.781355 7.781355 7.781355 7.781355 7.781355 7.781355 7.781355 7.781355 7.781355 7.781355 7.781355 7.781355 7.781355 7.781355 7.781355 7.781355 7.781355 7.781355 7.781355 7.781355 7.781355 7.781355 7.781355 7.781355 7.781355 7.781355 7.781355 7.781355 7.781355 7.781355 7.781355 7.781355 7.781355 7.781355 7.781355 7.781355 7.781355 7.781355 7.781355 7.781355 7.781355 7.781355 7.781355 7.781355 7.781355 7.781355 7.781355 7.781355 7.781355 7.781355 7.781355 7.781355 7.781355 
7.781355 7.781355 7.781355 7.781355 7.781355 7.781355 7.781355 7.781355 7.781355 7.781355 7.781355 7.781355 7.781355 7.781355 7.781355 7.781355 7.781355 7.781355 7.781355 7.781355 7.781355 7.781355 7.781355 7.781355 7.781355 7.781355 7.781355 7.781355 7.781355 7.781355 7.781355 7.781355 7.781355 7.781355 7.781355 7.781355 7.781355 7.781355 7.781355 7.781355 7.781355 7.781355 7.781355 7.781355 7.781355 7.781355 7.781355 7.781355 7.781355 7.781355 7.781355 7.781355 7.781355 7.781355 7.781355 7.781355 7.781355 7.781355 7.781355 7.781355 7.781355 7.781355 7.781355 7.781355 
7.781355 7.781355 7.781355 7.781355 7.781355 7.781355 7.781355 7.781355 7.781355 7.781355 7.781355 7.781355 7.781355 7.781355 7.781355 7.781355 7.781355 7.781355 7.781355 7.781355 7.781355 7.781355 7.781355 7.781355 7.781355 7.781355 7.781355 7.781355 7.781355 7.781355 7.781355 7.781355 7.781355 7.781355 7.781355 7.781355 7.781355 7.781355 7.781355 7.781355 7.781355 7.781355 7.781355 7.781355 7.781355 7.781355 7.781355 7.781355 7.781355 7.781355 7.781355 7.781355 7.781355 7.781355 7.781355 7.781355 7.781355 7.781355 7.781355 7.781355 7.781355 7.781355 7.781355 7.781355 
7.781355 7.781355 7.781355 7.781355 7.781355 7.781355 7.781355 7.781355 7.781355 7.781355 7.781355 7.781355 7.781355 7.781355 7.781355 7.781355 7.781355 7.781355 7.781355 7.781355 7.781355 7.781355 7.781355 7.781355 7.781355 7.781355 7.781355 7.781355 7.781355 7.781355 7.781355 7.781355 7.781355 7.781355 7.781355 7.781355 7.781355 7.781355 7.781355 7.781355 7.781355 7.781355 7.781355 7.781355 7.781355 7.781355 7.781355 7.781355 7.781355 7.781355 7.781355 7.781355 7.781355 7.781355 7.781355 7.781355 7.781355 7.781355 7.781355 7.781355 7.781355 7.781355 7.781355 7.781355 
7.781355 7.781355 7.781355 7.781355 7.781355 7.781355 7.781355 7.781355 7.781355 7.781355 7.781355 7.781355 7.781355 7.781355 7.781355 7.781355 7.781355 7.781355 7.781355 7.781355 7.781355 7.781355 7.781355 7.781355 7.781355 7.781355 7.781355 7.781355 7.781355 7.781355 7.781355 7.781355 7.781355 7.781355 7.781355 7.781355 7.781355 7.781355 7.781355 7.781355 7.781355 7.781355 7.781355 7.781355 7.781355 7.781355 7.781355 7.781355 7.781355 7.781355 7.781355 7.781355 7.781355 7.781355 7.781355 7.781355 7.781355 7.781355 7.781355 7.781355 7.781355 7.781355 7.781355 7.781355 
7.781355 7.781355 7.781355 7.781355 7.781355 7.781355 7.781355 7.781355 7.781355 7.781355 7.781355 7.781355 7.781355 7.781355 7.781355 7.781355 7.781355 7.781355 7.781355 7.781355 7.781355 7.781355 7.781355 7.781355 7.781355 7.781355 7.781355 7.781355 7.781355 7.781355 7.781355 7.781355 7.781355 7.781355 7.781355 7.781355 7.781355 7.781355 7.781355 7.781355 7.781355 7.781355 7.781355 7.781355 7.781355 7.781355 7.781355 7.781355 7.781355 7.781355 7.781355 7.781355 7.781355 7.781355 7.781355 7.781355 7.781355 7.781355 7.781355 7.781355 7.781355 7.781355 7.781355 7.781355 
7.781355 7.781355 7.781355 7.781355 7.781355 7.781355 7.781355 7.781355 7.781355 7.781355 7.781355 7.781355 7.781355 7.781355 7.781355 7.781355 7.781355 7.781355 7.781355 7.781355 7.781355 7.781355 7.781355 7.781355 7.781355 7.781355 7.781355 7.781355 7.781355 7.781355 7.781355 7.781355 7.781355 7.781355 7.781355 7.781355 7.781355 7.781355 7.781355 7.781355 7.781355 7.781355 7.781355 7.781355 7.781355 7.781355 7.781355 7.781355 7.781355 7.781355 7.781355 7.781355 7.781355 7.781355 7.781355 7.781355 7.781355 7.781355 7.781355 7.781355 7.781355 7.781355 7.781355 7.781355 
7.781355 7.781355 7.781355 7.781355 7.781355 7.781355 7.781355 7.781355 7.781355 7.781355 7.781355 7.781355 7.781355 7.781355 7.781355 7.781355 7.781355 7.781355 7.781355 7.781355 7.781355 7.781355 7.781355 7.781355 7.781355 7.781355 7.781355 7.781355 7.781355 7.781355 7.781355 7.781355 7.781355 7.781355 7.781355 7.781355 7.781355 7.781355 7.781355 7.781355 7.781355 7.781355 7.781355 7.781355 7.781355 7.781355 7.781355 7.781355 7.781355 7.781355 7.781355 7.781355 7.781355 7.781355 7.781355 7.781355 7.781355 7.781355 7.781355 7.781355 7.781355 7.781355 7.781355 7.781355 
7.781355 7.781355 7.781355 7.781355 7.781355 7.781355 7.781355 7.781355 7.781355 7.781355 7.781355 7.781355 7.781355 7.781355 7.781355 7.781355 7.781355 7.781355 7.781355 7.781355 7.781355 7.781355 7.781355 7.781355 7.781355 7.781355 7.781355 7.781355 7.781355 7.781355 7.781355 7.781355 7.781355 7.781355 7.781355 7.781355 7.781355 7.781355 7.781355 7.781355 7.781355 7.781355 7.781355 7.781355 7.781355 7.781355 7.781355 7.781355 7.781355 7.781355 7.781355 7.781355 7.781355 7.781355 7.781355 7.781355 7.781355 7.781355 7.781355 7.781355 7.781355 7.781355 7.781355 7.781355 
7.781355 7.781355 7.781355 7.781355 7.781355 7.781355 7.781355 7.781355 7.781355 7.781355 7.781355 7.781355 7.781355 7.781355 7.781355 7.781355 7.781355 7.781355 7.781355 7.781355 7.781355 7.781355 7.781355 7.781355 7.781355 7.781355 7.781355 7.781355 7.781355 7.781355 7.781355 7.781355 7.781355 7.781355 7.781355 7.781355 7.781355 7.781355 7.781355 7.781355 7.781355 7.781355 7.781355 7.781355 7.781355 7.781355 7.781355 7.781355 7.781355 7.781355 7.781355 7.781355 7.781355 7.781355 7.781355 7.781355 7.781355 7.781355 7.781355 7.781355 7.781355 7.781355 7.781355 7.781355 
7.781355 7.781355 7.781355 7.781355 7.781355 7.781355 7.781355 7.781355 7.781355 7.781355 7.781355 7.781355 7.781355 7.781355 7.781355 7.781355 7.781355 7.781355 7.781355 7.781355 7.781355 7.781355 7.781355 7.781355 7.781355 7.781355 7.781355 7.781355 7.781355 7.781355 7.781355 7.781355 7.781355 7.781355 7.781355 7.781355 7.781355 7.781355 7.781355 7.781355 7.781355 7.781355 7.781355 7.781355 7.781355 7.781355 7.781355 7.781355 7.781355 7.781355 7.781355 7.781355 7.781355 7.781355 7.781355 7.781355 7.781355 7.781355 7.781355 7.781355 7.781355 7.781355 7.781355 7.781355 
7.781355 7.781355 7.781355 7.781355 7.781355 7.781355 7.781355 7.781355 7.781355 7.781355 7.781355 7.781355 7.781355 7.781355 7.781355 7.781355 7.781355 7.781355 7.781355 7.781355 7.781355 7.781355 7.781355 7.781355 7.781355 7.781355 7.781355 7.781355 7.781355 7.781355 7.781355 7.781355 7.781355 7.781355 7.781355 7.781355 7.781355 7.781355 7.781355 7.781355 7.781355 7.781355 7.781355 7.781355 7.781355 7.781355 7.781355 7.781355 7.781355 7.781355 7.781355 7.781355 7.781355 7.781355 7.781355 7.781355 7.781355 7.781355 7.781355 7.781355 7.781355 7.781355 7.781355 7.781355 
7.781355 7.781355 7.781355 7.781355 7.781355 7.781355 7.781355 7.781355 7.781355 7.781355 7.781355 7.781355 7.781355 7.781355 7.781355 7.781355 7.781355 7.781355 7.781355 7.781355 7.781355 7.781355 7.781355 7.781355 7.781355 7.781355 7.781355 7.781355 7.781355 7.781355 7.781355 7.781355 7.781355 7.781355 7.781355 7.781355 7.781355 7.781355 7.781355 7.781355 7.781355 7.781355 7.781355 7.781355 7.781355 7.781355 7.781355 7.781355 7.781355 7.781355 7.781355 7.781355 7.781355 7.781355 7.781355 7.781355 7.781355 7.781355 7.781355 7.781355 7.781355 7.781355 7.781355 7.781355 
7.781355 7.781355 7.781355 7.781355 7.781355 7.781355 7.781355 7.781355 7.781355 7.781355 7.781355 7.781355 7.781355 7.781355 7.781355 7.781355 7.781355 7.781355 7.781355 7.781355 7.781355 7.781355 7.781355 7.781355 7.781355 7.781355 7.781355 7.781355 7.781355 7.781355 7.781355 7.781355 7.781355 7.781355 7.781355 7.781355 7.781355 7.781355 7.781355 7.781355 7.781355 7.781355 7.781355 7.781355 7.781355 7.781355 7.781355 7.781355 7.781355 7.781355 7.781355 7.781355 7.781355 7.781355 7.781355 7.781355 7.781355 7.781355 7.781355 7.781355 7.781355 7.781355 7.781355 7.781355 
7.781355 7.781355 7.781355 7.781355 7.781355 7.781355 7.781355 7.781355 7.781355 7.781355 7.781355 7.781355 7.781355 7.781355 7.781355 7.781355 7.781355 7.781355 7.781355 7.781355 7.781355 7.781355 7.781355 7.781355 7.781355 7.781355 7.781355 7.781355 7.781355 7.781355 7.781355 7.781355 7.781355 7.781355 7.781355 7.781355 7.781355 7.781355 7.781355 7.781355 7.781355 7.781355 7.781355 7.781355 7.781355 7.781355 7.781355 7.781355 7.781355 7.781355 7.781355 7.781355 7.781355 7.781355 7.781355 7.781355 7.781355 7.781355 7.781355 7.781355 7.781355 7.781355 7.781355 7.781355 
7.781355 7.781355 7.781355 7.781355 7.781355 7.781355 7.781355 7.781355 7.781355 7.781355 7.781355 7.781355 7.781355 7.781355 7.781355 7.781355 7.781355 7.781355 7.781355 7.781355 7.781355 7.781355 7.781355 7.781355 7.781355 7.781355 7.781355 7.781355 7.781355 7.781355 7.781355 7.781355 7.781355 7.781355 7.781355 7.781355 7.781355 7.781355 7.781355 7.781355 7.781355 7.781355 7.781355 7.781355 7.781355 7.781355 7.781355 7.781355 7.781355 7.781355 7.781355 7.781355 7.781355 7.781355 7.781355 7.781355 7.781355 7.781355 7.781355 7.781355 7.781355 7.781355 7.781355 7.781355 
7.781355 7.781355 7.781355 7.781355 7.781355 7.781355 7.781355 7.781355 7.781355 7.781355 7.781355 7.781355 7.781355 7.781355 7.781355 7.781355 7.781355 7.781355 7.781355 7.781355 7.781355 7.781355 7.781355 7.781355 7.781355 7.781355 7.781355 7.781355 7.781355 7.781355 7.781355 7.781355 7.781355 7.781355 7.781355 7.781355 7.781355 7.781355 7.781355 7.781355 7.781355 7.781355 7.781355 7.781355 7.781355 7.781355 7.781355 7.781355 7.781355 7.781355 7.781355 7.781355 7.781355 7.781355 7.781355 7.781355 7.781355 7.781355 7.781355 7.781355 7.781355 7.781355 7.781355 7.781355 
7.781355 7.781355 7.781355 7.781355 7.781355 7.781355 7.781355 7.781355 7.781355 7.781355 7.781355 7.781355 7.781355 7.781355 7.781355 7.781355 7.781355 7.781355 7.781355 7.781355 7.781355 7.781355 7.781355 7.781355 7.781355 7.781355 7.781355 7.781355 7.781355 7.781355 7.781355 7.781355 7.781355 7.781355 7.781355 7.781355 7.781355 7.781355 7.781355 7.781355 7.781355 7.781355 7.781355 7.781355 7.781355 7.781355 7.781355 7.781355 7.781355 7.781355 7.781355 7.781355 7.781355 7.781355 7.781355 7.781355 7.781355 7.781355 7.781355 7.781355 7.781355 7.781355 7.781355 7.781355 
7.781355 7.781355 7.781355 7.781355 7.781355 7.781355 7.781355 7.781355 7.781355 7.781355 7.781355 7.781355 7.781355 7.781355 7.781355 7.781355 7.781355 7.781355 7.781355 7.781355 7.781355 7.781355 7.781355 7.781355 7.781355 7.781355 7.781355 7.781355 7.781355 7.781355 7.781355 7.781355 7.781355 7.781355 7.781355 7.781355 7.781355 7.781355 7.781355 7.781355 7.781355 7.781355 7.781355 7.781355 7.781355 7.781355 7.781355 7.781355 7.781355 7.781355 7.781355 7.781355 7.781355 7.781355 7.781355 7.781355 7.781355 7.781355 7.781355 7.781355 7.781355 7.781355 7.781355 7.781355 
7.781355 7.781355 7.781355 7.781355 7.781355 7.781355 7.781355 7.781355 7.781355 7.781355 7.781355 7.781355 7.781355 7.781355 7.781355 7.781355 7.781355 7.781355 7.781355 7.781355 7.781355 7.781355 7.781355 7.781355 7.781355 7.781355 7.781355 7.781355 7.781355 7.781355 7.781355 7.781355 7.781355 7.781355 7.781355 7.781355 7.781355 7.781355 7.781355 7.781355 7.781355 7.781355 7.781355 7.781355 7.781355 7.781355 7.781355 7.781355 7.781355 7.781355 7.781355 7.781355 7.781355 7.781355 7.781355 7.781355 7.781355 7.781355 7.781355 7.781355 7.781355 7.781355 7.781355 7.781355 
7.781355 7.781355 7.781355 7.781355 7.781355 7.781355 7.781355 7.781355 7.781355 7.781355 7.781355 7.781355 7.781355 7.781355 7.781355 7.781355 7.781355 7.781355 7.781355 7.781355 7.781355 7.781355 7.781355 7.781355 7.781355 7.781355 7.781355 7.781355 7.781355 7.781355 7.781355 7.781355 7.781355 7.781355 7.781355 7.781355 7.781355 7.781355 7.781355 7.781355 7.781355 7.781355 7.781355 7.781355 7.781355 7.781355 7.781355 7.781355 7.781355 7.781355 7.781355 7.781355 7.781355 7.781355 7.781355 7.781355 7.781355 7.781355 7.781355 7.781355 7.781355 7.781355 7.781355 7.781355 
7.781355 7.781355 7.781355 7.781355 7.781355 7.781355 7.781355 7.781355 7.781355 7.781355 7.781355 7.781355 7.781355 7.781355 7.781355 7.781355 7.781355 7.781355 7.781355 7.781355 7.781355 7.781355 7.781355 7.781355 7.781355 7.781355 7.781355 7.781355 7.781355 7.781355 7.781355 7.781355 7.781355 7.781355 7.781355 7.781355 7.781355 7.781355 7.781355 7.781355 7.781355 7.781355 7.781355 7.781355 7.781355 7.781355 7.781355 7.781355 7.781355 7.781355 7.781355 7.781355 7.781355 7.781355 7.781355 7.781355 7.781355 7.781355 7.781355 7.781355 7.781355 7.781355 7.781355 7.781355 
7.781355 7.781355 7.781355 7.781355 7.781355 7.781355 7.781355 7.781355 7.781355 7.781355 7.781355 7.781355 7.781355 7.781355 7.781355 7.781355 7.781355 7.781355 7.781355 7.781355 7.781355 7.781355 7.781355 7.781355 7.781355 7.781355 7.781355 7.781355 7.781355 7.781355 7.781355 7.781355 7.781355 7.781355 7.781355 7.781355 7.781355 7.781355 7.781355 7.781355 7.781355 7.781355 7.781355 7.781355 7.781355 7.781355 7.781355 7.781355 7.781355 7.781355 7.781355 7.781355 7.781355 7.781355 7.781355 7.781355 7.781355 7.781355 7.781355 7.781355 7.781355 7.781355 7.781355 7.781355 
7.781355 7.781355 7.781355 7.781355 7.781355 7.781355 7.781355 7.781355 7.781355 7.781355 7.781355 7.781355 7.781355 7.781355 7.781355 7.781355 7.781355 7.781355 7.781355 7.781355 7.781355 7.781355 7.781355 7.781355 7.781355 7.781355 7.781355 7.781355 7.781355 7.781355 7.781355 7.781355 7.781355 7.781355 7.781355 7.781355 7.781355 7.781355 7.781355 7.781355 7.781355 7.781355 7.781355 7.781355 7.781355 7.781355 7.781355 7.781355 7.781355 7.781355 7.781355 7.781355 7.781355 7.781355 7.781355 7.781355 7.781355 7.781355 7.781355 7.781355 7.781355 7.781355 7.781355 7.781355 
7.781355 7.781355 7.781355 7.781355 7.781355 7.781355 7.781355 7.781355 7.781355 7.781355 7.781355 7.781355 7.781355 7.781355 7.781355 7.781355 7.781355 7.781355 7.781355 7.781355 7.781355 7.781355 7.781355 7.781355 7.781355 7.781355 7.781355 7.781355 7.781355 7.781355 7.781355 7.781355 7.781355 7.781355 7.781355 7.781355 7.781355 7.781355 7.781355 7.781355 7.781355 7.781355 7.781355 7.781355 7.781355 7.781355 7.781355 7.781355 7.781355 7.781355 7.781355 7.781355 7.781355 7.781355 7.781355 7.781355 7.781355 7.781355 7.781355 7.781355 7.781355 7.781355 7.781355 7.781355 
7.781355 7.781355 7.781355 7.781355 7.781355 7.781355 7.781355 7.781355 7.781355 7.781355 7.781355 7.781355 7.781355 7.781355 7.781355 7.781355 7.781355 7.781355 7.781355 7.781355 7.781355 7.781355 7.781355 7.781355 7.781355 7.781355 7.781355 7.781355 7.781355 7.781355 7.781355 7.781355 7.781355 7.781355 7.781355 7.781355 7.781355 7.781355 7.781355 7.781355 7.781355 7.781355 7.781355 7.781355 7.781355 7.781355 7.781355 7.781355 7.781355 7.781355 7.781355 7.781355 7.781355 7.781355 7.781355 7.781355 7.781355 7.781355 7.781355 7.781355 7.781355 7.781355 7.781355 7.781355 
7.781355 7.781355 7.781355 7.781355 7.781355 7.781355 7.781355 7.781355 7.781355 7.781355 7.781355 7.781355 7.781355 7.781355 7.781355 7.781355 7.781355 7.781355 7.781355 7.781355 7.781355 7.781355 7.781355 7.781355 7.781355 7.781355 7.781355 7.781355 7.781355 7.781355 7.781355 7.781355 7.781355 7.781355 7.781355 7.781355 7.781355 7.781355 7.781355 7.781355 7.781355 7.781355 7.781355 7.781355 7.781355 7.781355 7.781355 7.781355 7.781355 7.781355 7.781355 7.781355 7.781355 7.781355 7.781355 7.781355 7.781355 7.781355 7.781355 7.781355 7.781355 7.781355 7.781355 7.781355 
7.781355 7.781355 7.781355 7.781355 7.781355 7.781355 7.781355 7.781355 7.781355 7.781355 7.781355 7.781355 7.781355 7.781355 7.781355 7.781355 7.781355 7.781355 7.781355 7.781355 7.781355 7.781355 7.781355 7.781355 7.781355 7.781355 7.781355 7.781355 7.781355 7.781355 7.781355 7.781355 7.781355 7.781355 7.781355 7.781355 7.781355 7.781355 7.781355 7.781355 7.781355 7.781355 7.781355 7.781355 7.781355 7.781355 7.781355 7.781355 7.781355 7.781355 7.781355 7.781355 7.781355 7.781355 7.781355 7.781355 7.781355 7.781355 7.781355 7.781355 7.781355 7.781355 7.781355 7.781355 
7.781355 7.781355 7.781355 7.781355 7.781355 7.781355 7.781355 7.781355 7.781355 7.781355 7.781355 7.781355 7.781355 7.781355 7.781355 7.781355 7.781355 7.781355 7.781355 7.781355 7.781355 7.781355 7.781355 7.781355 7.781355 7.781355 7.781355 7.781355 7.781355 7.781355 7.781355 7.781355 7.781355 7.781355 7.781355 7.781355 7.781355 7.781355 7.781355 7.781355 7.781355 7.781355 7.781355 7.781355 7.781355 7.781355 7.781355 7.781355 7.781355 7.781355 7.781355 7.781355 7.781355 7.781355 7.781355 7.781355 7.781355 7.781355 7.781355 7.781355 7.781355 7.781355 7.781355 7.781355 
7.781355 7.781355 7.781355 7.781355 7.781355 7.781355 7.781355 7.781355 7.781355 7.781355 7.781355 7.781355 7.781355 7.781355 7.781355 7.781355 7.781355 7.781355 7.781355 7.781355 7.781355 7.781355 7.781355 7.781355 7.781355 7.781355 7.781355 7.781355 7.781355 7.781355 7.781355 7.781355 7.781355 7.781355 7.781355 7.781355 7.781355 7.781355 7.781355 7.781355 7.781355 7.781355 7.781355 7.781355 7.781355 7.781355 7.781355 7.781355 7.781355 7.781355 7.781355 7.781355 7.781355 7.781355 7.781355 7.781355 7.781355 7.781355 7.781355 7.781355 7.781355 7.781355 7.781355 7.781355 
