7.176283 7.176283 7.176283 7.176283 7.176283 7.176283 7.176283 7.176283 7.176283 7.176283 7.176283 7.176283 7.176283 7.176283 7.176283 7.176283 7.176283 7.176283 7.176283 7.176283 7.176283 7.176283 7.176283 7.176283 7.176283 7.176283 7.176283 7.176283 7.176283 7.176283 7.176283 7.176283 7.176283 7.176283 7.176283 7.176283 7.176283 7.176283 7.176283 7.176283 7.176283 7.176283 7.176283 7.176283 7.176283 7.176283 7.176283 7.176283 7.176283 7.176283 7.176283 7.176283 7.176283 7.176283 7.176283 7.176283 7.176283 7.176283 7.176283 7.176283 7.176283 7.176283 7.176283 7.176283 
7.176283 7.176283 7.176283 7.176283 7.176283 7.176283 7.176283 7.176283 7.176283 7.176283 7.176283 7.176283 7.176283 7.176283 7.176283 7.176283 7.176283 7.176283 7.176283 7.176283 7.176283 7.176283 7.176283 7.176283 7.176283 7.176283 7.176283 7.176283 7.176283 7.176283 7.176283 7.176283 7.176283 7.176283 7.176283 7.176283 7.176283 7.176283 7.176283 7.176283 7.176283 7.176283 7.176283 7.176283 7.176283 7.176283 7.176283 7.176283 7.176283 7.176283 7.176283 7.176283 7.176283 7.176283 7.176283 7.176283 7.176283 7.176283 7.176283 7.176283 7.176283 7.176283 7.176283 7.176283 
7.176283 7.176283 7.176283 7.176283 7.176283 7.176283 7.176283 7.176283 7.176283 7.176283 7.176283 7.176283 7.176283 7.176283 7.176283 7.176283 7.176283 7.176283 7.176283 7.176283 7.176283 7.176283 7.176283 7.176283 7.176283 7.176283 7.176283 7.176283 7.176283 7.176283 7.176283 7.176283 7.176283 7.176283 7.176283 7.176283 7.176283 7.176283 7.176283 7.176283 7.176283 7.176283 7.176283 7.176283 7.176283 7.176283 7.176283 7.176283 7.176283 7.176283 7.176283 7.176283 7.176283 7.176283 7.176283 7.176283 7.176283 7.176283 7.176283 7.176283 7.176283 7.176283 7.176283 7.176283 
7.176283 7.176283 7.176283 7.176283 7.176283 7.176283 7.176283 7.176283 7.176283 7.176283 7.176283 7.176283 7.176283 7.176283 7.176283 7.176283 7.176283 7.176283 7.176283 7.176283 7.176283 7.176283 7.176283 7.176283 7.176283 7.176283 7.176283 7.176283 7.176283 7.176283 7.176283 7.176283 7.176283 7.176283 7.176283 7.176283 7.176283 7.176283 7.176283 7.176283 7.176283 7.176283 7.176283 7.176283 7.176283 7.176283 7.176283 7.176283 7.176283 7.176283 7.176283 7.176283 7.176283 7.176283 7.176283 7.176283 7.176283 7.176283 7.176283 7.176283 7.176283 7.176283 7.176283 7.176283 
7.176283 7.176283 7.176283 7.176283 7.176283 7.176283 7.176283 7.176283 7.176283 7.176283 7.176283 7.176283 7.176283 7.176283 7.176283 7.176283 7.176283 7.176283 7.176283 7.176283 7.176283 7.176283 7.176283 7.176283 7.176283 7.176283 7.176283 7.176283 7.176283 7.176283 7.176283 7.176283 7.176283 7.176283 7.176283 7.176283 7.176283 7.176283 7.176283 7.176283 7.176283 7.176283 7.176283 7.176283 7.176283 7.176283 7.176283 7.176283 7.176283 7.176283 7.176283 7.176283 7.176283 7.176283 7.176283 7.176283 7.176283 7.176283 7.176283 7.176283 7.176283 7.176283 7.176283 7.176283 
7.176283 7.176283 7.176283 7.176283 7.176283 7.176283 7.176283 7.176283 7.176283 7.176283 7.176283 7.176283 7.176283 7.176283 7.176283 7.176283 7.176283 7.176283 7.176283 7.176283 7.176283 7.176283 7.176283 7.176283 7.176283 7.176283 7.176283 7.176283 7.176283 7.176283 7.176283 7.176283 7.176283 7.176283 7.176283 7.176283 7.176283 7.176283 7.176283 7.176283 7.176283 7.176283 7.176283 7.176283 7.176283 7.176283 7.176283 7.176283 7.176283 7.176283 7.176283 7.176283 7.176283 7.176283 7.176283 7.176283 7.176283 7.176283 7.176283 7.176283 7.176283 7.176283 7.176283 7.176283 
7.176283 7.176283 7.176283 7.176283 7.176283 7.176283 7.176283 7.176283 7.176283 7.176283 7.176283 7.176283 7.176283 7.176283 7.176283 7.176283 7.176283 7.176283 7.176283 7.176283 7.176283 7.176283 7.176283 7.176283 7.176283 7.176283 7.176283 7.176283 7.176283 7.176283 7.176283 7.176283 7.176283 7.176283 7.176283 7.176283 7.176283 7.176283 7.176283 7.176283 7.176283 7.176283 7.176283 7.176283 7.176283 7.176283 7.176283 7.176283 7.176283 7.176283 7.176283 7.176283 7.176283 7.176283 7.176283 7.176283 7.176283 7.176283 7.176283 7.176283 7.176283 7.176283 7.176283 7.176283 
7.176283 7.176283 7.176283 7.176283 7.176283 7.176283 7.176283 7.176283 7.176283 7.176283 7.176283 7.176283 7.176283 7.176283 7.176283 7.176283 7.176283 7.176283 7.176283 7.176283 7.176283 7.176283 7.176283 7.176283 7.176283 7.176283 7.176283 7.176283 7.176283 7.176283 7.176283 7.176283 7.176283 7.176283 7.176283 7.176283 7.176283 7.176283 7.176283 7.176283 7.176283 7.176283 7.176283 7.176283 7.176283 7.176283 7.176283 7.176283 7.176283 7.176283 7.176283 7.176283 7.176283 7.176283 7.176283 7.176283 7.176283 7.176283 7.176283 7.176283 7.176283 7.176283 7.176283 7.176283 
7.176283 7.176283 7.176283 7.176283 7.176283 7.176283 7.176283 7.176283 7.176283 7.176283 7.176283 7.176283 7.176283 7.176283 7.176283 7.176283 7.176283 7.176283 7.176283 7.176283 7.176283 7.176283 7.176283 7.176283 7.176283 7.176283 7.176283 7.176283 7.176283 7.176283 7.176283 7.176283 7.176283 7.176283 7.176283 7.176283 7.176283 7.176283 7.176283 7.176283 7.176283 7.176283 7.176283 7.176283 7.176283 7.176283 7.176283 7.176283 7.176283 7.176283 7.176283 7.176283 7.176283 7.176283 7.176283 7.176283 7.176283 7.176283 7.176283 7.176283 7.176283 7.176283 7.176283 7.176283 
7.176283 7.176283 7.176283 7.176283 7.176283 7.176283 7.176283 7.176283 7.176283 7.176283 7.176283 7.176283 7.176283 7.176283 7.176283 7.176283 7.176283 7.176283 7.176283 7.176283 7.176283 7.176283 7.176283 7.176283 7.176283 7.176283 7.176283 7.176283 7.176283 7.176283 7.176283 7.176283 7.176283 7.176283 7.176283 7.176283 7.176283 7.176283 7.176283 7.176283 7.176283 7.176283 7.176283 7.176283 7.176283 7.176283 7.176283 7.176283 7.176283 7.176283 7.176283 7.176283 7.176283 7.176283 7.176283 7.176283 7.176283 7.176283 7.176283 7.176283 7.176283 7.176283 7.176283 7.176283 
7.176283 7.176283 7.176283 7.176283 7.176283 7.176283 7.176283 7.176283 7.176283 7.176283 7.176283 7.176283 7.176283 7.176283 7.176283 7.176283 7.176283 7.176283 7.176283 7.176283 7.176283 7.176283 7.176283 7.176283 7.176283 7.176283 7.176283 7.176283 7.176283 7.176283 7.176283 7.176283 7.176283 7.176283 7.176283 7.176283 7.176283 7.176283 7.176283 7.176283 7.176283 7.176283 7.176283 7.176283 7.176283 7.176283 7.176283 7.176283 7.176283 7.176283 7.176283 7.176283 7.176283 7.176283 7.176283 7.176283 7.176283 7.176283 7.176283 7.176283 7.176283 7.176283 7.176283 7.176283 
7.176283 7.176283 7.176283 7.176283 7.176283 7.176283 7.176283 7.176283 7.176283 7.176283 7.176283 7.176283 7.176283 7.176283 7.176283 7.176283 7.176283 7.176283 7.176283 7.176283 7.176283 7.176283 7.176283 7.176283 7.176283 7.176283 7.176283 7.176283 7.176283 7.176283 7.176283 7.176283 7.176283 7.176283 7.176283 7.176283 7.176283 7.176283 7.176283 7.176283 7.176283 7.176283 7.176283 7.176283 7.176283 7.176283 7.176283 7.176283 7.176283 7.176283 7.176283 7.176283 7.176283 7.176283 7.176283 7.176283 7.176283 7.176283 7.176283 7.176283 7.176283 7.176283 7.176283 7.176283 
7.176283 7.176283 7.176283 7.176283 7.176283 7.176283 7.176283 7.176283 7.176283 7.176283 7.176283 7.176283 7.176283 7.176283 7.176283 7.176283 7.176283 7.176283 7.176283 7.176283 7.176283 7.176283 7.176283 7.176283 7.176283 7.176283 7.176283 7.176283 7.176283 7.176283 7.176283 7.176283 7.176283 7.176283 7.176283 7.176283 7.176283 7.176283 7.176283 7.176283 7.176283 7.176283 7.176283 7.176283 7.176283 7.176283 7.176283 7.176283 7.176283 7.176283 7.176283 7.176283 7.176283 7.176283 7.176283 7.176283 7.176283 7.176283 7.176283 7.176283 7.176283 7.176283 7.176283 7.176283 
7.176283 7.176283 7.176283 7.176283 7.176283 7.176283 7.176283 7.176283 7.176283 7.176283 7.176283 7.176283 7.176283 7.176283 7.176283 7.176283 7.176283 7.176283 7.176283 7.176283 7.176283 7.176283 7.176283 7.176283 7.176283 7.176283 7.176283 7.176283 7.176283 7.176283 7.176283 7.176283 7.176283 7.176283 7.176283 7.176283 7.176283 7.176283 7.176283 7.176283 7.176283 7.176283 7.176283 7.176283 7.176283 7.176283 7.176283 7.176283 7.176283 7.176283 7.176283 7.176283 7.176283 7.176283 7.176283 7.176283 7.176283 7.176283 7.176283 7.176283 7.176283 7.176283 7.176283 7.176283 
7.176283 7.176283 7.176283 7.176283 7.176283 7.176283 7.176283 7.176283 7.176283 7.176283 7.176283 7.176283 7.176283 7.176283 7.176283 7.176283 7.176283 7.176283 7.176283 7.176283 7.176283 7.176283 7.176283 7.176283 7.176283 7.176283 7.176283 7.176283 7.176283 7.176283 7.176283 7.176283 7.176283 7.176283 7.176283 7.176283 7.176283 7.176283 7.176283 7.176283 7.176283 7.176283 7.176283 7.176283 7.176283 7.176283 7.176283 7.176283 7.176283 7.176283 7.176283 7.176283 7.176283 7.176283 7.176283 7.176283 7.176283 7.176283 7.176283 7.176283 7.176283 7.176283 7.176283 7.176283 
7.176283 7.176283 7.176283 7.176283 7.176283 7.176283 7.176283 7.176283 7.176283 7.176283 7.176283 7.176283 7.176283 7.176283 7.176283 7.176283 7.176283 7.176283 7.176283 7.176283 7.176283 7.176283 7.176283 7.176283 7.176283 7.176283 7.176283 7.176283 7.176283 7.176283 7.176283 7.176283 7.176283 7.176283 7.176283 7.176283 7.176283 7.176283 7.176283 7.176283 7.176283 7.176283 7.176283 7.176283 7.176283 7.176283 7.176283 7.176283 7.176283 7.176283 7.176283 7.176283 7.176283 7.176283 7.176283 7.176283 7.176283 7.176283 7.176283 7.176283 7.176283 7.176283 7.176283 7.176283 
7.176283 7.176283 7.176283 7.176283 7.176283 7.176283 7.176283 7.176283 7.176283 7.176283 7.176283 7.176283 7.176283 7.176283 7.176283 7.176283 7.176283 7.176283 7.176283 7.176283 7.176283 7.176283 7.176283 7.176283 7.176283 7.176283 7.176283 7.176283 7.176283 7.176283 7.176283 7.176283 7.176283 7.176283 7.176283 7.176283 7.176283 7.176283 7.176283 7.176283 7.176283 7.176283 7.176283 7.176283 7.176283 7.176283 7.176283 7.176283 7.176283 7.176283 7.176283 7.176283 7.176283 7.176283 7.176283 7.176283 7.176283 7.176283 7.176283 7.176283 7.176283 7.176283 7.176283 7.176283 
7.176283 7.176283 7.176283 7.176283 7.176283 7.176283 7.176283 7.176283 7.176283 7.176283 7.176283 7.176283 7.176283 7.176283 7.176283 7.176283 7.176283 7.176283 7.176283 7.176283 7.176283 7.176283 7.176283 7.176283 7.176283 7.176283 7.176283 7.176283 7.176283 7.176283 7.176283 7.176283 7.176283 7.176283 7.176283 7.176283 7.176283 7.176283 7.176283 7.176283 7.176283 7.176283 7.176283 7.176283 7.176283 7.176283 7.176283 7.176283 7.176283 7.176283 7.176283 7.176283 7.176283 7.176283 7.176283 7.176283 7.176283 7.176283 7.176283 7.176283 7.176283 7.176283 7.176283 7.176283 
7.176283 7.176283 7.176283 7.176283 7.176283 7.176283 7.176283 7.176283 7.176283 7.176283 7.176283 7.176283 7.176283 7.176283 7.176283 7.176283 7.176283 7.176283 7.176283 7.176283 7.176283 7.176283 7.176283 7.176283 7.176283 7.176283 7.176283 7.176283 7.176283 7.176283 7.176283 7.176283 7.176283 7.176283 7.176283 7.176283 7.176283 7.176283 7.176283 7.176283 7.176283 7.176283 7.176283 7.176283 7.176283 7.176283 7.176283 7.176283 7.176283 7.176283 7.176283 7.176283 7.176283 7.176283 7.176283 7.176283 7.176283 7.176283 7.176283 7.176283 7.176283 7.176283 7.176283 7.176283 
7.176283 7.176283 7.176283 7.176283 7.176283 7.176283 7.176283 7.176283 7.176283 7.176283 7.176283 7.176283 7.176283 7.176283 7.176283 7.176283 7.176283 7.176283 7.176283 7.176283 7.176283 7.176283 7.176283 7.176283 7.176283 7.176283 7.176283 7.176283 7.176283 7.176283 7.176283 7.176283 7.176283 7.176283 7.176283 7.176283 7.176283 7.176283 7.176283 7.176283 7.176283 7.176283 7.176283 7.176283 7.176283 7.176283 7.176283 7.176283 7.176283 7.176283 7.176283 7.176283 7.176283 7.176283 7.176283 7.176283 7.176283 7.176283 7.176283 7.176283 7.176283 7.176283 7.176283 7.176283 
7.176283 7.176283 7.176283 7.176283 7.176283 7.176283 7.176283 7.176283 7.176283 7.176283 7.176283 7.176283 7.176283 7.176283 7.176283 7.176283 7.176283 7.176283 7.176283 7.176283 7.176283 7.176283 7.176283 7.176283 7.176283 7.176283 7.176283 7.176283 7.176283 7.176283 7.176283 7.176283 7.176283 7.176283 7.176283 7.176283 7.176283 7.176283 7.176283 7.176283 7.176283 7.176283 7.176283 7.176283 7.176283 7.176283 7.176283 7.176283 7.176283 7.176283 7.176283 7.176283 7.176283 7.176283 7.176283 7.176283 7.176283 7.176283 7.176283 7.176283 7.176283 7.176283 7.176283 7.176283 
7.176283 7.176283 7.176283 7.176283 7.176283 7.176283 7.176283 7.176283 7.176283 7.176283 7.176283 7.176283 7.176283 7.176283 7.176283 7.176283 7.176283 7.176283 7.176283 7.176283 7.176283 7.176283 7.176283 7.176283 7.176283 7.176283 7.176283 7.176283 7.176283 7.176283 7.176283 7.176283 7.176283 7.176283 7.176283 7.176283 7.176283 7.176283 7.176283 7.176283 7.176283 7.176283 7.176283 7.176283 7.176283 7.176283 7.176283 7.176283 7.176283 7.176283 7.176283 7.176283 7.176283 7.176283 7.176283 7.176283 7.176283 7.176283 7.176283 7.176283 7.176283 7.176283 7.176283 7.176283 
7.176283 7.176283 7.176283 7.176283 7.176283 7.176283 7.176283 7.176283 7.176283 7.176283 7.176283 7.176283 7.176283 7.176283 7.176283 7.176283 7.176283 7.176283 7.176283 7.176283 7.176283 7.176283 7.176283 7.176283 7.176283 7.176283 7.176283 7.176283 7.176283 7.176283 7.176283 7.176283 7.176283 7.176283 7.176283 7.176283 7.176283 7.176283 7.176283 7.176283 7.176283 7.176283 7.176283 7.176283 7.176283 7.176283 7.176283 7.176283 7.176283 7.176283 7.176283 7.176283 7.176283 7.176283 7.176283 7.176283 7.176283 7.176283 7.176283 7.176283 7.176283 7.176283 7.176283 7.176283 
7.176283 7.176283 7.176283 7.176283 7.176283 7.176283 7.176283 7.176283 7.176283 7.176283 7.176283 7.176283 7.176283 7.176283 7.176283 7.176283 7.176283 7.176283 7.176283 7.176283 7.176283 7.176283 7.176283 7.176283 7.176283 7.176283 7.176283 7.176283 7.176283 7.176283 7.176283 7.176283 7.176283 7.176283 7.176283 7.176283 7.176283 7.176283 7.176283 7.176283 7.176283 7.176283 7.176283 7.176283 7.176283 7.176283 7.176283 7.176283 7.176283 7.176283 7.176283 7.176283 7.176283 7.176283 7.176283 7.176283 7.176283 7.176283 7.176283 7.176283 7.176283 7.176283 7.176283 7.176283 
7.176283 7.176283 7.176283 7.176283 7.176283 7.176283 7.176283 7.176283 7.176283 7.176283 7.176283 7.176283 7.176283 7.176283 7.176283 7.176283 7.176283 7.176283 7.176283 7.176283 7.176283 7.176283 7.176283 7.176283 7.176283 7.176283 7.176283 7.176283 7.176283 7.176283 7.176283 7.176283 7.176283 7.176283 7.176283 7.176283 7.176283 7.176283 7.176283 7.176283 7.176283 7.176283 7.176283 7.176283 7.176283 7.176283 7.176283 7.176283 7.176283 7.176283 7.176283 7.176283 7.176283 7.176283 7.176283 7.176283 7.176283 7.176283 7.176283 7.176283 7.176283 7.176283 7.176283 7.176283 
7.176283 7.176283 7.176283 7.176283 7.176283 7.176283 7.176283 7.176283 7.176283 7.176283 7.176283 7.176283 7.176283 7.176283 7.176283 7.176283 7.176283 7.176283 7.176283 7.176283 7.176283 7.176283 7.176283 7.176283 7.176283 7.176283 7.176283 7.176283 7.176283 7.176283 7.176283 7.176283 7.176283 7.176283 7.176283 7.176283 7.176283 7.176283 7.176283 7.176283 7.176283 7.176283 7.176283 7.176283 7.176283 7.176283 7.176283 7.176283 7.176283 7.176283 7.176283 7.176283 7.176283 7.176283 7.176283 7.176283 7.176283 7.176283 7.176283 7.176283 7.176283 7.176283 7.176283 7.176283 
7.176283 7.176283 7.176283 7.176283 7.176283 7.176283 7.176283 7.176283 7.176283 7.176283 7.176283 7.176283 7.176283 7.176283 7.176283 7.176283 7.176283 7.176283 7.176283 7.176283 7.176283 7.176283 7.176283 7.176283 7.176283 7.176283 7.176283 7.176283 7.176283 7.176283 7.176283 7.176283 7.176283 7.176283 7.176283 7.176283 7.176283 7.176283 7.176283 7.176283 7.176283 7.176283 7.176283 7.176283 7.176283 7.176283 7.176283 7.176283 7.176283 7.176283 7.176283 7.176283 7.176283 7.176283 7.176283 7.176283 7.176283 7.176283 7.176283 7.176283 7.176283 7.176283 7.176283 7.176283 
7.176283 7.176283 7.176283 7.176283 7.176283 7.176283 7.176283 7.176283 7.176283 7.176283 7.176283 7.176283 7.176283 7.176283 7.176283 7.176283 7.176283 7.176283 7.176283 7.176283 7.176283 7.176283 7.176283 7.176283 7.176283 7.176283 7.176283 7.176283 7.176283 7.176283 7.176283 7.176283 7.176283 7.176283 7.176283 7.176283 7.176283 7.176283 7.176283 7.176283 7.176283 7.176283 7.176283 7.176283 7.176283 7.176283 7.176283 7.176283 7.176283 7.176283 7.176283 7.176283 7.176283 7.176283 7.176283 7.176283 7.176283 7.176283 7.176283 7.176283 7.176283 7.176283 7.176283 7.176283 
7.176283 7.176283 7.176283 7.176283 7.176283 7.176283 7.176283 7.176283 7.176283 7.176283 7.176283 7.176283 7.176283 7.176283 7.176283 7.176283 7.176283 7.176283 7.176283 7.176283 7.176283 7.176283 7.176283 7.176283 7.176283 7.176283 7.176283 7.176283 7.176283 7.176283 7.176283 7.176283 7.176283 7.176283 7.176283 7.176283 7.176283 7.176283 7.176283 7.176283 7.176283 7.176283 7.176283 7.176283 7.176283 7.176283 7.176283 7.176283 7.176283 7.176283 7.176283 7.176283 7.176283 7.176283 7.176283 7.176283 7.176283 7.176283 7.176283 7.176283 7.176283 7.176283 7.176283 7.176283 
7.176283 7.176283 7.176283 7.176283 7.176283 7.176283 7.176283 7.176283 7.176283 7.176283 7.176283 7.176283 7.176283 7.176283 7.176283 7.176283 7.176283 7.176283 7.176283 7.176283 7.176283 7.176283 7.176283 7.176283 7.176283 7.176283 7.176283 7.176283 7.176283 7.176283 7.176283 7.176283 7.176283 7.176283 7.176283 7.176283 7.176283 7.176283 7.176283 7.176283 7.176283 7.176283 7.176283 7.176283 7.176283 7.176283 7.176283 7.176283 7.176283 7.176283 7.176283 7.176283 7.176283 7.176283 7.176283 7.176283 7.176283 7.176283 7.176283 7.176283 7.176283 7.176283 7.176283 7.176283 
7.176283 7.176283 7.176283 7.176283 7.176283 7.176283 7.176283 7.176283 7.176283 7.176283 7.176283 7.176283 7.176283 7.176283 7.176283 7.176283 7.176283 7.176283 7.176283 7.176283 7.176283 7.176283 7.176283 7.176283 7.176283 7.176283 7.176283 7.176283 7.176283 7.176283 7.176283 7.176283 7.176283 7.176283 7.176283 7.176283 7.176283 7.176283 7.176283 7.176283 7.176283 7.176283 7.176283 7.176283 7.176283 7.176283 7.176283 7.176283 7.176283 7.176283 7.176283 7.176283 7.176283 7.176283 7.176283 7.176283 7.176283 7.176283 7.176283 7.176283 7.176283 7.176283 7.176283 7.176283 
7.176283 7.176283 7.176283 7.176283 7.176283 7.176283 7.176283 7.176283 7.176283 7.176283 7.176283 7.176283 7.176283 7.176283 7.176283 7.176283 7.176283 7.176283 7.176283 7.176283 7.176283 7.176283 7.176283 7.176283 7.176283 7.176283 7.176283 7.176283 7.176283 7.176283 7.176283 7.176283 7.176283 7.176283 7.176283 7.176283 7.176283 7.176283 7.176283 7.176283 7.176283 7.176283 7.176283 7.176283 7.176283 7.176283 7.176283 7.176283 7.176283 7.176283 7.176283 7.176283 7.176283 7.176283 7.176283 7.176283 7.176283 7.176283 7.176283 7.176283 7.176283 7.176283 7.176283 7.176283 
7.176283 7.176283 7.176283 7.176283 7.176283 7.176283 7.176283 7.176283 7.176283 7.176283 7.176283 7.176283 7.176283 7.176283 7.176283 7.176283 7.176283 7.176283 7.176283 7.176283 7.176283 7.176283 7.176283 7.176283 7.176283 7.176283 7.176283 7.176283 7.176283 7.176283 7.176283 7.176283 7.176283 7.176283 7.176283 7.176283 7.176283 7.176283 7.176283 7.176283 7.176283 7.176283 7.176283 7.176283 7.176283 7.176283 7.176283 7.176283 7.176283 7.176283 7.176283 7.176283 7.176283 7.176283 7.176283 7.176283 7.176283 7.176283 7.176283 7.176283 7.176283 7.176283 7.176283 7.176283 
7.176283 7.176283 7.176283 7.176283 7.176283 7.176283 7.176283 7.176283 7.176283 7.176283 7.176283 7.176283 7.176283 7.176283 7.176283 7.176283 7.176283 7.176283 7.176283 7.176283 7.176283 7.176283 7.176283 7.176283 7.176283 7.176283 7.176283 7.176283 7.176283 7.176283 7.176283 7.176283 7.176283 7.176283 7.176283 7.176283 7.176283 7.176283 7.176283 7.176283 7.176283 7.176283 7.176283 7.176283 7.176283 7.176283 7.176283 7.176283 7.176283 7.176283 7.176283 7.176283 7.176283 7.176283 7.176283 7.176283 7.176283 7.176283 7.176283 7.176283 7.176283 7.176283 7.176283 7.176283 
7.176283 7.176283 7.176283 7.176283 7.176283 7.176283 7.176283 7.176283 7.176283 7.176283 7.176283 7.176283 7.176283 7.176283 7.176283 7.176283 7.176283 7.176283 7.176283 7.176283 7.176283 7.176283 7.176283 7.176283 7.176283 7.176283 7.176283 7.176283 7.176283 7.176283 7.176283 7.176283 7.176283 7.176283 7.176283 7.176283 7.176283 7.176283 7.176283 7.176283 7.176283 7.176283 7.176283 7.176283 7.176283 7.176283 7.176283 7.176283 7.176283 7.176283 7.176283 7.176283 7.176283 7.176283 7.176283 7.176283 7.176283 7.176283 7.176283 7.176283 7.176283 7.176283 7.176283 7.176283 
7.176283 7.176283 7.176283 7.176283 7.176283 7.176283 7.176283 7.176283 7.176283 7.176283 7.176283 7.176283 7.176283 7.176283 7.176283 7.176283 7.176283 7.176283 7.176283 7.176283 7.176283 7.176283 7.176283 7.176283 7.176283 7.176283 7.176283 7.176283 7.176283 7.176283 7.176283 7.176283 7.176283 7.176283 7.176283 7.176283 7.176283 7.176283 7.176283 7.176283 7.176283 7.176283 7.176283 7.176283 7.176283 7.176283 7.176283 7.176283 7.176283 7.176283 7.176283 7.176283 7.176283 7.176283 7.176283 7.176283 7.176283 7.176283 7.176283 7.176283 7.176283 7.176283 7.176283 7.176283 
7.176283 7.176283 7.176283 7.176283 7.176283 7.176283 7.176283 7.176283 7.176283 7.176283 7.176283 7.176283 7.176283 7.176283 7.176283 7.176283 7.176283 7.176283 7.176283 7.176283 7.176283 7.176283 7.176283 7.176283 7.176283 7.176283 7.176283 7.176283 7.176283 7.176283 7.176283 7.176283 7.176283 7.176283 7.176283 7.176283 7.176283 7.176283 7.176283 7.176283 7.176283 7.176283 7.176283 7.176283 7.176283 7.176283 7.176283 7.176283 7.176283 7.176283 7.176283 7.176283 7.176283 7.176283 7.176283 7.176283 7.176283 7.176283 7.176283 7.176283 7.176283 7.176283 7.176283 7.176283 
7.176283 7.176283 7.176283 7.176283 7.176283 7.176283 7.176283 7.176283 7.176283 7.176283 7.176283 7.176283 7.176283 7.176283 7.176283 7.176283 7.176283 7.176283 7.176283 7.176283 7.176283 7.176283 7.176283 7.176283 7.176283 7.176283 7.176283 7.176283 7.176283 7.176283 7.176283 7.176283 7.176283 7.176283 7.176283 7.176283 7.176283 7.176283 7.176283 7.176283 7.176283 7.176283 7.176283 7.176283 7.176283 7.176283 7.176283 7.176283 7.176283 7.176283 7.176283 7.176283 7.176283 7.176283 7.176283 7.176283 7.176283 7.176283 7.176283 7.176283 7.176283 7.176283 7.176283 7.176283 
7.176283 7.176283 7.176283 7.176283 7.176283 7.176283 7.176283 7.176283 7.176283 7.176283 7.176283 7.176283 7.176283 7.176283 7.176283 7.176283 7.176283 7.176283 7.176283 7.176283 7.176283 7.176283 7.176283 7.176283 7.176283 7.176283 7.176283 7.176283 7.176283 7.176283 7.176283 7.176283 7.176283 7.176283 7.176283 7.176283 7.176283 7.176283 7.176283 7.176283 7.176283 7.176283 7.176283 7.176283 7.176283 7.176283 7.176283 7.176283 7.176283 7.176283 7.176283 7.176283 7.176283 7.176283 7.176283 7.176283 7.176283 7.176283 7.176283 7.176283 7.176283 7.176283 7.176283 7.176283 
7.176283 7.176283 7.176283 7.176283 7.176283 7.176283 7.176283 7.176283 7.176283 7.176283 7.176283 7.176283 7.176283 7.176283 7.176283 7.176283 7.176283 7.176283 7.176283 7.176283 7.176283 7.176283 7.176283 7.176283 7.176283 7.176283 7.176283 7.176283 7.176283 7.176283 7.176283 7.176283 7.176283 7.176283 7.176283 7.176283 7.176283 7.176283 7.176283 7.176283 7.176283 7.176283 7.176283 7.176283 7.176283 7.176283 7.176283 7.176283 7.176283 7.176283 7.176283 7.176283 7.176283 7.176283 7.176283 7.176283 7.176283 7.176283 7.176283 7.176283 7.176283 7.176283 7.176283 7.176283 
7.176283 7.176283 7.176283 7.176283 7.176283 7.176283 7.176283 7.176283 7.176283 7.176283 7.176283 7.176283 7.176283 7.176283 7.176283 7.176283 7.176283 7.176283 7.176283 7.176283 7.176283 7.176283 7.176283 7.176283 7.176283 7.176283 7.176283 7.176283 7.176283 7.176283 7.176283 7.176283 7.176283 7.176283 7.176283 7.176283 7.176283 7.176283 7.176283 7.176283 7.176283 7.176283 7.176283 7.176283 7.176283 7.176283 7.176283 7.176283 7.176283 7.176283 7.176283 7.176283 7.176283 7.176283 7.176283 7.176283 7.176283 7.176283 7.176283 7.176283 7.176283 7.176283 7.176283 7.176283 
7.176283 7.176283 7.176283 7.176283 7.176283 7.176283 7.176283 7.176283 7.176283 7.176283 7.176283 7.176283 7.176283 7.176283 7.176283 7.176283 7.176283 7.176283 7.176283 7.176283 7.176283 7.176283 7.176283 7.176283 7.176283 7.176283 7.176283 7.176283 7.176283 7.176283 7.176283 7.176283 7.176283 7.176283 7.176283 7.176283 7.176283 7.176283 7.176283 7.176283 7.176283 7.176283 7.176283 7.176283 7.176283 7.176283 7.176283 7.176283 7.176283 7.176283 7.176283 7.176283 7.176283 7.176283 7.176283 7.176283 7.176283 7.176283 7.176283 7.176283 7.176283 7.176283 7.176283 7.176283 
7.176283 7.176283 7.176283 7.176283 7.176283 7.176283 7.176283 7.176283 7.176283 7.176283 7.176283 7.176283 7.176283 7.176283 7.176283 7.176283 7.176283 7.176283 7.176283 7.176283 7.176283 7.176283 7.176283 7.176283 7.176283 7.176283 7.176283 7.176283 7.176283 7.176283 7.176283 7.176283 7.176283 7.176283 7.176283 7.176283 7.176283 7.176283 7.176283 7.176283 7.176283 7.176283 7.176283 7.176283 7.176283 7.176283 7.176283 7.176283 7.176283 7.176283 7.176283 7.176283 7.176283 7.176283 7.176283 7.176283 7.176283 7.176283 7.176283 7.176283 7.176283 7.176283 7.176283 7.176283 
7.176283 7.176283 7.176283 7.176283 7.176283 7.176283 7.176283 7.176283 7.176283 7.176283 7.176283 7.176283 7.176283 7.176283 7.176283 7.176283 7.176283 7.176283 7.176283 7.176283 7.176283 7.176283 7.176283 7.176283 7.176283 7.176283 7.176283 7.176283 7.176283 7.176283 7.176283 7.176283 7.176283 7.176283 7.176283 7.176283 7.176283 7.176283 7.176283 7.176283 7.176283 7.176283 7.176283 7.176283 7.176283 7.176283 7.176283 7.176283 7.176283 7.176283 7.176283 7.176283 7.176283 7.176283 7.176283 7.176283 7.176283 7.176283 7.176283 7.176283 7.176283 7.176283 7.176283 7.176283 
7.176283 7.176283 7.176283 7.176283 7.176283 7.176283 7.176283 7.176283 7.176283 7.176283 7.176283 7.176283 7.176283 7.176283 7.176283 7.176283 7.176283 7.176283 7.176283 7.176283 7.176283 7.176283 7.176283 7.176283 7.176283 7.176283 7.176283 7.176283 7.176283 7.176283 7.176283 7.176283 7.176283 7.176283 7.176283 7.176283 7.176283 7.176283 7.176283 7.176283 7.176283 7.176283 7.176283 7.176283 7.176283 7.176283 7.176283 7.176283 7.176283 7.176283 7.176283 7.176283 7.176283 7.176283 7.176283 7.176283 7.176283 7.176283 7.176283 7.176283 7.176283 7.176283 7.176283 7.176283 
7.176283 7.176283 7.176283 7.176283 7.176283 7.176283 7.176283 7.176283 7.176283 7.176283 7.176283 7.176283 7.176283 7.176283 7.176283 7.176283 7.176283 7.176283 7.176283 7.176283 7.176283 7.176283 7.176283 7.176283 7.176283 7.176283 7.176283 7.176283 7.176283 7.176283 7.176283 7.176283 7.176283 7.176283 7.176283 7.176283 7.176283 7.176283 7.176283 7.176283 7.176283 7.176283 7.176283 7.176283 7.176283 7.176283 7.176283 7.176283 7.176283 7.176283 7.176283 7.176283 7.176283 7.176283 7.176283 7.176283 7.176283 7.176283 7.176283 7.176283 7.176283 7.176283 7.176283 7.176283 
7.176283 7.176283 7.176283 7.176283 7.176283 7.176283 7.176283 7.176283 7.176283 7.176283 7.176283 7.176283 7.176283 7.176283 7.176283 7.176283 7.176283 7.176283 7.176283 7.176283 7.176283 7.176283 7.176283 7.176283 7.176283 7.176283 7.176283 7.176283 7.176283 7.176283 7.176283 7.176283 7.176283 7.176283 7.176283 7.176283 7.176283 7.176283 7.176283 7.176283 7.176283 7.176283 7.176283 7.176283 7.176283 7.176283 7.176283 7.176283 7.176283 7.176283 7.176283 7.176283 7.176283 7.176283 7.176283 7.176283 7.176283 7.176283 7.176283 7.176283 7.176283 7.176283 7.176283 7.176283 
7.176283 7.176283 7.176283 7.176283 7.176283 7.176283 7.176283 7.176283 7.176283 7.176283 7.176283 7.176283 7.176283 7.176283 7.176283 7.176283 7.176283 7.176283 7.176283 7.176283 7.176283 7.176283 7.176283 7.176283 7.176283 7.176283 7.176283 7.176283 7.176283 7.176283 7.176283 7.176283 7.176283 7.176283 7.176283 7.176283 7.176283 7.176283 7.176283 7.176283 7.176283 7.176283 7.176283 7.176283 7.176283 7.176283 7.176283 7.176283 7.176283 7.176283 7.176283 7.176283 7.176283 7.176283 7.176283 7.176283 7.176283 7.176283 7.176283 7.176283 7.176283 7.176283 7.176283 7.176283 
7.176283 7.176283 7.176283 7.176283 7.176283 7.176283 7.176283 7.176283 7.176283 7.176283 7.176283 7.176283 7.176283 7.176283 7.176283 7.176283 7.176283 7.176283 7.176283 7.176283 7.176283 7.176283 7.176283 7.176283 7.176283 7.176283 7.176283 7.176283 7.176283 7.176283 7.176283 7.176283 7.176283 7.176283 7.176283 7.176283 7.176283 7.176283 7.176283 7.176283 7.176283 7.176283 7.176283 7.176283 7.176283 7.176283 7.176283 7.176283 7.176283 7.176283 7.176283 7.176283 7.176283 7.176283 7.176283 7.176283 7.176283 7.176283 7.176283 7.176283 7.176283 7.176283 7.176283 7.176283 
7.176283 7.176283 7.176283 7.176283 7.176283 7.176283 7.176283 7.176283 7.176283 7.176283 7.176283 7.176283 7.176283 7.176283 7.176283 7.176283 7.176283 7.176283 7.176283 7.176283 7.176283 7.176283 7.176283 7.176283 7.176283 7.176283 7.176283 7.176283 7.176283 7.176283 7.176283 7.176283 7.176283 7.176283 7.176283 7.176283 7.176283 7.176283 7.176283 7.176283 7.176283 7.176283 7.176283 7.176283 7.176283 7.176283 7.176283 7.176283 7.176283 7.176283 7.176283 7.176283 7.176283 7.176283 7.176283 7.176283 7.176283 7.176283 7.176283 7.176283 7.176283 7.176283 7.176283 7.176283 
7.176283 7.176283 7.176283 7.176283 7.176283 7.176283 7.176283 7.176283 7.176283 7.176283 7.176283 7.176283 7.176283 7.176283 7.176283 7.176283 7.176283 7.176283 7.176283 7.176283 7.176283 7.176283 7.176283 7.176283 7.176283 7.176283 7.176283 7.176283 7.176283 7.176283 7.176283 7.176283 7.176283 7.176283 7.176283 7.176283 7.176283 7.176283 7.176283 7.176283 7.176283 7.176283 7.176283 7.176283 7.176283 7.176283 7.176283 7.176283 7.176283 7.176283 7.176283 7.176283 7.176283 7.176283 7.176283 7.176283 7.176283 7.176283 7.176283 7.176283 7.176283 7.176283 7.176283 7.176283 
7.176283 7.176283 7.176283 7.176283 7.176283 7.176283 7.176283 7.176283 7.176283 7.176283 7.176283 7.176283 7.176283 7.176283 7.176283 7.176283 7.176283 7.176283 7.176283 7.176283 7.176283 7.176283 7.176283 7.176283 7.176283 7.176283 7.176283 7.176283 7.176283 7.176283 7.176283 7.176283 7.176283 7.176283 7.176283 7.176283 7.176283 7.176283 7.176283 7.176283 7.176283 7.176283 7.176283 7.176283 7.176283 7.176283 7.176283 7.176283 7.176283 7.176283 7.176283 7.176283 7.176283 7.176283 7.176283 7.176283 7.176283 7.176283 7.176283 7.176283 7.176283 7.176283 7.176283 7.176283 
7.176283 7.176283 7.176283 7.176283 7.176283 7.176283 7.176283 7.176283 7.176283 7.176283 7.176283 7.176283 7.176283 7.176283 7.176283 7.176283 7.176283 7.176283 7.176283 7.176283 7.176283 7.176283 7.176283 7.176283 7.176283 7.176283 7.176283 7.176283 7.176283 7.176283 7.176283 7.176283 7.176283 7.176283 7.176283 7.176283 7.176283 7.176283 7.176283 7.176283 7.176283 7.176283 7.176283 7.176283 7.176283 7.176283 7.176283 7.176283 7.176283 7.176283 7.176283 7.176283 7.176283 7.176283 7.176283 7.176283 7.176283 7.176283 7.176283 7.176283 7.176283 7.176283 7.176283 7.176283 
7.176283 7.176283 7.176283 7.176283 7.176283 7.176283 7.176283 7.176283 7.176283 7.176283 7.176283 7.176283 7.176283 7.176283 7.176283 7.176283 7.176283 7.176283 7.176283 7.176283 7.176283 7.176283 7.176283 7.176283 7.176283 7.176283 7.176283 7.176283 7.176283 7.176283 7.176283 7.176283 7.176283 7.176283 7.176283 7.176283 7.176283 7.176283 7.176283 7.176283 7.176283 7.176283 7.176283 7.176283 7.176283 7.176283 7.176283 7.176283 7.176283 7.176283 7.176283 7.176283 7.176283 7.176283 7.176283 7.176283 7.176283 7.176283 7.176283 7.176283 7.176283 7.176283 7.176283 7.176283 
7.176283 7.176283 7.176283 7.176283 7.176283 7.176283 7.176283 7.176283 7.176283 7.176283 7.176283 7.176283 7.176283 7.176283 7.176283 7.176283 7.176283 7.176283 7.176283 7.176283 7.176283 7.176283 7.176283 7.176283 7.176283 7.176283 7.176283 7.176283 7.176283 7.176283 7.176283 7.176283 7.176283 7.176283 7.176283 7.176283 7.176283 7.176283 7.176283 7.176283 7.176283 7.176283 7.176283 7.176283 7.176283 7.176283 7.176283 7.176283 7.176283 7.176283 7.176283 7.176283 7.176283 7.176283 7.176283 7.176283 7.176283 7.176283 7.176283 7.176283 7.176283 7.176283 7.176283 7.176283 
7.176283 7.176283 7.176283 7.176283 7.176283 7.176283 7.176283 7.176283 7.176283 7.176283 7.176283 7.176283 7.176283 7.176283 7.176283 7.176283 7.176283 7.176283 7.176283 7.176283 7.176283 7.176283 7.176283 7.176283 7.176283 7.176283 7.176283 7.176283 7.176283 7.176283 7.176283 7.176283 7.176283 7.176283 7.176283 7.176283 7.176283 7.176283 7.176283 7.176283 7.176283 7.176283 7.176283 7.176283 7.176283 7.176283 7.176283 7.176283 7.176283 7.176283 7.176283 7.176283 7.176283 7.176283 7.176283 7.176283 7.176283 7.176283 7.176283 7.176283 7.176283 7.176283 7.176283 7.176283 
7.176283 7.176283 7.176283 7.176283 7.176283 7.176283 7.176283 7.176283 7.176283 7.176283 7.176283 7.176283 7.176283 7.176283 7.176283 7.176283 7.176283 7.176283 7.176283 7.176283 7.176283 7.176283 7.176283 7.176283 7.176283 7.176283 7.176283 7.176283 7.176283 7.176283 7.176283 7.176283 7.176283 7.176283 7.176283 7.176283 7.176283 7.176283 7.176283 7.176283 7.176283 7.176283 7.176283 7.176283 7.176283 7.176283 7.176283 7.176283 7.176283 7.176283 7.176283 7.176283 7.176283 7.176283 7.176283 7.176283 7.176283 7.176283 7.176283 7.176283 7.176283 7.176283 7.176283 7.176283 
7.176283 7.176283 7.176283 7.176283 7.176283 7.176283 7.176283 7.176283 7.176283 7.176283 7.176283 7.176283 7.176283 7.176283 7.176283 7.176283 7.176283 7.176283 7.176283 7.176283 7.176283 7.176283 7.176283 7.176283 7.176283 7.176283 7.176283 7.176283 7.176283 7.176283 7.176283 7.176283 7.176283 7.176283 7.176283 7.176283 7.176283 7.176283 7.176283 7.176283 7.176283 7.176283 7.176283 7.176283 7.176283 7.176283 7.176283 7.176283 7.176283 7.176283 7.176283 7.176283 7.176283 7.176283 7.176283 7.176283 7.176283 7.176283 7.176283 7.176283 7.176283 7.176283 7.176283 7.176283 
7.176283 7.176283 7.176283 7.176283 7.176283 7.176283 7.176283 7.176283 7.176283 7.176283 7.176283 7.176283 7.176283 7.176283 7.176283 7.176283 7.176283 7.176283 7.176283 7.176283 7.176283 7.176283 7.176283 7.176283 7.176283 7.176283 7.176283 7.176283 7.176283 7.176283 7.176283 7.176283 7.176283 7.176283 7.176283 7.176283 7.176283 7.176283 7.176283 7.176283 7.176283 7.176283 7.176283 7.176283 7.176283 7.176283 7.176283 7.176283 7.176283 7.176283 7.176283 7.176283 7.176283 7.176283 7.176283 7.176283 7.176283 7.176283 7.176283 7.176283 7.176283 7.176283 7.176283 7.176283 
7.176283 7.176283 7.176283 7.176283 7.176283 7.176283 7.176283 7.176283 7.176283 7.176283 7.176283 7.176283 7.176283 7.176283 7.176283 7.176283 7.176283 7.176283 7.176283 7.176283 7.176283 7.176283 7.176283 7.176283 7.176283 7.176283 7.176283 7.176283 7.176283 7.176283 7.176283 7.176283 7.176283 7.176283 7.176283 7.176283 7.176283 7.176283 7.176283 7.176283 7.176283 7.176283 7.176283 7.176283 7.176283 7.176283 7.176283 7.176283 7.176283 7.176283 7.176283 7.176283 7.176283 7.176283 7.176283 7.176283 7.176283 7.176283 7.176283 7.176283 7.176283 7.176283 7.176283 7.176283 
7.176283 7.176283 7.176283 7.176283 7.176283 7.176283 7.176283 7.176283 7.176283 7.176283 7.176283 7.176283 7.176283 7.176283 7.176283 7.176283 7.176283 7.176283 7.176283 7.176283 7.176283 7.176283 7.176283 7.176283 7.176283 7.176283 7.176283 7.176283 7.176283 7.176283 7.176283 7.176283 7.176283 7.176283 7.176283 7.176283 7.176283 7.176283 7.176283 7.176283 7.176283 7.176283 7.176283 7.176283 7.176283 7.176283 7.176283 7.176283 7.176283 7.176283 7.176283 7.176283 7.176283 7.176283 7.176283 7.176283 7.176283 7.176283 7.176283 7.176283 7.176283 7.176283 7.176283 7.176283 
7.176283 7.176283 7.176283 7.176283 7.176283 7.176283 7.176283 7.176283 7.176283 7.176283 7.176283 7.176283 7.176283 7.176283 7.176283 7.176283 7.176283 7.176283 7.176283 7.176283 7.176283 7.176283 7.176283 7.176283 7.176283 7.176283 7.176283 7.176283 7.176283 7.176283 7.176283 7.176283 7.176283 7.176283 7.176283 7.176283 7.176283 7.176283 7.176283 7.176283 7.176283 7.176283 7.176283 7.176283 7.176283 7.176283 7.176283 7.176283 7.176283 7.176283 7.176283 7.176283 7.176283 7.176283 7.176283 7.176283 7.176283 7.176283 7.176283 7.176283 7.176283 7.176283 7.176283 7.176283 
7.176283 7.176283 7.176283 7.176283 7.176283 7.176283 7.176283 7.176283 7.176283 7.176283 7.176283 7.176283 7.176283 7.176283 7.176283 7.176283 7.176283 7.176283 7.176283 7.176283 7.176283 7.176283 7.176283 7.176283 7.176283 7.176283 7.176283 7.176283 7.176283 7.176283 7.176283 7.176283 7.176283 7.176283 7.176283 7.176283 7.176283 7.176283 7.176283 7.176283 7.176283 7.176283 7.176283 7.176283 7.176283 7.176283 7.176283 7.176283 7.176283 7.176283 7.176283 7.176283 7.176283 7.176283 7.176283 7.176283 7.176283 7.176283 7.176283 7.176283 7.176283 7.176283 7.176283 7.176283 
7.176283 7.176283 7.176283 7.176283 7.176283 7.176283 7.176283 7.176283 7.176283 7.176283 7.176283 7.176283 7.176283 7.176283 7.176283 7.176283 7.176283 7.176283 7.176283 7.176283 7.176283 7.176283 7.176283 7.176283 7.176283 7.176283 7.176283 7.176283 7.176283 7.176283 7.176283 7.176283 7.176283 7.176283 7.176283 7.176283 7.176283 7.176283 7.176283 7.176283 7.176283 7.176283 7.176283 7.176283 7.176283 7.176283 7.176283 7.176283 7.176283 7.176283 7.176283 7.176283 7.176283 7.176283 7.176283 7.176283 7.176283 7.176283 7.176283 7.176283 7.176283 7.176283 7.176283 7.176283 
