6.974594 6.974594 6.974594 6.974594 6.974594 6.974594 6.974594 6.974594 6.974594 6.974594 6.974594 6.974594 6.974594 6.974594 6.974594 6.974594 6.974594 6.974594 6.974594 6.974594 6.974594 6.974594 6.974594 6.974594 6.974594 6.974594 6.974594 6.974594 6.974594 6.974594 6.974594 6.974594 6.974594 6.974594 6.974594 6.974594 6.974594 6.974594 6.974594 6.974594 6.974594 6.974594 6.974594 6.974594 6.974594 6.974594 6.974594 6.974594 6.974594 6.974594 6.974594 6.974594 6.974594 6.974594 6.974594 6.974594 6.974594 6.974594 6.974594 6.974594 6.974594 6.974594 6.974594 6.974594 
6.974594 6.974594 6.974594 6.974594 6.974594 6.974594 6.974594 6.974594 6.974594 6.974594 6.974594 6.974594 6.974594 6.974594 6.974594 6.974594 6.974594 6.974594 6.974594 6.974594 6.974594 6.974594 6.974594 6.974594 6.974594 6.974594 6.974594 6.974594 6.974594 6.974594 6.974594 6.974594 6.974594 6.974594 6.974594 6.974594 6.974594 6.974594 6.974594 6.974594 6.974594 6.974594 6.974594 6.974594 6.974594 6.974594 6.974594 6.974594 6.974594 6.974594 6.974594 6.974594 6.974594 6.974594 6.974594 6.974594 6.974594 6.974594 6.974594 6.974594 6.974594 6.974594 6.974594 6.974594 
6.974594 6.974594 6.974594 6.974594 6.974594 6.974594 6.974594 6.974594 6.974594 6.974594 6.974594 6.974594 6.974594 6.974594 6.974594 6.974594 6.974594 6.974594 6.974594 6.974594 6.974594 6.974594 6.974594 6.974594 6.974594 6.974594 6.974594 6.974594 6.974594 6.974594 6.974594 6.974594 6.974594 6.974594 6.974594 6.974594 6.974594 6.974594 6.974594 6.974594 6.974594 6.974594 6.974594 6.974594 6.974594 6.974594 6.974594 6.974594 6.974594 6.974594 6.974594 6.974594 6.974594 6.974594 6.974594 6.974594 6.974594 6.974594 6.974594 6.974594 6.974594 6.974594 6.974594 6.974594 
6.974594 6.974594 6.974594 6.974594 6.974594 6.974594 6.974594 6.974594 6.974594 6.974594 6.974594 6.974594 6.974594 6.974594 6.974594 6.974594 6.974594 6.974594 6.974594 6.974594 6.974594 6.974594 6.974594 6.974594 6.974594 6.974594 6.974594 6.974594 6.974594 6.974594 6.974594 6.974594 6.974594 6.974594 6.974594 6.974594 6.974594 6.974594 6.974594 6.974594 6.974594 6.974594 6.974594 6.974594 6.974594 6.974594 6.974594 6.974594 6.974594 6.974594 6.974594 6.974594 6.974594 6.974594 6.974594 6.974594 6.974594 6.974594 6.974594 6.974594 6.974594 6.974594 6.974594 6.974594 
6.974594 6.974594 6.974594 6.974594 6.974594 6.974594 6.974594 6.974594 6.974594 6.974594 6.974594 6.974594 6.974594 6.974594 6.974594 6.974594 6.974594 6.974594 6.974594 6.974594 6.974594 6.974594 6.974594 6.974594 6.974594 6.974594 6.974594 6.974594 6.974594 6.974594 6.974594 6.974594 6.974594 6.974594 6.974594 6.974594 6.974594 6.974594 6.974594 6.974594 6.974594 6.974594 6.974594 6.974594 6.974594 6.974594 6.974594 6.974594 6.974594 6.974594 6.974594 6.974594 6.974594 6.974594 6.974594 6.974594 6.974594 6.974594 6.974594 6.974594 6.974594 6.974594 6.974594 6.974594 
6.974594 6.974594 6.974594 6.974594 6.974594 6.974594 6.974594 6.974594 6.974594 6.974594 6.974594 6.974594 6.974594 6.974594 6.974594 6.974594 6.974594 6.974594 6.974594 6.974594 6.974594 6.974594 6.974594 6.974594 6.974594 6.974594 6.974594 6.974594 6.974594 6.974594 6.974594 6.974594 6.974594 6.974594 6.974594 6.974594 6.974594 6.974594 6.974594 6.974594 6.974594 6.974594 6.974594 6.974594 6.974594 6.974594 6.974594 6.974594 6.974594 6.974594 6.974594 6.974594 6.974594 6.974594 6.974594 6.974594 6.974594 6.974594 6.974594 6.974594 6.974594 6.974594 6.974594 6.974594 
6.974594 6.974594 6.974594 6.974594 6.974594 6.974594 6.974594 6.974594 6.974594 6.974594 6.974594 6.974594 6.974594 6.974594 6.974594 6.974594 6.974594 6.974594 6.974594 6.974594 6.974594 6.974594 6.974594 6.974594 6.974594 6.974594 6.974594 6.974594 6.974594 6.974594 6.974594 6.974594 6.974594 6.974594 6.974594 6.974594 6.974594 6.974594 6.974594 6.974594 6.974594 6.974594 6.974594 6.974594 6.974594 6.974594 6.974594 6.974594 6.974594 6.974594 6.974594 6.974594 6.974594 6.974594 6.974594 6.974594 6.974594 6.974594 6.974594 6.974594 6.974594 6.974594 6.974594 6.974594 
6.974594 6.974594 6.974594 6.974594 6.974594 6.974594 6.974594 6.974594 6.974594 6.974594 6.974594 6.974594 6.974594 6.974594 6.974594 6.974594 6.974594 6.974594 6.974594 6.974594 6.974594 6.974594 6.974594 6.974594 6.974594 6.974594 6.974594 6.974594 6.974594 6.974594 6.974594 6.974594 6.974594 6.974594 6.974594 6.974594 6.974594 6.974594 6.974594 6.974594 6.974594 6.974594 6.974594 6.974594 6.974594 6.974594 6.974594 6.974594 6.974594 6.974594 6.974594 6.974594 6.974594 6.974594 6.974594 6.974594 6.974594 6.974594 6.974594 6.974594 6.974594 6.974594 6.974594 6.974594 
6.974594 6.974594 6.974594 6.974594 6.974594 6.974594 6.974594 6.974594 6.974594 6.974594 6.974594 6.974594 6.974594 6.974594 6.974594 6.974594 6.974594 6.974594 6.974594 6.974594 6.974594 6.974594 6.974594 6.974594 6.974594 6.974594 6.974594 6.974594 6.974594 6.974594 6.974594 6.974594 6.974594 6.974594 6.974594 6.974594 6.974594 6.974594 6.974594 6.974594 6.974594 6.974594 6.974594 6.974594 6.974594 6.974594 6.974594 6.974594 6.974594 6.974594 6.974594 6.974594 6.974594 6.974594 6.974594 6.974594 6.974594 6.974594 6.974594 6.974594 6.974594 6.974594 6.974594 6.974594 
6.974594 6.974594 6.974594 6.974594 6.974594 6.974594 6.974594 6.974594 6.974594 6.974594 6.974594 6.974594 6.974594 6.974594 6.974594 6.974594 6.974594 6.974594 6.974594 6.974594 6.974594 6.974594 6.974594 6.974594 6.974594 6.974594 6.974594 6.974594 6.974594 6.974594 6.974594 6.974594 6.974594 6.974594 6.974594 6.974594 6.974594 6.974594 6.974594 6.974594 6.974594 6.974594 6.974594 6.974594 6.974594 6.974594 6.974594 6.974594 6.974594 6.974594 6.974594 6.974594 6.974594 6.974594 6.974594 6.974594 6.974594 6.974594 6.974594 6.974594 6.974594 6.974594 6.974594 6.974594 
6.974594 6.974594 6.974594 6.974594 6.974594 6.974594 6.974594 6.974594 6.974594 6.974594 6.974594 6.974594 6.974594 6.974594 6.974594 6.974594 6.974594 6.974594 6.974594 6.974594 6.974594 6.974594 6.974594 6.974594 6.974594 6.974594 6.974594 6.974594 6.974594 6.974594 6.974594 6.974594 6.974594 6.974594 6.974594 6.974594 6.974594 6.974594 6.974594 6.974594 6.974594 6.974594 6.974594 6.974594 6.974594 6.974594 6.974594 6.974594 6.974594 6.974594 6.974594 6.974594 6.974594 6.974594 6.974594 6.974594 6.974594 6.974594 6.974594 6.974594 6.974594 6.974594 6.974594 6.974594 
6.974594 6.974594 6.974594 6.974594 6.974594 6.974594 6.974594 6.974594 6.974594 6.974594 6.974594 6.974594 6.974594 6.974594 6.974594 6.974594 6.974594 6.974594 6.974594 6.974594 6.974594 6.974594 6.974594 6.974594 6.974594 6.974594 6.974594 6.974594 6.974594 6.974594 6.974594 6.974594 6.974594 6.974594 6.974594 6.974594 6.974594 6.974594 6.974594 6.974594 6.974594 6.974594 6.974594 6.974594 6.974594 6.974594 6.974594 6.974594 6.974594 6.974594 6.974594 6.974594 6.974594 6.974594 6.974594 6.974594 6.974594 6.974594 6.974594 6.974594 6.974594 6.974594 6.974594 6.974594 
6.974594 6.974594 6.974594 6.974594 6.974594 6.974594 6.974594 6.974594 6.974594 6.974594 6.974594 6.974594 6.974594 6.974594 6.974594 6.974594 6.974594 6.974594 6.974594 6.974594 6.974594 6.974594 6.974594 6.974594 6.974594 6.974594 6.974594 6.974594 6.974594 6.974594 6.974594 6.974594 6.974594 6.974594 6.974594 6.974594 6.974594 6.974594 6.974594 6.974594 6.974594 6.974594 6.974594 6.974594 6.974594 6.974594 6.974594 6.974594 6.974594 6.974594 6.974594 6.974594 6.974594 6.974594 6.974594 6.974594 6.974594 6.974594 6.974594 6.974594 6.974594 6.974594 6.974594 6.974594 
6.974594 6.974594 6.974594 6.974594 6.974594 6.974594 6.974594 6.974594 6.974594 6.974594 6.974594 6.974594 6.974594 6.974594 6.974594 6.974594 6.974594 6.974594 6.974594 6.974594 6.974594 6.974594 6.974594 6.974594 6.974594 6.974594 6.974594 6.974594 6.974594 6.974594 6.974594 6.974594 6.974594 6.974594 6.974594 6.974594 6.974594 6.974594 6.974594 6.974594 6.974594 6.974594 6.974594 6.974594 6.974594 6.974594 6.974594 6.974594 6.974594 6.974594 6.974594 6.974594 6.974594 6.974594 6.974594 6.974594 6.974594 6.974594 6.974594 6.974594 6.974594 6.974594 6.974594 6.974594 
6.974594 6.974594 6.974594 6.974594 6.974594 6.974594 6.974594 6.974594 6.974594 6.974594 6.974594 6.974594 6.974594 6.974594 6.974594 6.974594 6.974594 6.974594 6.974594 6.974594 6.974594 6.974594 6.974594 6.974594 6.974594 6.974594 6.974594 6.974594 6.974594 6.974594 6.974594 6.974594 6.974594 6.974594 6.974594 6.974594 6.974594 6.974594 6.974594 6.974594 6.974594 6.974594 6.974594 6.974594 6.974594 6.974594 6.974594 6.974594 6.974594 6.974594 6.974594 6.974594 6.974594 6.974594 6.974594 6.974594 6.974594 6.974594 6.974594 6.974594 6.974594 6.974594 6.974594 6.974594 
6.974594 6.974594 6.974594 6.974594 6.974594 6.974594 6.974594 6.974594 6.974594 6.974594 6.974594 6.974594 6.974594 6.974594 6.974594 6.974594 6.974594 6.974594 6.974594 6.974594 6.974594 6.974594 6.974594 6.974594 6.974594 6.974594 6.974594 6.974594 6.974594 6.974594 6.974594 6.974594 6.974594 6.974594 6.974594 6.974594 6.974594 6.974594 6.974594 6.974594 6.974594 6.974594 6.974594 6.974594 6.974594 6.974594 6.974594 6.974594 6.974594 6.974594 6.974594 6.974594 6.974594 6.974594 6.974594 6.974594 6.974594 6.974594 6.974594 6.974594 6.974594 6.974594 6.974594 6.974594 
6.974594 6.974594 6.974594 6.974594 6.974594 6.974594 6.974594 6.974594 6.974594 6.974594 6.974594 6.974594 6.974594 6.974594 6.974594 6.974594 6.974594 6.974594 6.974594 6.974594 6.974594 6.974594 6.974594 6.974594 6.974594 6.974594 6.974594 6.974594 6.974594 6.974594 6.974594 6.974594 6.974594 6.974594 6.974594 6.974594 6.974594 6.974594 6.974594 6.974594 6.974594 6.974594 6.974594 6.974594 6.974594 6.974594 6.974594 6.974594 6.974594 6.974594 6.974594 6.974594 6.974594 6.974594 6.974594 6.974594 6.974594 6.974594 6.974594 6.974594 6.974594 6.974594 6.974594 6.974594 
6.974594 6.974594 6.974594 6.974594 6.974594 6.974594 6.974594 6.974594 6.974594 6.974594 6.974594 6.974594 6.974594 6.974594 6.974594 6.974594 6.974594 6.974594 6.974594 6.974594 6.974594 6.974594 6.974594 6.974594 6.974594 6.974594 6.974594 6.974594 6.974594 6.974594 6.974594 6.974594 6.974594 6.974594 6.974594 6.974594 6.974594 6.974594 6.974594 6.974594 6.974594 6.974594 6.974594 6.974594 6.974594 6.974594 6.974594 6.974594 6.974594 6.974594 6.974594 6.974594 6.974594 6.974594 6.974594 6.974594 6.974594 6.974594 6.974594 6.974594 6.974594 6.974594 6.974594 6.974594 
6.974594 6.974594 6.974594 6.974594 6.974594 6.974594 6.974594 6.974594 6.974594 6.974594 6.974594 6.974594 6.974594 6.974594 6.974594 6.974594 6.974594 6.974594 6.974594 6.974594 6.974594 6.974594 6.974594 6.974594 6.974594 6.974594 6.974594 6.974594 6.974594 6.974594 6.974594 6.974594 6.974594 6.974594 6.974594 6.974594 6.974594 6.974594 6.974594 6.974594 6.974594 6.974594 6.974594 6.974594 6.974594 6.974594 6.974594 6.974594 6.974594 6.974594 6.974594 6.974594 6.974594 6.974594 6.974594 6.974594 6.974594 6.974594 6.974594 6.974594 6.974594 6.974594 6.974594 6.974594 
6.974594 6.974594 6.974594 6.974594 6.974594 6.974594 6.974594 6.974594 6.974594 6.974594 6.974594 6.974594 6.974594 6.974594 6.974594 6.974594 6.974594 6.974594 6.974594 6.974594 6.974594 6.974594 6.974594 6.974594 6.974594 6.974594 6.974594 6.974594 6.974594 6.974594 6.974594 6.974594 6.974594 6.974594 6.974594 6.974594 6.974594 6.974594 6.974594 6.974594 6.974594 6.974594 6.974594 6.974594 6.974594 6.974594 6.974594 6.974594 6.974594 6.974594 6.974594 6.974594 6.974594 6.974594 6.974594 6.974594 6.974594 6.974594 6.974594 6.974594 6.974594 6.974594 6.974594 6.974594 
6.974594 6.974594 6.974594 6.974594 6.974594 6.974594 6.974594 6.974594 6.974594 6.974594 6.974594 6.974594 6.974594 6.974594 6.974594 6.974594 6.974594 6.974594 6.974594 6.974594 6.974594 6.974594 6.974594 6.974594 6.974594 6.974594 6.974594 6.974594 6.974594 6.974594 6.974594 6.974594 6.974594 6.974594 6.974594 6.974594 6.974594 6.974594 6.974594 6.974594 6.974594 6.974594 6.974594 6.974594 6.974594 6.974594 6.974594 6.974594 6.974594 6.974594 6.974594 6.974594 6.974594 6.974594 6.974594 6.974594 6.974594 6.974594 6.974594 6.974594 6.974594 6.974594 6.974594 6.974594 
6.974594 6.974594 6.974594 6.974594 6.974594 6.974594 6.974594 6.974594 6.974594 6.974594 6.974594 6.974594 6.974594 6.974594 6.974594 6.974594 6.974594 6.974594 6.974594 6.974594 6.974594 6.974594 6.974594 6.974594 6.974594 6.974594 6.974594 6.974594 6.974594 6.974594 6.974594 6.974594 6.974594 6.974594 6.974594 6.974594 6.974594 6.974594 6.974594 6.974594 6.974594 6.974594 6.974594 6.974594 6.974594 6.974594 6.974594 6.974594 6.974594 6.974594 6.974594 6.974594 6.974594 6.974594 6.974594 6.974594 6.974594 6.974594 6.974594 6.974594 6.974594 6.974594 6.974594 6.974594 
6.974594 6.974594 6.974594 6.974594 6.974594 6.974594 6.974594 6.974594 6.974594 6.974594 6.974594 6.974594 6.974594 6.974594 6.974594 6.974594 6.974594 6.974594 6.974594 6.974594 6.974594 6.974594 6.974594 6.974594 6.974594 6.974594 6.974594 6.974594 6.974594 6.974594 6.974594 6.974594 6.974594 6.974594 6.974594 6.974594 6.974594 6.974594 6.974594 6.974594 6.974594 6.974594 6.974594 6.974594 6.974594 6.974594 6.974594 6.974594 6.974594 6.974594 6.974594 6.974594 6.974594 6.974594 6.974594 6.974594 6.974594 6.974594 6.974594 6.974594 6.974594 6.974594 6.974594 6.974594 
6.974594 6.974594 6.974594 6.974594 6.974594 6.974594 6.974594 6.974594 6.974594 6.974594 6.974594 6.974594 6.974594 6.974594 6.974594 6.974594 6.974594 6.974594 6.974594 6.974594 6.974594 6.974594 6.974594 6.974594 6.974594 6.974594 6.974594 6.974594 6.974594 6.974594 6.974594 6.974594 6.974594 6.974594 6.974594 6.974594 6.974594 6.974594 6.974594 6.974594 6.974594 6.974594 6.974594 6.974594 6.974594 6.974594 6.974594 6.974594 6.974594 6.974594 6.974594 6.974594 6.974594 6.974594 6.974594 6.974594 6.974594 6.974594 6.974594 6.974594 6.974594 6.974594 6.974594 6.974594 
6.974594 6.974594 6.974594 6.974594 6.974594 6.974594 6.974594 6.974594 6.974594 6.974594 6.974594 6.974594 6.974594 6.974594 6.974594 6.974594 6.974594 6.974594 6.974594 6.974594 6.974594 6.974594 6.974594 6.974594 6.974594 6.974594 6.974594 6.974594 6.974594 6.974594 6.974594 6.974594 6.974594 6.974594 6.974594 6.974594 6.974594 6.974594 6.974594 6.974594 6.974594 6.974594 6.974594 6.974594 6.974594 6.974594 6.974594 6.974594 6.974594 6.974594 6.974594 6.974594 6.974594 6.974594 6.974594 6.974594 6.974594 6.974594 6.974594 6.974594 6.974594 6.974594 6.974594 6.974594 
6.974594 6.974594 6.974594 6.974594 6.974594 6.974594 6.974594 6.974594 6.974594 6.974594 6.974594 6.974594 6.974594 6.974594 6.974594 6.974594 6.974594 6.974594 6.974594 6.974594 6.974594 6.974594 6.974594 6.974594 6.974594 6.974594 6.974594 6.974594 6.974594 6.974594 6.974594 6.974594 6.974594 6.974594 6.974594 6.974594 6.974594 6.974594 6.974594 6.974594 6.974594 6.974594 6.974594 6.974594 6.974594 6.974594 6.974594 6.974594 6.974594 6.974594 6.974594 6.974594 6.974594 6.974594 6.974594 6.974594 6.974594 6.974594 6.974594 6.974594 6.974594 6.974594 6.974594 6.974594 
6.974594 6.974594 6.974594 6.974594 6.974594 6.974594 6.974594 6.974594 6.974594 6.974594 6.974594 6.974594 6.974594 6.974594 6.974594 6.974594 6.974594 6.974594 6.974594 6.974594 6.974594 6.974594 6.974594 6.974594 6.974594 6.974594 6.974594 6.974594 6.974594 6.974594 6.974594 6.974594 6.974594 6.974594 6.974594 6.974594 6.974594 6.974594 6.974594 6.974594 6.974594 6.974594 6.974594 6.974594 6.974594 6.974594 6.974594 6.974594 6.974594 6.974594 6.974594 6.974594 6.974594 6.974594 6.974594 6.974594 6.974594 6.974594 6.974594 6.974594 6.974594 6.974594 6.974594 6.974594 
6.974594 6.974594 6.974594 6.974594 6.974594 6.974594 6.974594 6.974594 6.974594 6.974594 6.974594 6.974594 6.974594 6.974594 6.974594 6.974594 6.974594 6.974594 6.974594 6.974594 6.974594 6.974594 6.974594 6.974594 6.974594 6.974594 6.974594 6.974594 6.974594 6.974594 6.974594 6.974594 6.974594 6.974594 6.974594 6.974594 6.974594 6.974594 6.974594 6.974594 6.974594 6.974594 6.974594 6.974594 6.974594 6.974594 6.974594 6.974594 6.974594 6.974594 6.974594 6.974594 6.974594 6.974594 6.974594 6.974594 6.974594 6.974594 6.974594 6.974594 6.974594 6.974594 6.974594 6.974594 
6.974594 6.974594 6.974594 6.974594 6.974594 6.974594 6.974594 6.974594 6.974594 6.974594 6.974594 6.974594 6.974594 6.974594 6.974594 6.974594 6.974594 6.974594 6.974594 6.974594 6.974594 6.974594 6.974594 6.974594 6.974594 6.974594 6.974594 6.974594 6.974594 6.974594 6.974594 6.974594 6.974594 6.974594 6.974594 6.974594 6.974594 6.974594 6.974594 6.974594 6.974594 6.974594 6.974594 6.974594 6.974594 6.974594 6.974594 6.974594 6.974594 6.974594 6.974594 6.974594 6.974594 6.974594 6.974594 6.974594 6.974594 6.974594 6.974594 6.974594 6.974594 6.974594 6.974594 6.974594 
6.974594 6.974594 6.974594 6.974594 6.974594 6.974594 6.974594 6.974594 6.974594 6.974594 6.974594 6.974594 6.974594 6.974594 6.974594 6.974594 6.974594 6.974594 6.974594 6.974594 6.974594 6.974594 6.974594 6.974594 6.974594 6.974594 6.974594 6.974594 6.974594 6.974594 6.974594 6.974594 6.974594 6.974594 6.974594 6.974594 6.974594 6.974594 6.974594 6.974594 6.974594 6.974594 6.974594 6.974594 6.974594 6.974594 6.974594 6.974594 6.974594 6.974594 6.974594 6.974594 6.974594 6.974594 6.974594 6.974594 6.974594 6.974594 6.974594 6.974594 6.974594 6.974594 6.974594 6.974594 
6.974594 6.974594 6.974594 6.974594 6.974594 6.974594 6.974594 6.974594 6.974594 6.974594 6.974594 6.974594 6.974594 6.974594 6.974594 6.974594 6.974594 6.974594 6.974594 6.974594 6.974594 6.974594 6.974594 6.974594 6.974594 6.974594 6.974594 6.974594 6.974594 6.974594 6.974594 6.974594 6.974594 6.974594 6.974594 6.974594 6.974594 6.974594 6.974594 6.974594 6.974594 6.974594 6.974594 6.974594 6.974594 6.974594 6.974594 6.974594 6.974594 6.974594 6.974594 6.974594 6.974594 6.974594 6.974594 6.974594 6.974594 6.974594 6.974594 6.974594 6.974594 6.974594 6.974594 6.974594 
6.974594 6.974594 6.974594 6.974594 6.974594 6.974594 6.974594 6.974594 6.974594 6.974594 6.974594 6.974594 6.974594 6.974594 6.974594 6.974594 6.974594 6.974594 6.974594 6.974594 6.974594 6.974594 6.974594 6.974594 6.974594 6.974594 6.974594 6.974594 6.974594 6.974594 6.974594 6.974594 6.974594 6.974594 6.974594 6.974594 6.974594 6.974594 6.974594 6.974594 6.974594 6.974594 6.974594 6.974594 6.974594 6.974594 6.974594 6.974594 6.974594 6.974594 6.974594 6.974594 6.974594 6.974594 6.974594 6.974594 6.974594 6.974594 6.974594 6.974594 6.974594 6.974594 6.974594 6.974594 
6.974594 6.974594 6.974594 6.974594 6.974594 6.974594 6.974594 6.974594 6.974594 6.974594 6.974594 6.974594 6.974594 6.974594 6.974594 6.974594 6.974594 6.974594 6.974594 6.974594 6.974594 6.974594 6.974594 6.974594 6.974594 6.974594 6.974594 6.974594 6.974594 6.974594 6.974594 6.974594 6.974594 6.974594 6.974594 6.974594 6.974594 6.974594 6.974594 6.974594 6.974594 6.974594 6.974594 6.974594 6.974594 6.974594 6.974594 6.974594 6.974594 6.974594 6.974594 6.974594 6.974594 6.974594 6.974594 6.974594 6.974594 6.974594 6.974594 6.974594 6.974594 6.974594 6.974594 6.974594 
6.974594 6.974594 6.974594 6.974594 6.974594 6.974594 6.974594 6.974594 6.974594 6.974594 6.974594 6.974594 6.974594 6.974594 6.974594 6.974594 6.974594 6.974594 6.974594 6.974594 6.974594 6.974594 6.974594 6.974594 6.974594 6.974594 6.974594 6.974594 6.974594 6.974594 6.974594 6.974594 6.974594 6.974594 6.974594 6.974594 6.974594 6.974594 6.974594 6.974594 6.974594 6.974594 6.974594 6.974594 6.974594 6.974594 6.974594 6.974594 6.974594 6.974594 6.974594 6.974594 6.974594 6.974594 6.974594 6.974594 6.974594 6.974594 6.974594 6.974594 6.974594 6.974594 6.974594 6.974594 
6.974594 6.974594 6.974594 6.974594 6.974594 6.974594 6.974594 6.974594 6.974594 6.974594 6.974594 6.974594 6.974594 6.974594 6.974594 6.974594 6.974594 6.974594 6.974594 6.974594 6.974594 6.974594 6.974594 6.974594 6.974594 6.974594 6.974594 6.974594 6.974594 6.974594 6.974594 6.974594 6.974594 6.974594 6.974594 6.974594 6.974594 6.974594 6.974594 6.974594 6.974594 6.974594 6.974594 6.974594 6.974594 6.974594 6.974594 6.974594 6.974594 6.974594 6.974594 6.974594 6.974594 6.974594 6.974594 6.974594 6.974594 6.974594 6.974594 6.974594 6.974594 6.974594 6.974594 6.974594 
6.974594 6.974594 6.974594 6.974594 6.974594 6.974594 6.974594 6.974594 6.974594 6.974594 6.974594 6.974594 6.974594 6.974594 6.974594 6.974594 6.974594 6.974594 6.974594 6.974594 6.974594 6.974594 6.974594 6.974594 6.974594 6.974594 6.974594 6.974594 6.974594 6.974594 6.974594 6.974594 6.974594 6.974594 6.974594 6.974594 6.974594 6.974594 6.974594 6.974594 6.974594 6.974594 6.974594 6.974594 6.974594 6.974594 6.974594 6.974594 6.974594 6.974594 6.974594 6.974594 6.974594 6.974594 6.974594 6.974594 6.974594 6.974594 6.974594 6.974594 6.974594 6.974594 6.974594 6.974594 
6.974594 6.974594 6.974594 6.974594 6.974594 6.974594 6.974594 6.974594 6.974594 6.974594 6.974594 6.974594 6.974594 6.974594 6.974594 6.974594 6.974594 6.974594 6.974594 6.974594 6.974594 6.974594 6.974594 6.974594 6.974594 6.974594 6.974594 6.974594 6.974594 6.974594 6.974594 6.974594 6.974594 6.974594 6.974594 6.974594 6.974594 6.974594 6.974594 6.974594 6.974594 6.974594 6.974594 6.974594 6.974594 6.974594 6.974594 6.974594 6.974594 6.974594 6.974594 6.974594 6.974594 6.974594 6.974594 6.974594 6.974594 6.974594 6.974594 6.974594 6.974594 6.974594 6.974594 6.974594 
6.974594 6.974594 6.974594 6.974594 6.974594 6.974594 6.974594 6.974594 6.974594 6.974594 6.974594 6.974594 6.974594 6.974594 6.974594 6.974594 6.974594 6.974594 6.974594 6.974594 6.974594 6.974594 6.974594 6.974594 6.974594 6.974594 6.974594 6.974594 6.974594 6.974594 6.974594 6.974594 6.974594 6.974594 6.974594 6.974594 6.974594 6.974594 6.974594 6.974594 6.974594 6.974594 6.974594 6.974594 6.974594 6.974594 6.974594 6.974594 6.974594 6.974594 6.974594 6.974594 6.974594 6.974594 6.974594 6.974594 6.974594 6.974594 6.974594 6.974594 6.974594 6.974594 6.974594 6.974594 
6.974594 6.974594 6.974594 6.974594 6.974594 6.974594 6.974594 6.974594 6.974594 6.974594 6.974594 6.974594 6.974594 6.974594 6.974594 6.974594 6.974594 6.974594 6.974594 6.974594 6.974594 6.974594 6.974594 6.974594 6.974594 6.974594 6.974594 6.974594 6.974594 6.974594 6.974594 6.974594 6.974594 6.974594 6.974594 6.974594 6.974594 6.974594 6.974594 6.974594 6.974594 6.974594 6.974594 6.974594 6.974594 6.974594 6.974594 6.974594 6.974594 6.974594 6.974594 6.974594 6.974594 6.974594 6.974594 6.974594 6.974594 6.974594 6.974594 6.974594 6.974594 6.974594 6.974594 6.974594 
6.974594 6.974594 6.974594 6.974594 6.974594 6.974594 6.974594 6.974594 6.974594 6.974594 6.974594 6.974594 6.974594 6.974594 6.974594 6.974594 6.974594 6.974594 6.974594 6.974594 6.974594 6.974594 6.974594 6.974594 6.974594 6.974594 6.974594 6.974594 6.974594 6.974594 6.974594 6.974594 6.974594 6.974594 6.974594 6.974594 6.974594 6.974594 6.974594 6.974594 6.974594 6.974594 6.974594 6.974594 6.974594 6.974594 6.974594 6.974594 6.974594 6.974594 6.974594 6.974594 6.974594 6.974594 6.974594 6.974594 6.974594 6.974594 6.974594 6.974594 6.974594 6.974594 6.974594 6.974594 
6.974594 6.974594 6.974594 6.974594 6.974594 6.974594 6.974594 6.974594 6.974594 6.974594 6.974594 6.974594 6.974594 6.974594 6.974594 6.974594 6.974594 6.974594 6.974594 6.974594 6.974594 6.974594 6.974594 6.974594 6.974594 6.974594 6.974594 6.974594 6.974594 6.974594 6.974594 6.974594 6.974594 6.974594 6.974594 6.974594 6.974594 6.974594 6.974594 6.974594 6.974594 6.974594 6.974594 6.974594 6.974594 6.974594 6.974594 6.974594 6.974594 6.974594 6.974594 6.974594 6.974594 6.974594 6.974594 6.974594 6.974594 6.974594 6.974594 6.974594 6.974594 6.974594 6.974594 6.974594 
6.974594 6.974594 6.974594 6.974594 6.974594 6.974594 6.974594 6.974594 6.974594 6.974594 6.974594 6.974594 6.974594 6.974594 6.974594 6.974594 6.974594 6.974594 6.974594 6.974594 6.974594 6.974594 6.974594 6.974594 6.974594 6.974594 6.974594 6.974594 6.974594 6.974594 6.974594 6.974594 6.974594 6.974594 6.974594 6.974594 6.974594 6.974594 6.974594 6.974594 6.974594 6.974594 6.974594 6.974594 6.974594 6.974594 6.974594 6.974594 6.974594 6.974594 6.974594 6.974594 6.974594 6.974594 6.974594 6.974594 6.974594 6.974594 6.974594 6.974594 6.974594 6.974594 6.974594 6.974594 
6.974594 6.974594 6.974594 6.974594 6.974594 6.974594 6.974594 6.974594 6.974594 6.974594 6.974594 6.974594 6.974594 6.974594 6.974594 6.974594 6.974594 6.974594 6.974594 6.974594 6.974594 6.974594 6.974594 6.974594 6.974594 6.974594 6.974594 6.974594 6.974594 6.974594 6.974594 6.974594 6.974594 6.974594 6.974594 6.974594 6.974594 6.974594 6.974594 6.974594 6.974594 6.974594 6.974594 6.974594 6.974594 6.974594 6.974594 6.974594 6.974594 6.974594 6.974594 6.974594 6.974594 6.974594 6.974594 6.974594 6.974594 6.974594 6.974594 6.974594 6.974594 6.974594 6.974594 6.974594 
6.974594 6.974594 6.974594 6.974594 6.974594 6.974594 6.974594 6.974594 6.974594 6.974594 6.974594 6.974594 6.974594 6.974594 6.974594 6.974594 6.974594 6.974594 6.974594 6.974594 6.974594 6.974594 6.974594 6.974594 6.974594 6.974594 6.974594 6.974594 6.974594 6.974594 6.974594 6.974594 6.974594 6.974594 6.974594 6.974594 6.974594 6.974594 6.974594 6.974594 6.974594 6.974594 6.974594 6.974594 6.974594 6.974594 6.974594 6.974594 6.974594 6.974594 6.974594 6.974594 6.974594 6.974594 6.974594 6.974594 6.974594 6.974594 6.974594 6.974594 6.974594 6.974594 6.974594 6.974594 
6.974594 6.974594 6.974594 6.974594 6.974594 6.974594 6.974594 6.974594 6.974594 6.974594 6.974594 6.974594 6.974594 6.974594 6.974594 6.974594 6.974594 6.974594 6.974594 6.974594 6.974594 6.974594 6.974594 6.974594 6.974594 6.974594 6.974594 6.974594 6.974594 6.974594 6.974594 6.974594 6.974594 6.974594 6.974594 6.974594 6.974594 6.974594 6.974594 6.974594 6.974594 6.974594 6.974594 6.974594 6.974594 6.974594 6.974594 6.974594 6.974594 6.974594 6.974594 6.974594 6.974594 6.974594 6.974594 6.974594 6.974594 6.974594 6.974594 6.974594 6.974594 6.974594 6.974594 6.974594 
6.974594 6.974594 6.974594 6.974594 6.974594 6.974594 6.974594 6.974594 6.974594 6.974594 6.974594 6.974594 6.974594 6.974594 6.974594 6.974594 6.974594 6.974594 6.974594 6.974594 6.974594 6.974594 6.974594 6.974594 6.974594 6.974594 6.974594 6.974594 6.974594 6.974594 6.974594 6.974594 6.974594 6.974594 6.974594 6.974594 6.974594 6.974594 6.974594 6.974594 6.974594 6.974594 6.974594 6.974594 6.974594 6.974594 6.974594 6.974594 6.974594 6.974594 6.974594 6.974594 6.974594 6.974594 6.974594 6.974594 6.974594 6.974594 6.974594 6.974594 6.974594 6.974594 6.974594 6.974594 
6.974594 6.974594 6.974594 6.974594 6.974594 6.974594 6.974594 6.974594 6.974594 6.974594 6.974594 6.974594 6.974594 6.974594 6.974594 6.974594 6.974594 6.974594 6.974594 6.974594 6.974594 6.974594 6.974594 6.974594 6.974594 6.974594 6.974594 6.974594 6.974594 6.974594 6.974594 6.974594 6.974594 6.974594 6.974594 6.974594 6.974594 6.974594 6.974594 6.974594 6.974594 6.974594 6.974594 6.974594 6.974594 6.974594 6.974594 6.974594 6.974594 6.974594 6.974594 6.974594 6.974594 6.974594 6.974594 6.974594 6.974594 6.974594 6.974594 6.974594 6.974594 6.974594 6.974594 6.974594 
6.974594 6.974594 6.974594 6.974594 6.974594 6.974594 6.974594 6.974594 6.974594 6.974594 6.974594 6.974594 6.974594 6.974594 6.974594 6.974594 6.974594 6.974594 6.974594 6.974594 6.974594 6.974594 6.974594 6.974594 6.974594 6.974594 6.974594 6.974594 6.974594 6.974594 6.974594 6.974594 6.974594 6.974594 6.974594 6.974594 6.974594 6.974594 6.974594 6.974594 6.974594 6.974594 6.974594 6.974594 6.974594 6.974594 6.974594 6.974594 6.974594 6.974594 6.974594 6.974594 6.974594 6.974594 6.974594 6.974594 6.974594 6.974594 6.974594 6.974594 6.974594 6.974594 6.974594 6.974594 
6.974594 6.974594 6.974594 6.974594 6.974594 6.974594 6.974594 6.974594 6.974594 6.974594 6.974594 6.974594 6.974594 6.974594 6.974594 6.974594 6.974594 6.974594 6.974594 6.974594 6.974594 6.974594 6.974594 6.974594 6.974594 6.974594 6.974594 6.974594 6.974594 6.974594 6.974594 6.974594 6.974594 6.974594 6.974594 6.974594 6.974594 6.974594 6.974594 6.974594 6.974594 6.974594 6.974594 6.974594 6.974594 6.974594 6.974594 6.974594 6.974594 6.974594 6.974594 6.974594 6.974594 6.974594 6.974594 6.974594 6.974594 6.974594 6.974594 6.974594 6.974594 6.974594 6.974594 6.974594 
6.974594 6.974594 6.974594 6.974594 6.974594 6.974594 6.974594 6.974594 6.974594 6.974594 6.974594 6.974594 6.974594 6.974594 6.974594 6.974594 6.974594 6.974594 6.974594 6.974594 6.974594 6.974594 6.974594 6.974594 6.974594 6.974594 6.974594 6.974594 6.974594 6.974594 6.974594 6.974594 6.974594 6.974594 6.974594 6.974594 6.974594 6.974594 6.974594 6.974594 6.974594 6.974594 6.974594 6.974594 6.974594 6.974594 6.974594 6.974594 6.974594 6.974594 6.974594 6.974594 6.974594 6.974594 6.974594 6.974594 6.974594 6.974594 6.974594 6.974594 6.974594 6.974594 6.974594 6.974594 
6.974594 6.974594 6.974594 6.974594 6.974594 6.974594 6.974594 6.974594 6.974594 6.974594 6.974594 6.974594 6.974594 6.974594 6.974594 6.974594 6.974594 6.974594 6.974594 6.974594 6.974594 6.974594 6.974594 6.974594 6.974594 6.974594 6.974594 6.974594 6.974594 6.974594 6.974594 6.974594 6.974594 6.974594 6.974594 6.974594 6.974594 6.974594 6.974594 6.974594 6.974594 6.974594 6.974594 6.974594 6.974594 6.974594 6.974594 6.974594 6.974594 6.974594 6.974594 6.974594 6.974594 6.974594 6.974594 6.974594 6.974594 6.974594 6.974594 6.974594 6.974594 6.974594 6.974594 6.974594 
6.974594 6.974594 6.974594 6.974594 6.974594 6.974594 6.974594 6.974594 6.974594 6.974594 6.974594 6.974594 6.974594 6.974594 6.974594 6.974594 6.974594 6.974594 6.974594 6.974594 6.974594 6.974594 6.974594 6.974594 6.974594 6.974594 6.974594 6.974594 6.974594 6.974594 6.974594 6.974594 6.974594 6.974594 6.974594 6.974594 6.974594 6.974594 6.974594 6.974594 6.974594 6.974594 6.974594 6.974594 6.974594 6.974594 6.974594 6.974594 6.974594 6.974594 6.974594 6.974594 6.974594 6.974594 6.974594 6.974594 6.974594 6.974594 6.974594 6.974594 6.974594 6.974594 6.974594 6.974594 
6.974594 6.974594 6.974594 6.974594 6.974594 6.974594 6.974594 6.974594 6.974594 6.974594 6.974594 6.974594 6.974594 6.974594 6.974594 6.974594 6.974594 6.974594 6.974594 6.974594 6.974594 6.974594 6.974594 6.974594 6.974594 6.974594 6.974594 6.974594 6.974594 6.974594 6.974594 6.974594 6.974594 6.974594 6.974594 6.974594 6.974594 6.974594 6.974594 6.974594 6.974594 6.974594 6.974594 6.974594 6.974594 6.974594 6.974594 6.974594 6.974594 6.974594 6.974594 6.974594 6.974594 6.974594 6.974594 6.974594 6.974594 6.974594 6.974594 6.974594 6.974594 6.974594 6.974594 6.974594 
6.974594 6.974594 6.974594 6.974594 6.974594 6.974594 6.974594 6.974594 6.974594 6.974594 6.974594 6.974594 6.974594 6.974594 6.974594 6.974594 6.974594 6.974594 6.974594 6.974594 6.974594 6.974594 6.974594 6.974594 6.974594 6.974594 6.974594 6.974594 6.974594 6.974594 6.974594 6.974594 6.974594 6.974594 6.974594 6.974594 6.974594 6.974594 6.974594 6.974594 6.974594 6.974594 6.974594 6.974594 6.974594 6.974594 6.974594 6.974594 6.974594 6.974594 6.974594 6.974594 6.974594 6.974594 6.974594 6.974594 6.974594 6.974594 6.974594 6.974594 6.974594 6.974594 6.974594 6.974594 
6.974594 6.974594 6.974594 6.974594 6.974594 6.974594 6.974594 6.974594 6.974594 6.974594 6.974594 6.974594 6.974594 6.974594 6.974594 6.974594 6.974594 6.974594 6.974594 6.974594 6.974594 6.974594 6.974594 6.974594 6.974594 6.974594 6.974594 6.974594 6.974594 6.974594 6.974594 6.974594 6.974594 6.974594 6.974594 6.974594 6.974594 6.974594 6.974594 6.974594 6.974594 6.974594 6.974594 6.974594 6.974594 6.974594 6.974594 6.974594 6.974594 6.974594 6.974594 6.974594 6.974594 6.974594 6.974594 6.974594 6.974594 6.974594 6.974594 6.974594 6.974594 6.974594 6.974594 6.974594 
6.974594 6.974594 6.974594 6.974594 6.974594 6.974594 6.974594 6.974594 6.974594 6.974594 6.974594 6.974594 6.974594 6.974594 6.974594 6.974594 6.974594 6.974594 6.974594 6.974594 6.974594 6.974594 6.974594 6.974594 6.974594 6.974594 6.974594 6.974594 6.974594 6.974594 6.974594 6.974594 6.974594 6.974594 6.974594 6.974594 6.974594 6.974594 6.974594 6.974594 6.974594 6.974594 6.974594 6.974594 6.974594 6.974594 6.974594 6.974594 6.974594 6.974594 6.974594 6.974594 6.974594 6.974594 6.974594 6.974594 6.974594 6.974594 6.974594 6.974594 6.974594 6.974594 6.974594 6.974594 
6.974594 6.974594 6.974594 6.974594 6.974594 6.974594 6.974594 6.974594 6.974594 6.974594 6.974594 6.974594 6.974594 6.974594 6.974594 6.974594 6.974594 6.974594 6.974594 6.974594 6.974594 6.974594 6.974594 6.974594 6.974594 6.974594 6.974594 6.974594 6.974594 6.974594 6.974594 6.974594 6.974594 6.974594 6.974594 6.974594 6.974594 6.974594 6.974594 6.974594 6.974594 6.974594 6.974594 6.974594 6.974594 6.974594 6.974594 6.974594 6.974594 6.974594 6.974594 6.974594 6.974594 6.974594 6.974594 6.974594 6.974594 6.974594 6.974594 6.974594 6.974594 6.974594 6.974594 6.974594 
6.974594 6.974594 6.974594 6.974594 6.974594 6.974594 6.974594 6.974594 6.974594 6.974594 6.974594 6.974594 6.974594 6.974594 6.974594 6.974594 6.974594 6.974594 6.974594 6.974594 6.974594 6.974594 6.974594 6.974594 6.974594 6.974594 6.974594 6.974594 6.974594 6.974594 6.974594 6.974594 6.974594 6.974594 6.974594 6.974594 6.974594 6.974594 6.974594 6.974594 6.974594 6.974594 6.974594 6.974594 6.974594 6.974594 6.974594 6.974594 6.974594 6.974594 6.974594 6.974594 6.974594 6.974594 6.974594 6.974594 6.974594 6.974594 6.974594 6.974594 6.974594 6.974594 6.974594 6.974594 
6.974594 6.974594 6.974594 6.974594 6.974594 6.974594 6.974594 6.974594 6.974594 6.974594 6.974594 6.974594 6.974594 6.974594 6.974594 6.974594 6.974594 6.974594 6.974594 6.974594 6.974594 6.974594 6.974594 6.974594 6.974594 6.974594 6.974594 6.974594 6.974594 6.974594 6.974594 6.974594 6.974594 6.974594 6.974594 6.974594 6.974594 6.974594 6.974594 6.974594 6.974594 6.974594 6.974594 6.974594 6.974594 6.974594 6.974594 6.974594 6.974594 6.974594 6.974594 6.974594 6.974594 6.974594 6.974594 6.974594 6.974594 6.974594 6.974594 6.974594 6.974594 6.974594 6.974594 6.974594 
6.974594 6.974594 6.974594 6.974594 6.974594 6.974594 6.974594 6.974594 6.974594 6.974594 6.974594 6.974594 6.974594 6.974594 6.974594 6.974594 6.974594 6.974594 6.974594 6.974594 6.974594 6.974594 6.974594 6.974594 6.974594 6.974594 6.974594 6.974594 6.974594 6.974594 6.974594 6.974594 6.974594 6.974594 6.974594 6.974594 6.974594 6.974594 6.974594 6.974594 6.974594 6.974594 6.974594 6.974594 6.974594 6.974594 6.974594 6.974594 6.974594 6.974594 6.974594 6.974594 6.974594 6.974594 6.974594 6.974594 6.974594 6.974594 6.974594 6.974594 6.974594 6.974594 6.974594 6.974594 
6.974594 6.974594 6.974594 6.974594 6.974594 6.974594 6.974594 6.974594 6.974594 6.974594 6.974594 6.974594 6.974594 6.974594 6.974594 6.974594 6.974594 6.974594 6.974594 6.974594 6.974594 6.974594 6.974594 6.974594 6.974594 6.974594 6.974594 6.974594 6.974594 6.974594 6.974594 6.974594 6.974594 6.974594 6.974594 6.974594 6.974594 6.974594 6.974594 6.974594 6.974594 6.974594 6.974594 6.974594 6.974594 6.974594 6.974594 6.974594 6.974594 6.974594 6.974594 6.974594 6.974594 6.974594 6.974594 6.974594 6.974594 6.974594 6.974594 6.974594 6.974594 6.974594 6.974594 6.974594 
6.974594 6.974594 6.974594 6.974594 6.974594 6.974594 6.974594 6.974594 6.974594 6.974594 6.974594 6.974594 6.974594 6.974594 6.974594 6.974594 6.974594 6.974594 6.974594 6.974594 6.974594 6.974594 6.974594 6.974594 6.974594 6.974594 6.974594 6.974594 6.974594 6.974594 6.974594 6.974594 6.974594 6.974594 6.974594 6.974594 6.974594 6.974594 6.974594 6.974594 6.974594 6.974594 6.974594 6.974594 6.974594 6.974594 6.974594 6.974594 6.974594 6.974594 6.974594 6.974594 6.974594 6.974594 6.974594 6.974594 6.974594 6.974594 6.974594 6.974594 6.974594 6.974594 6.974594 6.974594 
6.974594 6.974594 6.974594 6.974594 6.974594 6.974594 6.974594 6.974594 6.974594 6.974594 6.974594 6.974594 6.974594 6.974594 6.974594 6.974594 6.974594 6.974594 6.974594 6.974594 6.974594 6.974594 6.974594 6.974594 6.974594 6.974594 6.974594 6.974594 6.974594 6.974594 6.974594 6.974594 6.974594 6.974594 6.974594 6.974594 6.974594 6.974594 6.974594 6.974594 6.974594 6.974594 6.974594 6.974594 6.974594 6.974594 6.974594 6.974594 6.974594 6.974594 6.974594 6.974594 6.974594 6.974594 6.974594 6.974594 6.974594 6.974594 6.974594 6.974594 6.974594 6.974594 6.974594 6.974594 
6.974594 6.974594 6.974594 6.974594 6.974594 6.974594 6.974594 6.974594 6.974594 6.974594 6.974594 6.974594 6.974594 6.974594 6.974594 6.974594 6.974594 6.974594 6.974594 6.974594 6.974594 6.974594 6.974594 6.974594 6.974594 6.974594 6.974594 6.974594 6.974594 6.974594 6.974594 6.974594 6.974594 6.974594 6.974594 6.974594 6.974594 6.974594 6.974594 6.974594 6.974594 6.974594 6.974594 6.974594 6.974594 6.974594 6.974594 6.974594 6.974594 6.974594 6.974594 6.974594 6.974594 6.974594 6.974594 6.974594 6.974594 6.974594 6.974594 6.974594 6.974594 6.974594 6.974594 6.974594 
