6.772906 6.772906 6.772906 6.772906 6.772906 6.772906 6.772906 6.772906 6.772906 6.772906 6.772906 6.772906 6.772906 6.772906 6.772906 6.772906 6.772906 6.772906 6.772906 6.772906 6.772906 6.772906 6.772906 6.772906 6.772906 6.772906 6.772906 6.772906 6.772906 6.772906 6.772906 6.772906 6.772906 6.772906 6.772906 6.772906 6.772906 6.772906 6.772906 6.772906 6.772906 6.772906 6.772906 6.772906 6.772906 6.772906 6.772906 6.772906 6.772906 6.772906 6.772906 6.772906 6.772906 6.772906 6.772906 6.772906 6.772906 6.772906 6.772906 6.772906 6.772906 6.772906 6.772906 6.772906 
6.772906 6.772906 6.772906 6.772906 6.772906 6.772906 6.772906 6.772906 6.772906 6.772906 6.772906 6.772906 6.772906 6.772906 6.772906 6.772906 6.772906 6.772906 6.772906 6.772906 6.772906 6.772906 6.772906 6.772906 6.772906 6.772906 6.772906 6.772906 6.772906 6.772906 6.772906 6.772906 6.772906 6.772906 6.772906 6.772906 6.772906 6.772906 6.772906 6.772906 6.772906 6.772906 6.772906 6.772906 6.772906 6.772906 6.772906 6.772906 6.772906 6.772906 6.772906 6.772906 6.772906 6.772906 6.772906 6.772906 6.772906 6.772906 6.772906 6.772906 6.772906 6.772906 6.772906 6.772906 
6.772906 6.772906 6.772906 6.772906 6.772906 6.772906 6.772906 6.772906 6.772906 6.772906 6.772906 6.772906 6.772906 6.772906 6.772906 6.772906 6.772906 6.772906 6.772906 6.772906 6.772906 6.772906 6.772906 6.772906 6.772906 6.772906 6.772906 6.772906 6.772906 6.772906 6.772906 6.772906 6.772906 6.772906 6.772906 6.772906 6.772906 6.772906 6.772906 6.772906 6.772906 6.772906 6.772906 6.772906 6.772906 6.772906 6.772906 6.772906 6.772906 6.772906 6.772906 6.772906 6.772906 6.772906 6.772906 6.772906 6.772906 6.772906 6.772906 6.772906 6.772906 6.772906 6.772906 6.772906 
6.772906 6.772906 6.772906 6.772906 6.772906 6.772906 6.772906 6.772906 6.772906 6.772906 6.772906 6.772906 6.772906 6.772906 6.772906 6.772906 6.772906 6.772906 6.772906 6.772906 6.772906 6.772906 6.772906 6.772906 6.772906 6.772906 6.772906 6.772906 6.772906 6.772906 6.772906 6.772906 6.772906 6.772906 6.772906 6.772906 6.772906 6.772906 6.772906 6.772906 6.772906 6.772906 6.772906 6.772906 6.772906 6.772906 6.772906 6.772906 6.772906 6.772906 6.772906 6.772906 6.772906 6.772906 6.772906 6.772906 6.772906 6.772906 6.772906 6.772906 6.772906 6.772906 6.772906 6.772906 
6.772906 6.772906 6.772906 6.772906 6.772906 6.772906 6.772906 6.772906 6.772906 6.772906 6.772906 6.772906 6.772906 6.772906 6.772906 6.772906 6.772906 6.772906 6.772906 6.772906 6.772906 6.772906 6.772906 6.772906 6.772906 6.772906 6.772906 6.772906 6.772906 6.772906 6.772906 6.772906 6.772906 6.772906 6.772906 6.772906 6.772906 6.772906 6.772906 6.772906 6.772906 6.772906 6.772906 6.772906 6.772906 6.772906 6.772906 6.772906 6.772906 6.772906 6.772906 6.772906 6.772906 6.772906 6.772906 6.772906 6.772906 6.772906 6.772906 6.772906 6.772906 6.772906 6.772906 6.772906 
6.772906 6.772906 6.772906 6.772906 6.772906 6.772906 6.772906 6.772906 6.772906 6.772906 6.772906 6.772906 6.772906 6.772906 6.772906 6.772906 6.772906 6.772906 6.772906 6.772906 6.772906 6.772906 6.772906 6.772906 6.772906 6.772906 6.772906 6.772906 6.772906 6.772906 6.772906 6.772906 6.772906 6.772906 6.772906 6.772906 6.772906 6.772906 6.772906 6.772906 6.772906 6.772906 6.772906 6.772906 6.772906 6.772906 6.772906 6.772906 6.772906 6.772906 6.772906 6.772906 6.772906 6.772906 6.772906 6.772906 6.772906 6.772906 6.772906 6.772906 6.772906 6.772906 6.772906 6.772906 
6.772906 6.772906 6.772906 6.772906 6.772906 6.772906 6.772906 6.772906 6.772906 6.772906 6.772906 6.772906 6.772906 6.772906 6.772906 6.772906 6.772906 6.772906 6.772906 6.772906 6.772906 6.772906 6.772906 6.772906 6.772906 6.772906 6.772906 6.772906 6.772906 6.772906 6.772906 6.772906 6.772906 6.772906 6.772906 6.772906 6.772906 6.772906 6.772906 6.772906 6.772906 6.772906 6.772906 6.772906 6.772906 6.772906 6.772906 6.772906 6.772906 6.772906 6.772906 6.772906 6.772906 6.772906 6.772906 6.772906 6.772906 6.772906 6.772906 6.772906 6.772906 6.772906 6.772906 6.772906 
6.772906 6.772906 6.772906 6.772906 6.772906 6.772906 6.772906 6.772906 6.772906 6.772906 6.772906 6.772906 6.772906 6.772906 6.772906 6.772906 6.772906 6.772906 6.772906 6.772906 6.772906 6.772906 6.772906 6.772906 6.772906 6.772906 6.772906 6.772906 6.772906 6.772906 6.772906 6.772906 6.772906 6.772906 6.772906 6.772906 6.772906 6.772906 6.772906 6.772906 6.772906 6.772906 6.772906 6.772906 6.772906 6.772906 6.772906 6.772906 6.772906 6.772906 6.772906 6.772906 6.772906 6.772906 6.772906 6.772906 6.772906 6.772906 6.772906 6.772906 6.772906 6.772906 6.772906 6.772906 
6.772906 6.772906 6.772906 6.772906 6.772906 6.772906 6.772906 6.772906 6.772906 6.772906 6.772906 6.772906 6.772906 6.772906 6.772906 6.772906 6.772906 6.772906 6.772906 6.772906 6.772906 6.772906 6.772906 6.772906 6.772906 6.772906 6.772906 6.772906 6.772906 6.772906 6.772906 6.772906 6.772906 6.772906 6.772906 6.772906 6.772906 6.772906 6.772906 6.772906 6.772906 6.772906 6.772906 6.772906 6.772906 6.772906 6.772906 6.772906 6.772906 6.772906 6.772906 6.772906 6.772906 6.772906 6.772906 6.772906 6.772906 6.772906 6.772906 6.772906 6.772906 6.772906 6.772906 6.772906 
6.772906 6.772906 6.772906 6.772906 6.772906 6.772906 6.772906 6.772906 6.772906 6.772906 6.772906 6.772906 6.772906 6.772906 6.772906 6.772906 6.772906 6.772906 6.772906 6.772906 6.772906 6.772906 6.772906 6.772906 6.772906 6.772906 6.772906 6.772906 6.772906 6.772906 6.772906 6.772906 6.772906 6.772906 6.772906 6.772906 6.772906 6.772906 6.772906 6.772906 6.772906 6.772906 6.772906 6.772906 6.772906 6.772906 6.772906 6.772906 6.772906 6.772906 6.772906 6.772906 6.772906 6.772906 6.772906 6.772906 6.772906 6.772906 6.772906 6.772906 6.772906 6.772906 6.772906 6.772906 
6.772906 6.772906 6.772906 6.772906 6.772906 6.772906 6.772906 6.772906 6.772906 6.772906 6.772906 6.772906 6.772906 6.772906 6.772906 6.772906 6.772906 6.772906 6.772906 6.772906 6.772906 6.772906 6.772906 6.772906 6.772906 6.772906 6.772906 6.772906 6.772906 6.772906 6.772906 6.772906 6.772906 6.772906 6.772906 6.772906 6.772906 6.772906 6.772906 6.772906 6.772906 6.772906 6.772906 6.772906 6.772906 6.772906 6.772906 6.772906 6.772906 6.772906 6.772906 6.772906 6.772906 6.772906 6.772906 6.772906 6.772906 6.772906 6.772906 6.772906 6.772906 6.772906 6.772906 6.772906 
6.772906 6.772906 6.772906 6.772906 6.772906 6.772906 6.772906 6.772906 6.772906 6.772906 6.772906 6.772906 6.772906 6.772906 6.772906 6.772906 6.772906 6.772906 6.772906 6.772906 6.772906 6.772906 6.772906 6.772906 6.772906 6.772906 6.772906 6.772906 6.772906 6.772906 6.772906 6.772906 6.772906 6.772906 6.772906 6.772906 6.772906 6.772906 6.772906 6.772906 6.772906 6.772906 6.772906 6.772906 6.772906 6.772906 6.772906 6.772906 6.772906 6.772906 6.772906 6.772906 6.772906 6.772906 6.772906 6.772906 6.772906 6.772906 6.772906 6.772906 6.772906 6.772906 6.772906 6.772906 
6.772906 6.772906 6.772906 6.772906 6.772906 6.772906 6.772906 6.772906 6.772906 6.772906 6.772906 6.772906 6.772906 6.772906 6.772906 6.772906 6.772906 6.772906 6.772906 6.772906 6.772906 6.772906 6.772906 6.772906 6.772906 6.772906 6.772906 6.772906 6.772906 6.772906 6.772906 6.772906 6.772906 6.772906 6.772906 6.772906 6.772906 6.772906 6.772906 6.772906 6.772906 6.772906 6.772906 6.772906 6.772906 6.772906 6.772906 6.772906 6.772906 6.772906 6.772906 6.772906 6.772906 6.772906 6.772906 6.772906 6.772906 6.772906 6.772906 6.772906 6.772906 6.772906 6.772906 6.772906 
6.772906 6.772906 6.772906 6.772906 6.772906 6.772906 6.772906 6.772906 6.772906 6.772906 6.772906 6.772906 6.772906 6.772906 6.772906 6.772906 6.772906 6.772906 6.772906 6.772906 6.772906 6.772906 6.772906 6.772906 6.772906 6.772906 6.772906 6.772906 6.772906 6.772906 6.772906 6.772906 6.772906 6.772906 6.772906 6.772906 6.772906 6.772906 6.772906 6.772906 6.772906 6.772906 6.772906 6.772906 6.772906 6.772906 6.772906 6.772906 6.772906 6.772906 6.772906 6.772906 6.772906 6.772906 6.772906 6.772906 6.772906 6.772906 6.772906 6.772906 6.772906 6.772906 6.772906 6.772906 
6.772906 6.772906 6.772906 6.772906 6.772906 6.772906 6.772906 6.772906 6.772906 6.772906 6.772906 6.772906 6.772906 6.772906 6.772906 6.772906 6.772906 6.772906 6.772906 6.772906 6.772906 6.772906 6.772906 6.772906 6.772906 6.772906 6.772906 6.772906 6.772906 6.772906 6.772906 6.772906 6.772906 6.772906 6.772906 6.772906 6.772906 6.772906 6.772906 6.772906 6.772906 6.772906 6.772906 6.772906 6.772906 6.772906 6.772906 6.772906 6.772906 6.772906 6.772906 6.772906 6.772906 6.772906 6.772906 6.772906 6.772906 6.772906 6.772906 6.772906 6.772906 6.772906 6.772906 6.772906 
6.772906 6.772906 6.772906 6.772906 6.772906 6.772906 6.772906 6.772906 6.772906 6.772906 6.772906 6.772906 6.772906 6.772906 6.772906 6.772906 6.772906 6.772906 6.772906 6.772906 6.772906 6.772906 6.772906 6.772906 6.772906 6.772906 6.772906 6.772906 6.772906 6.772906 6.772906 6.772906 6.772906 6.772906 6.772906 6.772906 6.772906 6.772906 6.772906 6.772906 6.772906 6.772906 6.772906 6.772906 6.772906 6.772906 6.772906 6.772906 6.772906 6.772906 6.772906 6.772906 6.772906 6.772906 6.772906 6.772906 6.772906 6.772906 6.772906 6.772906 6.772906 6.772906 6.772906 6.772906 
6.772906 6.772906 6.772906 6.772906 6.772906 6.772906 6.772906 6.772906 6.772906 6.772906 6.772906 6.772906 6.772906 6.772906 6.772906 6.772906 6.772906 6.772906 6.772906 6.772906 6.772906 6.772906 6.772906 6.772906 6.772906 6.772906 6.772906 6.772906 6.772906 6.772906 6.772906 6.772906 6.772906 6.772906 6.772906 6.772906 6.772906 6.772906 6.772906 6.772906 6.772906 6.772906 6.772906 6.772906 6.772906 6.772906 6.772906 6.772906 6.772906 6.772906 6.772906 6.772906 6.772906 6.772906 6.772906 6.772906 6.772906 6.772906 6.772906 6.772906 6.772906 6.772906 6.772906 6.772906 
6.772906 6.772906 6.772906 6.772906 6.772906 6.772906 6.772906 6.772906 6.772906 6.772906 6.772906 6.772906 6.772906 6.772906 6.772906 6.772906 6.772906 6.772906 6.772906 6.772906 6.772906 6.772906 6.772906 6.772906 6.772906 6.772906 6.772906 6.772906 6.772906 6.772906 6.772906 6.772906 6.772906 6.772906 6.772906 6.772906 6.772906 6.772906 6.772906 6.772906 6.772906 6.772906 6.772906 6.772906 6.772906 6.772906 6.772906 6.772906 6.772906 6.772906 6.772906 6.772906 6.772906 6.772906 6.772906 6.772906 6.772906 6.772906 6.772906 6.772906 6.772906 6.772906 6.772906 6.772906 
6.772906 6.772906 6.772906 6.772906 6.772906 6.772906 6.772906 6.772906 6.772906 6.772906 6.772906 6.772906 6.772906 6.772906 6.772906 6.772906 6.772906 6.772906 6.772906 6.772906 6.772906 6.772906 6.772906 6.772906 6.772906 6.772906 6.772906 6.772906 6.772906 6.772906 6.772906 6.772906 6.772906 6.772906 6.772906 6.772906 6.772906 6.772906 6.772906 6.772906 6.772906 6.772906 6.772906 6.772906 6.772906 6.772906 6.772906 6.772906 6.772906 6.772906 6.772906 6.772906 6.772906 6.772906 6.772906 6.772906 6.772906 6.772906 6.772906 6.772906 6.772906 6.772906 6.772906 6.772906 
6.772906 6.772906 6.772906 6.772906 6.772906 6.772906 6.772906 6.772906 6.772906 6.772906 6.772906 6.772906 6.772906 6.772906 6.772906 6.772906 6.772906 6.772906 6.772906 6.772906 6.772906 6.772906 6.772906 6.772906 6.772906 6.772906 6.772906 6.772906 6.772906 6.772906 6.772906 6.772906 6.772906 6.772906 6.772906 6.772906 6.772906 6.772906 6.772906 6.772906 6.772906 6.772906 6.772906 6.772906 6.772906 6.772906 6.772906 6.772906 6.772906 6.772906 6.772906 6.772906 6.772906 6.772906 6.772906 6.772906 6.772906 6.772906 6.772906 6.772906 6.772906 6.772906 6.772906 6.772906 
6.772906 6.772906 6.772906 6.772906 6.772906 6.772906 6.772906 6.772906 6.772906 6.772906 6.772906 6.772906 6.772906 6.772906 6.772906 6.772906 6.772906 6.772906 6.772906 6.772906 6.772906 6.772906 6.772906 6.772906 6.772906 6.772906 6.772906 6.772906 6.772906 6.772906 6.772906 6.772906 6.772906 6.772906 6.772906 6.772906 6.772906 6.772906 6.772906 6.772906 6.772906 6.772906 6.772906 6.772906 6.772906 6.772906 6.772906 6.772906 6.772906 6.772906 6.772906 6.772906 6.772906 6.772906 6.772906 6.772906 6.772906 6.772906 6.772906 6.772906 6.772906 6.772906 6.772906 6.772906 
6.772906 6.772906 6.772906 6.772906 6.772906 6.772906 6.772906 6.772906 6.772906 6.772906 6.772906 6.772906 6.772906 6.772906 6.772906 6.772906 6.772906 6.772906 6.772906 6.772906 6.772906 6.772906 6.772906 6.772906 6.772906 6.772906 6.772906 6.772906 6.772906 6.772906 6.772906 6.772906 6.772906 6.772906 6.772906 6.772906 6.772906 6.772906 6.772906 6.772906 6.772906 6.772906 6.772906 6.772906 6.772906 6.772906 6.772906 6.772906 6.772906 6.772906 6.772906 6.772906 6.772906 6.772906 6.772906 6.772906 6.772906 6.772906 6.772906 6.772906 6.772906 6.772906 6.772906 6.772906 
6.772906 6.772906 6.772906 6.772906 6.772906 6.772906 6.772906 6.772906 6.772906 6.772906 6.772906 6.772906 6.772906 6.772906 6.772906 6.772906 6.772906 6.772906 6.772906 6.772906 6.772906 6.772906 6.772906 6.772906 6.772906 6.772906 6.772906 6.772906 6.772906 6.772906 6.772906 6.772906 6.772906 6.772906 6.772906 6.772906 6.772906 6.772906 6.772906 6.772906 6.772906 6.772906 6.772906 6.772906 6.772906 6.772906 6.772906 6.772906 6.772906 6.772906 6.772906 6.772906 6.772906 6.772906 6.772906 6.772906 6.772906 6.772906 6.772906 6.772906 6.772906 6.772906 6.772906 6.772906 
6.772906 6.772906 6.772906 6.772906 6.772906 6.772906 6.772906 6.772906 6.772906 6.772906 6.772906 6.772906 6.772906 6.772906 6.772906 6.772906 6.772906 6.772906 6.772906 6.772906 6.772906 6.772906 6.772906 6.772906 6.772906 6.772906 6.772906 6.772906 6.772906 6.772906 6.772906 6.772906 6.772906 6.772906 6.772906 6.772906 6.772906 6.772906 6.772906 6.772906 6.772906 6.772906 6.772906 6.772906 6.772906 6.772906 6.772906 6.772906 6.772906 6.772906 6.772906 6.772906 6.772906 6.772906 6.772906 6.772906 6.772906 6.772906 6.772906 6.772906 6.772906 6.772906 6.772906 6.772906 
6.772906 6.772906 6.772906 6.772906 6.772906 6.772906 6.772906 6.772906 6.772906 6.772906 6.772906 6.772906 6.772906 6.772906 6.772906 6.772906 6.772906 6.772906 6.772906 6.772906 6.772906 6.772906 6.772906 6.772906 6.772906 6.772906 6.772906 6.772906 6.772906 6.772906 6.772906 6.772906 6.772906 6.772906 6.772906 6.772906 6.772906 6.772906 6.772906 6.772906 6.772906 6.772906 6.772906 6.772906 6.772906 6.772906 6.772906 6.772906 6.772906 6.772906 6.772906 6.772906 6.772906 6.772906 6.772906 6.772906 6.772906 6.772906 6.772906 6.772906 6.772906 6.772906 6.772906 6.772906 
6.772906 6.772906 6.772906 6.772906 6.772906 6.772906 6.772906 6.772906 6.772906 6.772906 6.772906 6.772906 6.772906 6.772906 6.772906 6.772906 6.772906 6.772906 6.772906 6.772906 6.772906 6.772906 6.772906 6.772906 6.772906 6.772906 6.772906 6.772906 6.772906 6.772906 6.772906 6.772906 6.772906 6.772906 6.772906 6.772906 6.772906 6.772906 6.772906 6.772906 6.772906 6.772906 6.772906 6.772906 6.772906 6.772906 6.772906 6.772906 6.772906 6.772906 6.772906 6.772906 6.772906 6.772906 6.772906 6.772906 6.772906 6.772906 6.772906 6.772906 6.772906 6.772906 6.772906 6.772906 
6.772906 6.772906 6.772906 6.772906 6.772906 6.772906 6.772906 6.772906 6.772906 6.772906 6.772906 6.772906 6.772906 6.772906 6.772906 6.772906 6.772906 6.772906 6.772906 6.772906 6.772906 6.772906 6.772906 6.772906 6.772906 6.772906 6.772906 6.772906 6.772906 6.772906 6.772906 6.772906 6.772906 6.772906 6.772906 6.772906 6.772906 6.772906 6.772906 6.772906 6.772906 6.772906 6.772906 6.772906 6.772906 6.772906 6.772906 6.772906 6.772906 6.772906 6.772906 6.772906 6.772906 6.772906 6.772906 6.772906 6.772906 6.772906 6.772906 6.772906 6.772906 6.772906 6.772906 6.772906 
6.772906 6.772906 6.772906 6.772906 6.772906 6.772906 6.772906 6.772906 6.772906 6.772906 6.772906 6.772906 6.772906 6.772906 6.772906 6.772906 6.772906 6.772906 6.772906 6.772906 6.772906 6.772906 6.772906 6.772906 6.772906 6.772906 6.772906 6.772906 6.772906 6.772906 6.772906 6.772906 6.772906 6.772906 6.772906 6.772906 6.772906 6.772906 6.772906 6.772906 6.772906 6.772906 6.772906 6.772906 6.772906 6.772906 6.772906 6.772906 6.772906 6.772906 6.772906 6.772906 6.772906 6.772906 6.772906 6.772906 6.772906 6.772906 6.772906 6.772906 6.772906 6.772906 6.772906 6.772906 
6.772906 6.772906 6.772906 6.772906 6.772906 6.772906 6.772906 6.772906 6.772906 6.772906 6.772906 6.772906 6.772906 6.772906 6.772906 6.772906 6.772906 6.772906 6.772906 6.772906 6.772906 6.772906 6.772906 6.772906 6.772906 6.772906 6.772906 6.772906 6.772906 6.772906 6.772906 6.772906 6.772906 6.772906 6.772906 6.772906 6.772906 6.772906 6.772906 6.772906 6.772906 6.772906 6.772906 6.772906 6.772906 6.772906 6.772906 6.772906 6.772906 6.772906 6.772906 6.772906 6.772906 6.772906 6.772906 6.772906 6.772906 6.772906 6.772906 6.772906 6.772906 6.772906 6.772906 6.772906 
6.772906 6.772906 6.772906 6.772906 6.772906 6.772906 6.772906 6.772906 6.772906 6.772906 6.772906 6.772906 6.772906 6.772906 6.772906 6.772906 6.772906 6.772906 6.772906 6.772906 6.772906 6.772906 6.772906 6.772906 6.772906 6.772906 6.772906 6.772906 6.772906 6.772906 6.772906 6.772906 6.772906 6.772906 6.772906 6.772906 6.772906 6.772906 6.772906 6.772906 6.772906 6.772906 6.772906 6.772906 6.772906 6.772906 6.772906 6.772906 6.772906 6.772906 6.772906 6.772906 6.772906 6.772906 6.772906 6.772906 6.772906 6.772906 6.772906 6.772906 6.772906 6.772906 6.772906 6.772906 
6.772906 6.772906 6.772906 6.772906 6.772906 6.772906 6.772906 6.772906 6.772906 6.772906 6.772906 6.772906 6.772906 6.772906 6.772906 6.772906 6.772906 6.772906 6.772906 6.772906 6.772906 6.772906 6.772906 6.772906 6.772906 6.772906 6.772906 6.772906 6.772906 6.772906 6.772906 6.772906 6.772906 6.772906 6.772906 6.772906 6.772906 6.772906 6.772906 6.772906 6.772906 6.772906 6.772906 6.772906 6.772906 6.772906 6.772906 6.772906 6.772906 6.772906 6.772906 6.772906 6.772906 6.772906 6.772906 6.772906 6.772906 6.772906 6.772906 6.772906 6.772906 6.772906 6.772906 6.772906 
6.772906 6.772906 6.772906 6.772906 6.772906 6.772906 6.772906 6.772906 6.772906 6.772906 6.772906 6.772906 6.772906 6.772906 6.772906 6.772906 6.772906 6.772906 6.772906 6.772906 6.772906 6.772906 6.772906 6.772906 6.772906 6.772906 6.772906 6.772906 6.772906 6.772906 6.772906 6.772906 6.772906 6.772906 6.772906 6.772906 6.772906 6.772906 6.772906 6.772906 6.772906 6.772906 6.772906 6.772906 6.772906 6.772906 6.772906 6.772906 6.772906 6.772906 6.772906 6.772906 6.772906 6.772906 6.772906 6.772906 6.772906 6.772906 6.772906 6.772906 6.772906 6.772906 6.772906 6.772906 
6.772906 6.772906 6.772906 6.772906 6.772906 6.772906 6.772906 6.772906 6.772906 6.772906 6.772906 6.772906 6.772906 6.772906 6.772906 6.772906 6.772906 6.772906 6.772906 6.772906 6.772906 6.772906 6.772906 6.772906 6.772906 6.772906 6.772906 6.772906 6.772906 6.772906 6.772906 6.772906 6.772906 6.772906 6.772906 6.772906 6.772906 6.772906 6.772906 6.772906 6.772906 6.772906 6.772906 6.772906 6.772906 6.772906 6.772906 6.772906 6.772906 6.772906 6.772906 6.772906 6.772906 6.772906 6.772906 6.772906 6.772906 6.772906 6.772906 6.772906 6.772906 6.772906 6.772906 6.772906 
6.772906 6.772906 6.772906 6.772906 6.772906 6.772906 6.772906 6.772906 6.772906 6.772906 6.772906 6.772906 6.772906 6.772906 6.772906 6.772906 6.772906 6.772906 6.772906 6.772906 6.772906 6.772906 6.772906 6.772906 6.772906 6.772906 6.772906 6.772906 6.772906 6.772906 6.772906 6.772906 6.772906 6.772906 6.772906 6.772906 6.772906 6.772906 6.772906 6.772906 6.772906 6.772906 6.772906 6.772906 6.772906 6.772906 6.772906 6.772906 6.772906 6.772906 6.772906 6.772906 6.772906 6.772906 6.772906 6.772906 6.772906 6.772906 6.772906 6.772906 6.772906 6.772906 6.772906 6.772906 
6.772906 6.772906 6.772906 6.772906 6.772906 6.772906 6.772906 6.772906 6.772906 6.772906 6.772906 6.772906 6.772906 6.772906 6.772906 6.772906 6.772906 6.772906 6.772906 6.772906 6.772906 6.772906 6.772906 6.772906 6.772906 6.772906 6.772906 6.772906 6.772906 6.772906 6.772906 6.772906 6.772906 6.772906 6.772906 6.772906 6.772906 6.772906 6.772906 6.772906 6.772906 6.772906 6.772906 6.772906 6.772906 6.772906 6.772906 6.772906 6.772906 6.772906 6.772906 6.772906 6.772906 6.772906 6.772906 6.772906 6.772906 6.772906 6.772906 6.772906 6.772906 6.772906 6.772906 6.772906 
6.772906 6.772906 6.772906 6.772906 6.772906 6.772906 6.772906 6.772906 6.772906 6.772906 6.772906 6.772906 6.772906 6.772906 6.772906 6.772906 6.772906 6.772906 6.772906 6.772906 6.772906 6.772906 6.772906 6.772906 6.772906 6.772906 6.772906 6.772906 6.772906 6.772906 6.772906 6.772906 6.772906 6.772906 6.772906 6.772906 6.772906 6.772906 6.772906 6.772906 6.772906 6.772906 6.772906 6.772906 6.772906 6.772906 6.772906 6.772906 6.772906 6.772906 6.772906 6.772906 6.772906 6.772906 6.772906 6.772906 6.772906 6.772906 6.772906 6.772906 6.772906 6.772906 6.772906 6.772906 
6.772906 6.772906 6.772906 6.772906 6.772906 6.772906 6.772906 6.772906 6.772906 6.772906 6.772906 6.772906 6.772906 6.772906 6.772906 6.772906 6.772906 6.772906 6.772906 6.772906 6.772906 6.772906 6.772906 6.772906 6.772906 6.772906 6.772906 6.772906 6.772906 6.772906 6.772906 6.772906 6.772906 6.772906 6.772906 6.772906 6.772906 6.772906 6.772906 6.772906 6.772906 6.772906 6.772906 6.772906 6.772906 6.772906 6.772906 6.772906 6.772906 6.772906 6.772906 6.772906 6.772906 6.772906 6.772906 6.772906 6.772906 6.772906 6.772906 6.772906 6.772906 6.772906 6.772906 6.772906 
6.772906 6.772906 6.772906 6.772906 6.772906 6.772906 6.772906 6.772906 6.772906 6.772906 6.772906 6.772906 6.772906 6.772906 6.772906 6.772906 6.772906 6.772906 6.772906 6.772906 6.772906 6.772906 6.772906 6.772906 6.772906 6.772906 6.772906 6.772906 6.772906 6.772906 6.772906 6.772906 6.772906 6.772906 6.772906 6.772906 6.772906 6.772906 6.772906 6.772906 6.772906 6.772906 6.772906 6.772906 6.772906 6.772906 6.772906 6.772906 6.772906 6.772906 6.772906 6.772906 6.772906 6.772906 6.772906 6.772906 6.772906 6.772906 6.772906 6.772906 6.772906 6.772906 6.772906 6.772906 
6.772906 6.772906 6.772906 6.772906 6.772906 6.772906 6.772906 6.772906 6.772906 6.772906 6.772906 6.772906 6.772906 6.772906 6.772906 6.772906 6.772906 6.772906 6.772906 6.772906 6.772906 6.772906 6.772906 6.772906 6.772906 6.772906 6.772906 6.772906 6.772906 6.772906 6.772906 6.772906 6.772906 6.772906 6.772906 6.772906 6.772906 6.772906 6.772906 6.772906 6.772906 6.772906 6.772906 6.772906 6.772906 6.772906 6.772906 6.772906 6.772906 6.772906 6.772906 6.772906 6.772906 6.772906 6.772906 6.772906 6.772906 6.772906 6.772906 6.772906 6.772906 6.772906 6.772906 6.772906 
6.772906 6.772906 6.772906 6.772906 6.772906 6.772906 6.772906 6.772906 6.772906 6.772906 6.772906 6.772906 6.772906 6.772906 6.772906 6.772906 6.772906 6.772906 6.772906 6.772906 6.772906 6.772906 6.772906 6.772906 6.772906 6.772906 6.772906 6.772906 6.772906 6.772906 6.772906 6.772906 6.772906 6.772906 6.772906 6.772906 6.772906 6.772906 6.772906 6.772906 6.772906 6.772906 6.772906 6.772906 6.772906 6.772906 6.772906 6.772906 6.772906 6.772906 6.772906 6.772906 6.772906 6.772906 6.772906 6.772906 6.772906 6.772906 6.772906 6.772906 6.772906 6.772906 6.772906 6.772906 
6.772906 6.772906 6.772906 6.772906 6.772906 6.772906 6.772906 6.772906 6.772906 6.772906 6.772906 6.772906 6.772906 6.772906 6.772906 6.772906 6.772906 6.772906 6.772906 6.772906 6.772906 6.772906 6.772906 6.772906 6.772906 6.772906 6.772906 6.772906 6.772906 6.772906 6.772906 6.772906 6.772906 6.772906 6.772906 6.772906 6.772906 6.772906 6.772906 6.772906 6.772906 6.772906 6.772906 6.772906 6.772906 6.772906 6.772906 6.772906 6.772906 6.772906 6.772906 6.772906 6.772906 6.772906 6.772906 6.772906 6.772906 6.772906 6.772906 6.772906 6.772906 6.772906 6.772906 6.772906 
6.772906 6.772906 6.772906 6.772906 6.772906 6.772906 6.772906 6.772906 6.772906 6.772906 6.772906 6.772906 6.772906 6.772906 6.772906 6.772906 6.772906 6.772906 6.772906 6.772906 6.772906 6.772906 6.772906 6.772906 6.772906 6.772906 6.772906 6.772906 6.772906 6.772906 6.772906 6.772906 6.772906 6.772906 6.772906 6.772906 6.772906 6.772906 6.772906 6.772906 6.772906 6.772906 6.772906 6.772906 6.772906 6.772906 6.772906 6.772906 6.772906 6.772906 6.772906 6.772906 6.772906 6.772906 6.772906 6.772906 6.772906 6.772906 6.772906 6.772906 6.772906 6.772906 6.772906 6.772906 
6.772906 6.772906 6.772906 6.772906 6.772906 6.772906 6.772906 6.772906 6.772906 6.772906 6.772906 6.772906 6.772906 6.772906 6.772906 6.772906 6.772906 6.772906 6.772906 6.772906 6.772906 6.772906 6.772906 6.772906 6.772906 6.772906 6.772906 6.772906 6.772906 6.772906 6.772906 6.772906 6.772906 6.772906 6.772906 6.772906 6.772906 6.772906 6.772906 6.772906 6.772906 6.772906 6.772906 6.772906 6.772906 6.772906 6.772906 6.772906 6.772906 6.772906 6.772906 6.772906 6.772906 6.772906 6.772906 6.772906 6.772906 6.772906 6.772906 6.772906 6.772906 6.772906 6.772906 6.772906 
6.772906 6.772906 6.772906 6.772906 6.772906 6.772906 6.772906 6.772906 6.772906 6.772906 6.772906 6.772906 6.772906 6.772906 6.772906 6.772906 6.772906 6.772906 6.772906 6.772906 6.772906 6.772906 6.772906 6.772906 6.772906 6.772906 6.772906 6.772906 6.772906 6.772906 6.772906 6.772906 6.772906 6.772906 6.772906 6.772906 6.772906 6.772906 6.772906 6.772906 6.772906 6.772906 6.772906 6.772906 6.772906 6.772906 6.772906 6.772906 6.772906 6.772906 6.772906 6.772906 6.772906 6.772906 6.772906 6.772906 6.772906 6.772906 6.772906 6.772906 6.772906 6.772906 6.772906 6.772906 
6.772906 6.772906 6.772906 6.772906 6.772906 6.772906 6.772906 6.772906 6.772906 6.772906 6.772906 6.772906 6.772906 6.772906 6.772906 6.772906 6.772906 6.772906 6.772906 6.772906 6.772906 6.772906 6.772906 6.772906 6.772906 6.772906 6.772906 6.772906 6.772906 6.772906 6.772906 6.772906 6.772906 6.772906 6.772906 6.772906 6.772906 6.772906 6.772906 6.772906 6.772906 6.772906 6.772906 6.772906 6.772906 6.772906 6.772906 6.772906 6.772906 6.772906 6.772906 6.772906 6.772906 6.772906 6.772906 6.772906 6.772906 6.772906 6.772906 6.772906 6.772906 6.772906 6.772906 6.772906 
6.772906 6.772906 6.772906 6.772906 6.772906 6.772906 6.772906 6.772906 6.772906 6.772906 6.772906 6.772906 6.772906 6.772906 6.772906 6.772906 6.772906 6.772906 6.772906 6.772906 6.772906 6.772906 6.772906 6.772906 6.772906 6.772906 6.772906 6.772906 6.772906 6.772906 6.772906 6.772906 6.772906 6.772906 6.772906 6.772906 6.772906 6.772906 6.772906 6.772906 6.772906 6.772906 6.772906 6.772906 6.772906 6.772906 6.772906 6.772906 6.772906 6.772906 6.772906 6.772906 6.772906 6.772906 6.772906 6.772906 6.772906 6.772906 6.772906 6.772906 6.772906 6.772906 6.772906 6.772906 
6.772906 6.772906 6.772906 6.772906 6.772906 6.772906 6.772906 6.772906 6.772906 6.772906 6.772906 6.772906 6.772906 6.772906 6.772906 6.772906 6.772906 6.772906 6.772906 6.772906 6.772906 6.772906 6.772906 6.772906 6.772906 6.772906 6.772906 6.772906 6.772906 6.772906 6.772906 6.772906 6.772906 6.772906 6.772906 6.772906 6.772906 6.772906 6.772906 6.772906 6.772906 6.772906 6.772906 6.772906 6.772906 6.772906 6.772906 6.772906 6.772906 6.772906 6.772906 6.772906 6.772906 6.772906 6.772906 6.772906 6.772906 6.772906 6.772906 6.772906 6.772906 6.772906 6.772906 6.772906 
6.772906 6.772906 6.772906 6.772906 6.772906 6.772906 6.772906 6.772906 6.772906 6.772906 6.772906 6.772906 6.772906 6.772906 6.772906 6.772906 6.772906 6.772906 6.772906 6.772906 6.772906 6.772906 6.772906 6.772906 6.772906 6.772906 6.772906 6.772906 6.772906 6.772906 6.772906 6.772906 6.772906 6.772906 6.772906 6.772906 6.772906 6.772906 6.772906 6.772906 6.772906 6.772906 6.772906 6.772906 6.772906 6.772906 6.772906 6.772906 6.772906 6.772906 6.772906 6.772906 6.772906 6.772906 6.772906 6.772906 6.772906 6.772906 6.772906 6.772906 6.772906 6.772906 6.772906 6.772906 
6.772906 6.772906 6.772906 6.772906 6.772906 6.772906 6.772906 6.772906 6.772906 6.772906 6.772906 6.772906 6.772906 6.772906 6.772906 6.772906 6.772906 6.772906 6.772906 6.772906 6.772906 6.772906 6.772906 6.772906 6.772906 6.772906 6.772906 6.772906 6.772906 6.772906 6.772906 6.772906 6.772906 6.772906 6.772906 6.772906 6.772906 6.772906 6.772906 6.772906 6.772906 6.772906 6.772906 6.772906 6.772906 6.772906 6.772906 6.772906 6.772906 6.772906 6.772906 6.772906 6.772906 6.772906 6.772906 6.772906 6.772906 6.772906 6.772906 6.772906 6.772906 6.772906 6.772906 6.772906 
6.772906 6.772906 6.772906 6.772906 6.772906 6.772906 6.772906 6.772906 6.772906 6.772906 6.772906 6.772906 6.772906 6.772906 6.772906 6.772906 6.772906 6.772906 6.772906 6.772906 6.772906 6.772906 6.772906 6.772906 6.772906 6.772906 6.772906 6.772906 6.772906 6.772906 6.772906 6.772906 6.772906 6.772906 6.772906 6.772906 6.772906 6.772906 6.772906 6.772906 6.772906 6.772906 6.772906 6.772906 6.772906 6.772906 6.772906 6.772906 6.772906 6.772906 6.772906 6.772906 6.772906 6.772906 6.772906 6.772906 6.772906 6.772906 6.772906 6.772906 6.772906 6.772906 6.772906 6.772906 
6.772906 6.772906 6.772906 6.772906 6.772906 6.772906 6.772906 6.772906 6.772906 6.772906 6.772906 6.772906 6.772906 6.772906 6.772906 6.772906 6.772906 6.772906 6.772906 6.772906 6.772906 6.772906 6.772906 6.772906 6.772906 6.772906 6.772906 6.772906 6.772906 6.772906 6.772906 6.772906 6.772906 6.772906 6.772906 6.772906 6.772906 6.772906 6.772906 6.772906 6.772906 6.772906 6.772906 6.772906 6.772906 6.772906 6.772906 6.772906 6.772906 6.772906 6.772906 6.772906 6.772906 6.772906 6.772906 6.772906 6.772906 6.772906 6.772906 6.772906 6.772906 6.772906 6.772906 6.772906 
6.772906 6.772906 6.772906 6.772906 6.772906 6.772906 6.772906 6.772906 6.772906 6.772906 6.772906 6.772906 6.772906 6.772906 6.772906 6.772906 6.772906 6.772906 6.772906 6.772906 6.772906 6.772906 6.772906 6.772906 6.772906 6.772906 6.772906 6.772906 6.772906 6.772906 6.772906 6.772906 6.772906 6.772906 6.772906 6.772906 6.772906 6.772906 6.772906 6.772906 6.772906 6.772906 6.772906 6.772906 6.772906 6.772906 6.772906 6.772906 6.772906 6.772906 6.772906 6.772906 6.772906 6.772906 6.772906 6.772906 6.772906 6.772906 6.772906 6.772906 6.772906 6.772906 6.772906 6.772906 
6.772906 6.772906 6.772906 6.772906 6.772906 6.772906 6.772906 6.772906 6.772906 6.772906 6.772906 6.772906 6.772906 6.772906 6.772906 6.772906 6.772906 6.772906 6.772906 6.772906 6.772906 6.772906 6.772906 6.772906 6.772906 6.772906 6.772906 6.772906 6.772906 6.772906 6.772906 6.772906 6.772906 6.772906 6.772906 6.772906 6.772906 6.772906 6.772906 6.772906 6.772906 6.772906 6.772906 6.772906 6.772906 6.772906 6.772906 6.772906 6.772906 6.772906 6.772906 6.772906 6.772906 6.772906 6.772906 6.772906 6.772906 6.772906 6.772906 6.772906 6.772906 6.772906 6.772906 6.772906 
6.772906 6.772906 6.772906 6.772906 6.772906 6.772906 6.772906 6.772906 6.772906 6.772906 6.772906 6.772906 6.772906 6.772906 6.772906 6.772906 6.772906 6.772906 6.772906 6.772906 6.772906 6.772906 6.772906 6.772906 6.772906 6.772906 6.772906 6.772906 6.772906 6.772906 6.772906 6.772906 6.772906 6.772906 6.772906 6.772906 6.772906 6.772906 6.772906 6.772906 6.772906 6.772906 6.772906 6.772906 6.772906 6.772906 6.772906 6.772906 6.772906 6.772906 6.772906 6.772906 6.772906 6.772906 6.772906 6.772906 6.772906 6.772906 6.772906 6.772906 6.772906 6.772906 6.772906 6.772906 
6.772906 6.772906 6.772906 6.772906 6.772906 6.772906 6.772906 6.772906 6.772906 6.772906 6.772906 6.772906 6.772906 6.772906 6.772906 6.772906 6.772906 6.772906 6.772906 6.772906 6.772906 6.772906 6.772906 6.772906 6.772906 6.772906 6.772906 6.772906 6.772906 6.772906 6.772906 6.772906 6.772906 6.772906 6.772906 6.772906 6.772906 6.772906 6.772906 6.772906 6.772906 6.772906 6.772906 6.772906 6.772906 6.772906 6.772906 6.772906 6.772906 6.772906 6.772906 6.772906 6.772906 6.772906 6.772906 6.772906 6.772906 6.772906 6.772906 6.772906 6.772906 6.772906 6.772906 6.772906 
6.772906 6.772906 6.772906 6.772906 6.772906 6.772906 6.772906 6.772906 6.772906 6.772906 6.772906 6.772906 6.772906 6.772906 6.772906 6.772906 6.772906 6.772906 6.772906 6.772906 6.772906 6.772906 6.772906 6.772906 6.772906 6.772906 6.772906 6.772906 6.772906 6.772906 6.772906 6.772906 6.772906 6.772906 6.772906 6.772906 6.772906 6.772906 6.772906 6.772906 6.772906 6.772906 6.772906 6.772906 6.772906 6.772906 6.772906 6.772906 6.772906 6.772906 6.772906 6.772906 6.772906 6.772906 6.772906 6.772906 6.772906 6.772906 6.772906 6.772906 6.772906 6.772906 6.772906 6.772906 
6.772906 6.772906 6.772906 6.772906 6.772906 6.772906 6.772906 6.772906 6.772906 6.772906 6.772906 6.772906 6.772906 6.772906 6.772906 6.772906 6.772906 6.772906 6.772906 6.772906 6.772906 6.772906 6.772906 6.772906 6.772906 6.772906 6.772906 6.772906 6.772906 6.772906 6.772906 6.772906 6.772906 6.772906 6.772906 6.772906 6.772906 6.772906 6.772906 6.772906 6.772906 6.772906 6.772906 6.772906 6.772906 6.772906 6.772906 6.772906 6.772906 6.772906 6.772906 6.772906 6.772906 6.772906 6.772906 6.772906 6.772906 6.772906 6.772906 6.772906 6.772906 6.772906 6.772906 6.772906 
6.772906 6.772906 6.772906 6.772906 6.772906 6.772906 6.772906 6.772906 6.772906 6.772906 6.772906 6.772906 6.772906 6.772906 6.772906 6.772906 6.772906 6.772906 6.772906 6.772906 6.772906 6.772906 6.772906 6.772906 6.772906 6.772906 6.772906 6.772906 6.772906 6.772906 6.772906 6.772906 6.772906 6.772906 6.772906 6.772906 6.772906 6.772906 6.772906 6.772906 6.772906 6.772906 6.772906 6.772906 6.772906 6.772906 6.772906 6.772906 6.772906 6.772906 6.772906 6.772906 6.772906 6.772906 6.772906 6.772906 6.772906 6.772906 6.772906 6.772906 6.772906 6.772906 6.772906 6.772906 
6.772906 6.772906 6.772906 6.772906 6.772906 6.772906 6.772906 6.772906 6.772906 6.772906 6.772906 6.772906 6.772906 6.772906 6.772906 6.772906 6.772906 6.772906 6.772906 6.772906 6.772906 6.772906 6.772906 6.772906 6.772906 6.772906 6.772906 6.772906 6.772906 6.772906 6.772906 6.772906 6.772906 6.772906 6.772906 6.772906 6.772906 6.772906 6.772906 6.772906 6.772906 6.772906 6.772906 6.772906 6.772906 6.772906 6.772906 6.772906 6.772906 6.772906 6.772906 6.772906 6.772906 6.772906 6.772906 6.772906 6.772906 6.772906 6.772906 6.772906 6.772906 6.772906 6.772906 6.772906 
6.772906 6.772906 6.772906 6.772906 6.772906 6.772906 6.772906 6.772906 6.772906 6.772906 6.772906 6.772906 6.772906 6.772906 6.772906 6.772906 6.772906 6.772906 6.772906 6.772906 6.772906 6.772906 6.772906 6.772906 6.772906 6.772906 6.772906 6.772906 6.772906 6.772906 6.772906 6.772906 6.772906 6.772906 6.772906 6.772906 6.772906 6.772906 6.772906 6.772906 6.772906 6.772906 6.772906 6.772906 6.772906 6.772906 6.772906 6.772906 6.772906 6.772906 6.772906 6.772906 6.772906 6.772906 6.772906 6.772906 6.772906 6.772906 6.772906 6.772906 6.772906 6.772906 6.772906 6.772906 
6.772906 6.772906 6.772906 6.772906 6.772906 6.772906 6.772906 6.772906 6.772906 6.772906 6.772906 6.772906 6.772906 6.772906 6.772906 6.772906 6.772906 6.772906 6.772906 6.772906 6.772906 6.772906 6.772906 6.772906 6.772906 6.772906 6.772906 6.772906 6.772906 6.772906 6.772906 6.772906 6.772906 6.772906 6.772906 6.772906 6.772906 6.772906 6.772906 6.772906 6.772906 6.772906 6.772906 6.772906 6.772906 6.772906 6.772906 6.772906 6.772906 6.772906 6.772906 6.772906 6.772906 6.772906 6.772906 6.772906 6.772906 6.772906 6.772906 6.772906 6.772906 6.772906 6.772906 6.772906 
6.772906 6.772906 6.772906 6.772906 6.772906 6.772906 6.772906 6.772906 6.772906 6.772906 6.772906 6.772906 6.772906 6.772906 6.772906 6.772906 6.772906 6.772906 6.772906 6.772906 6.772906 6.772906 6.772906 6.772906 6.772906 6.772906 6.772906 6.772906 6.772906 6.772906 6.772906 6.772906 6.772906 6.772906 6.772906 6.772906 6.772906 6.772906 6.772906 6.772906 6.772906 6.772906 6.772906 6.772906 6.772906 6.772906 6.772906 6.772906 6.772906 6.772906 6.772906 6.772906 6.772906 6.772906 6.772906 6.772906 6.772906 6.772906 6.772906 6.772906 6.772906 6.772906 6.772906 6.772906 
6.772906 6.772906 6.772906 6.772906 6.772906 6.772906 6.772906 6.772906 6.772906 6.772906 6.772906 6.772906 6.772906 6.772906 6.772906 6.772906 6.772906 6.772906 6.772906 6.772906 6.772906 6.772906 6.772906 6.772906 6.772906 6.772906 6.772906 6.772906 6.772906 6.772906 6.772906 6.772906 6.772906 6.772906 6.772906 6.772906 6.772906 6.772906 6.772906 6.772906 6.772906 6.772906 6.772906 6.772906 6.772906 6.772906 6.772906 6.772906 6.772906 6.772906 6.772906 6.772906 6.772906 6.772906 6.772906 6.772906 6.772906 6.772906 6.772906 6.772906 6.772906 6.772906 6.772906 6.772906 
6.772906 6.772906 6.772906 6.772906 6.772906 6.772906 6.772906 6.772906 6.772906 6.772906 6.772906 6.772906 6.772906 6.772906 6.772906 6.772906 6.772906 6.772906 6.772906 6.772906 6.772906 6.772906 6.772906 6.772906 6.772906 6.772906 6.772906 6.772906 6.772906 6.772906 6.772906 6.772906 6.772906 6.772906 6.772906 6.772906 6.772906 6.772906 6.772906 6.772906 6.772906 6.772906 6.772906 6.772906 6.772906 6.772906 6.772906 6.772906 6.772906 6.772906 6.772906 6.772906 6.772906 6.772906 6.772906 6.772906 6.772906 6.772906 6.772906 6.772906 6.772906 6.772906 6.772906 6.772906 
