6.369532 6.369532 6.369532 6.369532 6.369532 6.369532 6.369532 6.369532 6.369532 6.369532 6.369532 6.369532 6.369532 6.369532 6.369532 6.369532 6.369532 6.369532 6.369532 6.369532 6.369532 6.369532 6.369532 6.369532 6.369532 6.369532 6.369532 6.369532 6.369532 6.369532 6.369532 6.369532 6.369532 6.369532 6.369532 6.369532 6.369532 6.369532 6.369532 6.369532 6.369532 6.369532 6.369532 6.369532 6.369532 6.369532 6.369532 6.369532 6.369532 6.369532 6.369532 6.369532 6.369532 6.369532 6.369532 6.369532 6.369532 6.369532 6.369532 6.369532 6.369532 6.369532 6.369532 6.369532 
6.369532 6.369532 6.369532 6.369532 6.369532 6.369532 6.369532 6.369532 6.369532 6.369532 6.369532 6.369532 6.369532 6.369532 6.369532 6.369532 6.369532 6.369532 6.369532 6.369532 6.369532 6.369532 6.369532 6.369532 6.369532 6.369532 6.369532 6.369532 6.369532 6.369532 6.369532 6.369532 6.369532 6.369532 6.369532 6.369532 6.369532 6.369532 6.369532 6.369532 6.369532 6.369532 6.369532 6.369532 6.369532 6.369532 6.369532 6.369532 6.369532 6.369532 6.369532 6.369532 6.369532 6.369532 6.369532 6.369532 6.369532 6.369532 6.369532 6.369532 6.369532 6.369532 6.369532 6.369532 
6.369532 6.369532 6.369532 6.369532 6.369532 6.369532 6.369532 6.369532 6.369532 6.369532 6.369532 6.369532 6.369532 6.369532 6.369532 6.369532 6.369532 6.369532 6.369532 6.369532 6.369532 6.369532 6.369532 6.369532 6.369532 6.369532 6.369532 6.369532 6.369532 6.369532 6.369532 6.369532 6.369532 6.369532 6.369532 6.369532 6.369532 6.369532 6.369532 6.369532 6.369532 6.369532 6.369532 6.369532 6.369532 6.369532 6.369532 6.369532 6.369532 6.369532 6.369532 6.369532 6.369532 6.369532 6.369532 6.369532 6.369532 6.369532 6.369532 6.369532 6.369532 6.369532 6.369532 6.369532 
6.369532 6.369532 6.369532 6.369532 6.369532 6.369532 6.369532 6.369532 6.369532 6.369532 6.369532 6.369532 6.369532 6.369532 6.369532 6.369532 6.369532 6.369532 6.369532 6.369532 6.369532 6.369532 6.369532 6.369532 6.369532 6.369532 6.369532 6.369532 6.369532 6.369532 6.369532 6.369532 6.369532 6.369532 6.369532 6.369532 6.369532 6.369532 6.369532 6.369532 6.369532 6.369532 6.369532 6.369532 6.369532 6.369532 6.369532 6.369532 6.369532 6.369532 6.369532 6.369532 6.369532 6.369532 6.369532 6.369532 6.369532 6.369532 6.369532 6.369532 6.369532 6.369532 6.369532 6.369532 
6.369532 6.369532 6.369532 6.369532 6.369532 6.369532 6.369532 6.369532 6.369532 6.369532 6.369532 6.369532 6.369532 6.369532 6.369532 6.369532 6.369532 6.369532 6.369532 6.369532 6.369532 6.369532 6.369532 6.369532 6.369532 6.369532 6.369532 6.369532 6.369532 6.369532 6.369532 6.369532 6.369532 6.369532 6.369532 6.369532 6.369532 6.369532 6.369532 6.369532 6.369532 6.369532 6.369532 6.369532 6.369532 6.369532 6.369532 6.369532 6.369532 6.369532 6.369532 6.369532 6.369532 6.369532 6.369532 6.369532 6.369532 6.369532 6.369532 6.369532 6.369532 6.369532 6.369532 6.369532 
6.369532 6.369532 6.369532 6.369532 6.369532 6.369532 6.369532 6.369532 6.369532 6.369532 6.369532 6.369532 6.369532 6.369532 6.369532 6.369532 6.369532 6.369532 6.369532 6.369532 6.369532 6.369532 6.369532 6.369532 6.369532 6.369532 6.369532 6.369532 6.369532 6.369532 6.369532 6.369532 6.369532 6.369532 6.369532 6.369532 6.369532 6.369532 6.369532 6.369532 6.369532 6.369532 6.369532 6.369532 6.369532 6.369532 6.369532 6.369532 6.369532 6.369532 6.369532 6.369532 6.369532 6.369532 6.369532 6.369532 6.369532 6.369532 6.369532 6.369532 6.369532 6.369532 6.369532 6.369532 
6.369532 6.369532 6.369532 6.369532 6.369532 6.369532 6.369532 6.369532 6.369532 6.369532 6.369532 6.369532 6.369532 6.369532 6.369532 6.369532 6.369532 6.369532 6.369532 6.369532 6.369532 6.369532 6.369532 6.369532 6.369532 6.369532 6.369532 6.369532 6.369532 6.369532 6.369532 6.369532 6.369532 6.369532 6.369532 6.369532 6.369532 6.369532 6.369532 6.369532 6.369532 6.369532 6.369532 6.369532 6.369532 6.369532 6.369532 6.369532 6.369532 6.369532 6.369532 6.369532 6.369532 6.369532 6.369532 6.369532 6.369532 6.369532 6.369532 6.369532 6.369532 6.369532 6.369532 6.369532 
6.369532 6.369532 6.369532 6.369532 6.369532 6.369532 6.369532 6.369532 6.369532 6.369532 6.369532 6.369532 6.369532 6.369532 6.369532 6.369532 6.369532 6.369532 6.369532 6.369532 6.369532 6.369532 6.369532 6.369532 6.369532 6.369532 6.369532 6.369532 6.369532 6.369532 6.369532 6.369532 6.369532 6.369532 6.369532 6.369532 6.369532 6.369532 6.369532 6.369532 6.369532 6.369532 6.369532 6.369532 6.369532 6.369532 6.369532 6.369532 6.369532 6.369532 6.369532 6.369532 6.369532 6.369532 6.369532 6.369532 6.369532 6.369532 6.369532 6.369532 6.369532 6.369532 6.369532 6.369532 
6.369532 6.369532 6.369532 6.369532 6.369532 6.369532 6.369532 6.369532 6.369532 6.369532 6.369532 6.369532 6.369532 6.369532 6.369532 6.369532 6.369532 6.369532 6.369532 6.369532 6.369532 6.369532 6.369532 6.369532 6.369532 6.369532 6.369532 6.369532 6.369532 6.369532 6.369532 6.369532 6.369532 6.369532 6.369532 6.369532 6.369532 6.369532 6.369532 6.369532 6.369532 6.369532 6.369532 6.369532 6.369532 6.369532 6.369532 6.369532 6.369532 6.369532 6.369532 6.369532 6.369532 6.369532 6.369532 6.369532 6.369532 6.369532 6.369532 6.369532 6.369532 6.369532 6.369532 6.369532 
6.369532 6.369532 6.369532 6.369532 6.369532 6.369532 6.369532 6.369532 6.369532 6.369532 6.369532 6.369532 6.369532 6.369532 6.369532 6.369532 6.369532 6.369532 6.369532 6.369532 6.369532 6.369532 6.369532 6.369532 6.369532 6.369532 6.369532 6.369532 6.369532 6.369532 6.369532 6.369532 6.369532 6.369532 6.369532 6.369532 6.369532 6.369532 6.369532 6.369532 6.369532 6.369532 6.369532 6.369532 6.369532 6.369532 6.369532 6.369532 6.369532 6.369532 6.369532 6.369532 6.369532 6.369532 6.369532 6.369532 6.369532 6.369532 6.369532 6.369532 6.369532 6.369532 6.369532 6.369532 
6.369532 6.369532 6.369532 6.369532 6.369532 6.369532 6.369532 6.369532 6.369532 6.369532 6.369532 6.369532 6.369532 6.369532 6.369532 6.369532 6.369532 6.369532 6.369532 6.369532 6.369532 6.369532 6.369532 6.369532 6.369532 6.369532 6.369532 6.369532 6.369532 6.369532 6.369532 6.369532 6.369532 6.369532 6.369532 6.369532 6.369532 6.369532 6.369532 6.369532 6.369532 6.369532 6.369532 6.369532 6.369532 6.369532 6.369532 6.369532 6.369532 6.369532 6.369532 6.369532 6.369532 6.369532 6.369532 6.369532 6.369532 6.369532 6.369532 6.369532 6.369532 6.369532 6.369532 6.369532 
6.369532 6.369532 6.369532 6.369532 6.369532 6.369532 6.369532 6.369532 6.369532 6.369532 6.369532 6.369532 6.369532 6.369532 6.369532 6.369532 6.369532 6.369532 6.369532 6.369532 6.369532 6.369532 6.369532 6.369532 6.369532 6.369532 6.369532 6.369532 6.369532 6.369532 6.369532 6.369532 6.369532 6.369532 6.369532 6.369532 6.369532 6.369532 6.369532 6.369532 6.369532 6.369532 6.369532 6.369532 6.369532 6.369532 6.369532 6.369532 6.369532 6.369532 6.369532 6.369532 6.369532 6.369532 6.369532 6.369532 6.369532 6.369532 6.369532 6.369532 6.369532 6.369532 6.369532 6.369532 
6.369532 6.369532 6.369532 6.369532 6.369532 6.369532 6.369532 6.369532 6.369532 6.369532 6.369532 6.369532 6.369532 6.369532 6.369532 6.369532 6.369532 6.369532 6.369532 6.369532 6.369532 6.369532 6.369532 6.369532 6.369532 6.369532 6.369532 6.369532 6.369532 6.369532 6.369532 6.369532 6.369532 6.369532 6.369532 6.369532 6.369532 6.369532 6.369532 6.369532 6.369532 6.369532 6.369532 6.369532 6.369532 6.369532 6.369532 6.369532 6.369532 6.369532 6.369532 6.369532 6.369532 6.369532 6.369532 6.369532 6.369532 6.369532 6.369532 6.369532 6.369532 6.369532 6.369532 6.369532 
6.369532 6.369532 6.369532 6.369532 6.369532 6.369532 6.369532 6.369532 6.369532 6.369532 6.369532 6.369532 6.369532 6.369532 6.369532 6.369532 6.369532 6.369532 6.369532 6.369532 6.369532 6.369532 6.369532 6.369532 6.369532 6.369532 6.369532 6.369532 6.369532 6.369532 6.369532 6.369532 6.369532 6.369532 6.369532 6.369532 6.369532 6.369532 6.369532 6.369532 6.369532 6.369532 6.369532 6.369532 6.369532 6.369532 6.369532 6.369532 6.369532 6.369532 6.369532 6.369532 6.369532 6.369532 6.369532 6.369532 6.369532 6.369532 6.369532 6.369532 6.369532 6.369532 6.369532 6.369532 
6.369532 6.369532 6.369532 6.369532 6.369532 6.369532 6.369532 6.369532 6.369532 6.369532 6.369532 6.369532 6.369532 6.369532 6.369532 6.369532 6.369532 6.369532 6.369532 6.369532 6.369532 6.369532 6.369532 6.369532 6.369532 6.369532 6.369532 6.369532 6.369532 6.369532 6.369532 6.369532 6.369532 6.369532 6.369532 6.369532 6.369532 6.369532 6.369532 6.369532 6.369532 6.369532 6.369532 6.369532 6.369532 6.369532 6.369532 6.369532 6.369532 6.369532 6.369532 6.369532 6.369532 6.369532 6.369532 6.369532 6.369532 6.369532 6.369532 6.369532 6.369532 6.369532 6.369532 6.369532 
6.369532 6.369532 6.369532 6.369532 6.369532 6.369532 6.369532 6.369532 6.369532 6.369532 6.369532 6.369532 6.369532 6.369532 6.369532 6.369532 6.369532 6.369532 6.369532 6.369532 6.369532 6.369532 6.369532 6.369532 6.369532 6.369532 6.369532 6.369532 6.369532 6.369532 6.369532 6.369532 6.369532 6.369532 6.369532 6.369532 6.369532 6.369532 6.369532 6.369532 6.369532 6.369532 6.369532 6.369532 6.369532 6.369532 6.369532 6.369532 6.369532 6.369532 6.369532 6.369532 6.369532 6.369532 6.369532 6.369532 6.369532 6.369532 6.369532 6.369532 6.369532 6.369532 6.369532 6.369532 
6.369532 6.369532 6.369532 6.369532 6.369532 6.369532 6.369532 6.369532 6.369532 6.369532 6.369532 6.369532 6.369532 6.369532 6.369532 6.369532 6.369532 6.369532 6.369532 6.369532 6.369532 6.369532 6.369532 6.369532 6.369532 6.369532 6.369532 6.369532 6.369532 6.369532 6.369532 6.369532 6.369532 6.369532 6.369532 6.369532 6.369532 6.369532 6.369532 6.369532 6.369532 6.369532 6.369532 6.369532 6.369532 6.369532 6.369532 6.369532 6.369532 6.369532 6.369532 6.369532 6.369532 6.369532 6.369532 6.369532 6.369532 6.369532 6.369532 6.369532 6.369532 6.369532 6.369532 6.369532 
6.369532 6.369532 6.369532 6.369532 6.369532 6.369532 6.369532 6.369532 6.369532 6.369532 6.369532 6.369532 6.369532 6.369532 6.369532 6.369532 6.369532 6.369532 6.369532 6.369532 6.369532 6.369532 6.369532 6.369532 6.369532 6.369532 6.369532 6.369532 6.369532 6.369532 6.369532 6.369532 6.369532 6.369532 6.369532 6.369532 6.369532 6.369532 6.369532 6.369532 6.369532 6.369532 6.369532 6.369532 6.369532 6.369532 6.369532 6.369532 6.369532 6.369532 6.369532 6.369532 6.369532 6.369532 6.369532 6.369532 6.369532 6.369532 6.369532 6.369532 6.369532 6.369532 6.369532 6.369532 
6.369532 6.369532 6.369532 6.369532 6.369532 6.369532 6.369532 6.369532 6.369532 6.369532 6.369532 6.369532 6.369532 6.369532 6.369532 6.369532 6.369532 6.369532 6.369532 6.369532 6.369532 6.369532 6.369532 6.369532 6.369532 6.369532 6.369532 6.369532 6.369532 6.369532 6.369532 6.369532 6.369532 6.369532 6.369532 6.369532 6.369532 6.369532 6.369532 6.369532 6.369532 6.369532 6.369532 6.369532 6.369532 6.369532 6.369532 6.369532 6.369532 6.369532 6.369532 6.369532 6.369532 6.369532 6.369532 6.369532 6.369532 6.369532 6.369532 6.369532 6.369532 6.369532 6.369532 6.369532 
6.369532 6.369532 6.369532 6.369532 6.369532 6.369532 6.369532 6.369532 6.369532 6.369532 6.369532 6.369532 6.369532 6.369532 6.369532 6.369532 6.369532 6.369532 6.369532 6.369532 6.369532 6.369532 6.369532 6.369532 6.369532 6.369532 6.369532 6.369532 6.369532 6.369532 6.369532 6.369532 6.369532 6.369532 6.369532 6.369532 6.369532 6.369532 6.369532 6.369532 6.369532 6.369532 6.369532 6.369532 6.369532 6.369532 6.369532 6.369532 6.369532 6.369532 6.369532 6.369532 6.369532 6.369532 6.369532 6.369532 6.369532 6.369532 6.369532 6.369532 6.369532 6.369532 6.369532 6.369532 
6.369532 6.369532 6.369532 6.369532 6.369532 6.369532 6.369532 6.369532 6.369532 6.369532 6.369532 6.369532 6.369532 6.369532 6.369532 6.369532 6.369532 6.369532 6.369532 6.369532 6.369532 6.369532 6.369532 6.369532 6.369532 6.369532 6.369532 6.369532 6.369532 6.369532 6.369532 6.369532 6.369532 6.369532 6.369532 6.369532 6.369532 6.369532 6.369532 6.369532 6.369532 6.369532 6.369532 6.369532 6.369532 6.369532 6.369532 6.369532 6.369532 6.369532 6.369532 6.369532 6.369532 6.369532 6.369532 6.369532 6.369532 6.369532 6.369532 6.369532 6.369532 6.369532 6.369532 6.369532 
6.369532 6.369532 6.369532 6.369532 6.369532 6.369532 6.369532 6.369532 6.369532 6.369532 6.369532 6.369532 6.369532 6.369532 6.369532 6.369532 6.369532 6.369532 6.369532 6.369532 6.369532 6.369532 6.369532 6.369532 6.369532 6.369532 6.369532 6.369532 6.369532 6.369532 6.369532 6.369532 6.369532 6.369532 6.369532 6.369532 6.369532 6.369532 6.369532 6.369532 6.369532 6.369532 6.369532 6.369532 6.369532 6.369532 6.369532 6.369532 6.369532 6.369532 6.369532 6.369532 6.369532 6.369532 6.369532 6.369532 6.369532 6.369532 6.369532 6.369532 6.369532 6.369532 6.369532 6.369532 
6.369532 6.369532 6.369532 6.369532 6.369532 6.369532 6.369532 6.369532 6.369532 6.369532 6.369532 6.369532 6.369532 6.369532 6.369532 6.369532 6.369532 6.369532 6.369532 6.369532 6.369532 6.369532 6.369532 6.369532 6.369532 6.369532 6.369532 6.369532 6.369532 6.369532 6.369532 6.369532 6.369532 6.369532 6.369532 6.369532 6.369532 6.369532 6.369532 6.369532 6.369532 6.369532 6.369532 6.369532 6.369532 6.369532 6.369532 6.369532 6.369532 6.369532 6.369532 6.369532 6.369532 6.369532 6.369532 6.369532 6.369532 6.369532 6.369532 6.369532 6.369532 6.369532 6.369532 6.369532 
6.369532 6.369532 6.369532 6.369532 6.369532 6.369532 6.369532 6.369532 6.369532 6.369532 6.369532 6.369532 6.369532 6.369532 6.369532 6.369532 6.369532 6.369532 6.369532 6.369532 6.369532 6.369532 6.369532 6.369532 6.369532 6.369532 6.369532 6.369532 6.369532 6.369532 6.369532 6.369532 6.369532 6.369532 6.369532 6.369532 6.369532 6.369532 6.369532 6.369532 6.369532 6.369532 6.369532 6.369532 6.369532 6.369532 6.369532 6.369532 6.369532 6.369532 6.369532 6.369532 6.369532 6.369532 6.369532 6.369532 6.369532 6.369532 6.369532 6.369532 6.369532 6.369532 6.369532 6.369532 
6.369532 6.369532 6.369532 6.369532 6.369532 6.369532 6.369532 6.369532 6.369532 6.369532 6.369532 6.369532 6.369532 6.369532 6.369532 6.369532 6.369532 6.369532 6.369532 6.369532 6.369532 6.369532 6.369532 6.369532 6.369532 6.369532 6.369532 6.369532 6.369532 6.369532 6.369532 6.369532 6.369532 6.369532 6.369532 6.369532 6.369532 6.369532 6.369532 6.369532 6.369532 6.369532 6.369532 6.369532 6.369532 6.369532 6.369532 6.369532 6.369532 6.369532 6.369532 6.369532 6.369532 6.369532 6.369532 6.369532 6.369532 6.369532 6.369532 6.369532 6.369532 6.369532 6.369532 6.369532 
6.369532 6.369532 6.369532 6.369532 6.369532 6.369532 6.369532 6.369532 6.369532 6.369532 6.369532 6.369532 6.369532 6.369532 6.369532 6.369532 6.369532 6.369532 6.369532 6.369532 6.369532 6.369532 6.369532 6.369532 6.369532 6.369532 6.369532 6.369532 6.369532 6.369532 6.369532 6.369532 6.369532 6.369532 6.369532 6.369532 6.369532 6.369532 6.369532 6.369532 6.369532 6.369532 6.369532 6.369532 6.369532 6.369532 6.369532 6.369532 6.369532 6.369532 6.369532 6.369532 6.369532 6.369532 6.369532 6.369532 6.369532 6.369532 6.369532 6.369532 6.369532 6.369532 6.369532 6.369532 
6.369532 6.369532 6.369532 6.369532 6.369532 6.369532 6.369532 6.369532 6.369532 6.369532 6.369532 6.369532 6.369532 6.369532 6.369532 6.369532 6.369532 6.369532 6.369532 6.369532 6.369532 6.369532 6.369532 6.369532 6.369532 6.369532 6.369532 6.369532 6.369532 6.369532 6.369532 6.369532 6.369532 6.369532 6.369532 6.369532 6.369532 6.369532 6.369532 6.369532 6.369532 6.369532 6.369532 6.369532 6.369532 6.369532 6.369532 6.369532 6.369532 6.369532 6.369532 6.369532 6.369532 6.369532 6.369532 6.369532 6.369532 6.369532 6.369532 6.369532 6.369532 6.369532 6.369532 6.369532 
6.369532 6.369532 6.369532 6.369532 6.369532 6.369532 6.369532 6.369532 6.369532 6.369532 6.369532 6.369532 6.369532 6.369532 6.369532 6.369532 6.369532 6.369532 6.369532 6.369532 6.369532 6.369532 6.369532 6.369532 6.369532 6.369532 6.369532 6.369532 6.369532 6.369532 6.369532 6.369532 6.369532 6.369532 6.369532 6.369532 6.369532 6.369532 6.369532 6.369532 6.369532 6.369532 6.369532 6.369532 6.369532 6.369532 6.369532 6.369532 6.369532 6.369532 6.369532 6.369532 6.369532 6.369532 6.369532 6.369532 6.369532 6.369532 6.369532 6.369532 6.369532 6.369532 6.369532 6.369532 
6.369532 6.369532 6.369532 6.369532 6.369532 6.369532 6.369532 6.369532 6.369532 6.369532 6.369532 6.369532 6.369532 6.369532 6.369532 6.369532 6.369532 6.369532 6.369532 6.369532 6.369532 6.369532 6.369532 6.369532 6.369532 6.369532 6.369532 6.369532 6.369532 6.369532 6.369532 6.369532 6.369532 6.369532 6.369532 6.369532 6.369532 6.369532 6.369532 6.369532 6.369532 6.369532 6.369532 6.369532 6.369532 6.369532 6.369532 6.369532 6.369532 6.369532 6.369532 6.369532 6.369532 6.369532 6.369532 6.369532 6.369532 6.369532 6.369532 6.369532 6.369532 6.369532 6.369532 6.369532 
6.369532 6.369532 6.369532 6.369532 6.369532 6.369532 6.369532 6.369532 6.369532 6.369532 6.369532 6.369532 6.369532 6.369532 6.369532 6.369532 6.369532 6.369532 6.369532 6.369532 6.369532 6.369532 6.369532 6.369532 6.369532 6.369532 6.369532 6.369532 6.369532 6.369532 6.369532 6.369532 6.369532 6.369532 6.369532 6.369532 6.369532 6.369532 6.369532 6.369532 6.369532 6.369532 6.369532 6.369532 6.369532 6.369532 6.369532 6.369532 6.369532 6.369532 6.369532 6.369532 6.369532 6.369532 6.369532 6.369532 6.369532 6.369532 6.369532 6.369532 6.369532 6.369532 6.369532 6.369532 
6.369532 6.369532 6.369532 6.369532 6.369532 6.369532 6.369532 6.369532 6.369532 6.369532 6.369532 6.369532 6.369532 6.369532 6.369532 6.369532 6.369532 6.369532 6.369532 6.369532 6.369532 6.369532 6.369532 6.369532 6.369532 6.369532 6.369532 6.369532 6.369532 6.369532 6.369532 6.369532 6.369532 6.369532 6.369532 6.369532 6.369532 6.369532 6.369532 6.369532 6.369532 6.369532 6.369532 6.369532 6.369532 6.369532 6.369532 6.369532 6.369532 6.369532 6.369532 6.369532 6.369532 6.369532 6.369532 6.369532 6.369532 6.369532 6.369532 6.369532 6.369532 6.369532 6.369532 6.369532 
6.369532 6.369532 6.369532 6.369532 6.369532 6.369532 6.369532 6.369532 6.369532 6.369532 6.369532 6.369532 6.369532 6.369532 6.369532 6.369532 6.369532 6.369532 6.369532 6.369532 6.369532 6.369532 6.369532 6.369532 6.369532 6.369532 6.369532 6.369532 6.369532 6.369532 6.369532 6.369532 6.369532 6.369532 6.369532 6.369532 6.369532 6.369532 6.369532 6.369532 6.369532 6.369532 6.369532 6.369532 6.369532 6.369532 6.369532 6.369532 6.369532 6.369532 6.369532 6.369532 6.369532 6.369532 6.369532 6.369532 6.369532 6.369532 6.369532 6.369532 6.369532 6.369532 6.369532 6.369532 
6.369532 6.369532 6.369532 6.369532 6.369532 6.369532 6.369532 6.369532 6.369532 6.369532 6.369532 6.369532 6.369532 6.369532 6.369532 6.369532 6.369532 6.369532 6.369532 6.369532 6.369532 6.369532 6.369532 6.369532 6.369532 6.369532 6.369532 6.369532 6.369532 6.369532 6.369532 6.369532 6.369532 6.369532 6.369532 6.369532 6.369532 6.369532 6.369532 6.369532 6.369532 6.369532 6.369532 6.369532 6.369532 6.369532 6.369532 6.369532 6.369532 6.369532 6.369532 6.369532 6.369532 6.369532 6.369532 6.369532 6.369532 6.369532 6.369532 6.369532 6.369532 6.369532 6.369532 6.369532 
6.369532 6.369532 6.369532 6.369532 6.369532 6.369532 6.369532 6.369532 6.369532 6.369532 6.369532 6.369532 6.369532 6.369532 6.369532 6.369532 6.369532 6.369532 6.369532 6.369532 6.369532 6.369532 6.369532 6.369532 6.369532 6.369532 6.369532 6.369532 6.369532 6.369532 6.369532 6.369532 6.369532 6.369532 6.369532 6.369532 6.369532 6.369532 6.369532 6.369532 6.369532 6.369532 6.369532 6.369532 6.369532 6.369532 6.369532 6.369532 6.369532 6.369532 6.369532 6.369532 6.369532 6.369532 6.369532 6.369532 6.369532 6.369532 6.369532 6.369532 6.369532 6.369532 6.369532 6.369532 
6.369532 6.369532 6.369532 6.369532 6.369532 6.369532 6.369532 6.369532 6.369532 6.369532 6.369532 6.369532 6.369532 6.369532 6.369532 6.369532 6.369532 6.369532 6.369532 6.369532 6.369532 6.369532 6.369532 6.369532 6.369532 6.369532 6.369532 6.369532 6.369532 6.369532 6.369532 6.369532 6.369532 6.369532 6.369532 6.369532 6.369532 6.369532 6.369532 6.369532 6.369532 6.369532 6.369532 6.369532 6.369532 6.369532 6.369532 6.369532 6.369532 6.369532 6.369532 6.369532 6.369532 6.369532 6.369532 6.369532 6.369532 6.369532 6.369532 6.369532 6.369532 6.369532 6.369532 6.369532 
6.369532 6.369532 6.369532 6.369532 6.369532 6.369532 6.369532 6.369532 6.369532 6.369532 6.369532 6.369532 6.369532 6.369532 6.369532 6.369532 6.369532 6.369532 6.369532 6.369532 6.369532 6.369532 6.369532 6.369532 6.369532 6.369532 6.369532 6.369532 6.369532 6.369532 6.369532 6.369532 6.369532 6.369532 6.369532 6.369532 6.369532 6.369532 6.369532 6.369532 6.369532 6.369532 6.369532 6.369532 6.369532 6.369532 6.369532 6.369532 6.369532 6.369532 6.369532 6.369532 6.369532 6.369532 6.369532 6.369532 6.369532 6.369532 6.369532 6.369532 6.369532 6.369532 6.369532 6.369532 
6.369532 6.369532 6.369532 6.369532 6.369532 6.369532 6.369532 6.369532 6.369532 6.369532 6.369532 6.369532 6.369532 6.369532 6.369532 6.369532 6.369532 6.369532 6.369532 6.369532 6.369532 6.369532 6.369532 6.369532 6.369532 6.369532 6.369532 6.369532 6.369532 6.369532 6.369532 6.369532 6.369532 6.369532 6.369532 6.369532 6.369532 6.369532 6.369532 6.369532 6.369532 6.369532 6.369532 6.369532 6.369532 6.369532 6.369532 6.369532 6.369532 6.369532 6.369532 6.369532 6.369532 6.369532 6.369532 6.369532 6.369532 6.369532 6.369532 6.369532 6.369532 6.369532 6.369532 6.369532 
6.369532 6.369532 6.369532 6.369532 6.369532 6.369532 6.369532 6.369532 6.369532 6.369532 6.369532 6.369532 6.369532 6.369532 6.369532 6.369532 6.369532 6.369532 6.369532 6.369532 6.369532 6.369532 6.369532 6.369532 6.369532 6.369532 6.369532 6.369532 6.369532 6.369532 6.369532 6.369532 6.369532 6.369532 6.369532 6.369532 6.369532 6.369532 6.369532 6.369532 6.369532 6.369532 6.369532 6.369532 6.369532 6.369532 6.369532 6.369532 6.369532 6.369532 6.369532 6.369532 6.369532 6.369532 6.369532 6.369532 6.369532 6.369532 6.369532 6.369532 6.369532 6.369532 6.369532 6.369532 
6.369532 6.369532 6.369532 6.369532 6.369532 6.369532 6.369532 6.369532 6.369532 6.369532 6.369532 6.369532 6.369532 6.369532 6.369532 6.369532 6.369532 6.369532 6.369532 6.369532 6.369532 6.369532 6.369532 6.369532 6.369532 6.369532 6.369532 6.369532 6.369532 6.369532 6.369532 6.369532 6.369532 6.369532 6.369532 6.369532 6.369532 6.369532 6.369532 6.369532 6.369532 6.369532 6.369532 6.369532 6.369532 6.369532 6.369532 6.369532 6.369532 6.369532 6.369532 6.369532 6.369532 6.369532 6.369532 6.369532 6.369532 6.369532 6.369532 6.369532 6.369532 6.369532 6.369532 6.369532 
6.369532 6.369532 6.369532 6.369532 6.369532 6.369532 6.369532 6.369532 6.369532 6.369532 6.369532 6.369532 6.369532 6.369532 6.369532 6.369532 6.369532 6.369532 6.369532 6.369532 6.369532 6.369532 6.369532 6.369532 6.369532 6.369532 6.369532 6.369532 6.369532 6.369532 6.369532 6.369532 6.369532 6.369532 6.369532 6.369532 6.369532 6.369532 6.369532 6.369532 6.369532 6.369532 6.369532 6.369532 6.369532 6.369532 6.369532 6.369532 6.369532 6.369532 6.369532 6.369532 6.369532 6.369532 6.369532 6.369532 6.369532 6.369532 6.369532 6.369532 6.369532 6.369532 6.369532 6.369532 
6.369532 6.369532 6.369532 6.369532 6.369532 6.369532 6.369532 6.369532 6.369532 6.369532 6.369532 6.369532 6.369532 6.369532 6.369532 6.369532 6.369532 6.369532 6.369532 6.369532 6.369532 6.369532 6.369532 6.369532 6.369532 6.369532 6.369532 6.369532 6.369532 6.369532 6.369532 6.369532 6.369532 6.369532 6.369532 6.369532 6.369532 6.369532 6.369532 6.369532 6.369532 6.369532 6.369532 6.369532 6.369532 6.369532 6.369532 6.369532 6.369532 6.369532 6.369532 6.369532 6.369532 6.369532 6.369532 6.369532 6.369532 6.369532 6.369532 6.369532 6.369532 6.369532 6.369532 6.369532 
6.369532 6.369532 6.369532 6.369532 6.369532 6.369532 6.369532 6.369532 6.369532 6.369532 6.369532 6.369532 6.369532 6.369532 6.369532 6.369532 6.369532 6.369532 6.369532 6.369532 6.369532 6.369532 6.369532 6.369532 6.369532 6.369532 6.369532 6.369532 6.369532 6.369532 6.369532 6.369532 6.369532 6.369532 6.369532 6.369532 6.369532 6.369532 6.369532 6.369532 6.369532 6.369532 6.369532 6.369532 6.369532 6.369532 6.369532 6.369532 6.369532 6.369532 6.369532 6.369532 6.369532 6.369532 6.369532 6.369532 6.369532 6.369532 6.369532 6.369532 6.369532 6.369532 6.369532 6.369532 
6.369532 6.369532 6.369532 6.369532 6.369532 6.369532 6.369532 6.369532 6.369532 6.369532 6.369532 6.369532 6.369532 6.369532 6.369532 6.369532 6.369532 6.369532 6.369532 6.369532 6.369532 6.369532 6.369532 6.369532 6.369532 6.369532 6.369532 6.369532 6.369532 6.369532 6.369532 6.369532 6.369532 6.369532 6.369532 6.369532 6.369532 6.369532 6.369532 6.369532 6.369532 6.369532 6.369532 6.369532 6.369532 6.369532 6.369532 6.369532 6.369532 6.369532 6.369532 6.369532 6.369532 6.369532 6.369532 6.369532 6.369532 6.369532 6.369532 6.369532 6.369532 6.369532 6.369532 6.369532 
6.369532 6.369532 6.369532 6.369532 6.369532 6.369532 6.369532 6.369532 6.369532 6.369532 6.369532 6.369532 6.369532 6.369532 6.369532 6.369532 6.369532 6.369532 6.369532 6.369532 6.369532 6.369532 6.369532 6.369532 6.369532 6.369532 6.369532 6.369532 6.369532 6.369532 6.369532 6.369532 6.369532 6.369532 6.369532 6.369532 6.369532 6.369532 6.369532 6.369532 6.369532 6.369532 6.369532 6.369532 6.369532 6.369532 6.369532 6.369532 6.369532 6.369532 6.369532 6.369532 6.369532 6.369532 6.369532 6.369532 6.369532 6.369532 6.369532 6.369532 6.369532 6.369532 6.369532 6.369532 
6.369532 6.369532 6.369532 6.369532 6.369532 6.369532 6.369532 6.369532 6.369532 6.369532 6.369532 6.369532 6.369532 6.369532 6.369532 6.369532 6.369532 6.369532 6.369532 6.369532 6.369532 6.369532 6.369532 6.369532 6.369532 6.369532 6.369532 6.369532 6.369532 6.369532 6.369532 6.369532 6.369532 6.369532 6.369532 6.369532 6.369532 6.369532 6.369532 6.369532 6.369532 6.369532 6.369532 6.369532 6.369532 6.369532 6.369532 6.369532 6.369532 6.369532 6.369532 6.369532 6.369532 6.369532 6.369532 6.369532 6.369532 6.369532 6.369532 6.369532 6.369532 6.369532 6.369532 6.369532 
6.369532 6.369532 6.369532 6.369532 6.369532 6.369532 6.369532 6.369532 6.369532 6.369532 6.369532 6.369532 6.369532 6.369532 6.369532 6.369532 6.369532 6.369532 6.369532 6.369532 6.369532 6.369532 6.369532 6.369532 6.369532 6.369532 6.369532 6.369532 6.369532 6.369532 6.369532 6.369532 6.369532 6.369532 6.369532 6.369532 6.369532 6.369532 6.369532 6.369532 6.369532 6.369532 6.369532 6.369532 6.369532 6.369532 6.369532 6.369532 6.369532 6.369532 6.369532 6.369532 6.369532 6.369532 6.369532 6.369532 6.369532 6.369532 6.369532 6.369532 6.369532 6.369532 6.369532 6.369532 
6.369532 6.369532 6.369532 6.369532 6.369532 6.369532 6.369532 6.369532 6.369532 6.369532 6.369532 6.369532 6.369532 6.369532 6.369532 6.369532 6.369532 6.369532 6.369532 6.369532 6.369532 6.369532 6.369532 6.369532 6.369532 6.369532 6.369532 6.369532 6.369532 6.369532 6.369532 6.369532 6.369532 6.369532 6.369532 6.369532 6.369532 6.369532 6.369532 6.369532 6.369532 6.369532 6.369532 6.369532 6.369532 6.369532 6.369532 6.369532 6.369532 6.369532 6.369532 6.369532 6.369532 6.369532 6.369532 6.369532 6.369532 6.369532 6.369532 6.369532 6.369532 6.369532 6.369532 6.369532 
6.369532 6.369532 6.369532 6.369532 6.369532 6.369532 6.369532 6.369532 6.369532 6.369532 6.369532 6.369532 6.369532 6.369532 6.369532 6.369532 6.369532 6.369532 6.369532 6.369532 6.369532 6.369532 6.369532 6.369532 6.369532 6.369532 6.369532 6.369532 6.369532 6.369532 6.369532 6.369532 6.369532 6.369532 6.369532 6.369532 6.369532 6.369532 6.369532 6.369532 6.369532 6.369532 6.369532 6.369532 6.369532 6.369532 6.369532 6.369532 6.369532 6.369532 6.369532 6.369532 6.369532 6.369532 6.369532 6.369532 6.369532 6.369532 6.369532 6.369532 6.369532 6.369532 6.369532 6.369532 
6.369532 6.369532 6.369532 6.369532 6.369532 6.369532 6.369532 6.369532 6.369532 6.369532 6.369532 6.369532 6.369532 6.369532 6.369532 6.369532 6.369532 6.369532 6.369532 6.369532 6.369532 6.369532 6.369532 6.369532 6.369532 6.369532 6.369532 6.369532 6.369532 6.369532 6.369532 6.369532 6.369532 6.369532 6.369532 6.369532 6.369532 6.369532 6.369532 6.369532 6.369532 6.369532 6.369532 6.369532 6.369532 6.369532 6.369532 6.369532 6.369532 6.369532 6.369532 6.369532 6.369532 6.369532 6.369532 6.369532 6.369532 6.369532 6.369532 6.369532 6.369532 6.369532 6.369532 6.369532 
6.369532 6.369532 6.369532 6.369532 6.369532 6.369532 6.369532 6.369532 6.369532 6.369532 6.369532 6.369532 6.369532 6.369532 6.369532 6.369532 6.369532 6.369532 6.369532 6.369532 6.369532 6.369532 6.369532 6.369532 6.369532 6.369532 6.369532 6.369532 6.369532 6.369532 6.369532 6.369532 6.369532 6.369532 6.369532 6.369532 6.369532 6.369532 6.369532 6.369532 6.369532 6.369532 6.369532 6.369532 6.369532 6.369532 6.369532 6.369532 6.369532 6.369532 6.369532 6.369532 6.369532 6.369532 6.369532 6.369532 6.369532 6.369532 6.369532 6.369532 6.369532 6.369532 6.369532 6.369532 
6.369532 6.369532 6.369532 6.369532 6.369532 6.369532 6.369532 6.369532 6.369532 6.369532 6.369532 6.369532 6.369532 6.369532 6.369532 6.369532 6.369532 6.369532 6.369532 6.369532 6.369532 6.369532 6.369532 6.369532 6.369532 6.369532 6.369532 6.369532 6.369532 6.369532 6.369532 6.369532 6.369532 6.369532 6.369532 6.369532 6.369532 6.369532 6.369532 6.369532 6.369532 6.369532 6.369532 6.369532 6.369532 6.369532 6.369532 6.369532 6.369532 6.369532 6.369532 6.369532 6.369532 6.369532 6.369532 6.369532 6.369532 6.369532 6.369532 6.369532 6.369532 6.369532 6.369532 6.369532 
6.369532 6.369532 6.369532 6.369532 6.369532 6.369532 6.369532 6.369532 6.369532 6.369532 6.369532 6.369532 6.369532 6.369532 6.369532 6.369532 6.369532 6.369532 6.369532 6.369532 6.369532 6.369532 6.369532 6.369532 6.369532 6.369532 6.369532 6.369532 6.369532 6.369532 6.369532 6.369532 6.369532 6.369532 6.369532 6.369532 6.369532 6.369532 6.369532 6.369532 6.369532 6.369532 6.369532 6.369532 6.369532 6.369532 6.369532 6.369532 6.369532 6.369532 6.369532 6.369532 6.369532 6.369532 6.369532 6.369532 6.369532 6.369532 6.369532 6.369532 6.369532 6.369532 6.369532 6.369532 
6.369532 6.369532 6.369532 6.369532 6.369532 6.369532 6.369532 6.369532 6.369532 6.369532 6.369532 6.369532 6.369532 6.369532 6.369532 6.369532 6.369532 6.369532 6.369532 6.369532 6.369532 6.369532 6.369532 6.369532 6.369532 6.369532 6.369532 6.369532 6.369532 6.369532 6.369532 6.369532 6.369532 6.369532 6.369532 6.369532 6.369532 6.369532 6.369532 6.369532 6.369532 6.369532 6.369532 6.369532 6.369532 6.369532 6.369532 6.369532 6.369532 6.369532 6.369532 6.369532 6.369532 6.369532 6.369532 6.369532 6.369532 6.369532 6.369532 6.369532 6.369532 6.369532 6.369532 6.369532 
6.369532 6.369532 6.369532 6.369532 6.369532 6.369532 6.369532 6.369532 6.369532 6.369532 6.369532 6.369532 6.369532 6.369532 6.369532 6.369532 6.369532 6.369532 6.369532 6.369532 6.369532 6.369532 6.369532 6.369532 6.369532 6.369532 6.369532 6.369532 6.369532 6.369532 6.369532 6.369532 6.369532 6.369532 6.369532 6.369532 6.369532 6.369532 6.369532 6.369532 6.369532 6.369532 6.369532 6.369532 6.369532 6.369532 6.369532 6.369532 6.369532 6.369532 6.369532 6.369532 6.369532 6.369532 6.369532 6.369532 6.369532 6.369532 6.369532 6.369532 6.369532 6.369532 6.369532 6.369532 
6.369532 6.369532 6.369532 6.369532 6.369532 6.369532 6.369532 6.369532 6.369532 6.369532 6.369532 6.369532 6.369532 6.369532 6.369532 6.369532 6.369532 6.369532 6.369532 6.369532 6.369532 6.369532 6.369532 6.369532 6.369532 6.369532 6.369532 6.369532 6.369532 6.369532 6.369532 6.369532 6.369532 6.369532 6.369532 6.369532 6.369532 6.369532 6.369532 6.369532 6.369532 6.369532 6.369532 6.369532 6.369532 6.369532 6.369532 6.369532 6.369532 6.369532 6.369532 6.369532 6.369532 6.369532 6.369532 6.369532 6.369532 6.369532 6.369532 6.369532 6.369532 6.369532 6.369532 6.369532 
6.369532 6.369532 6.369532 6.369532 6.369532 6.369532 6.369532 6.369532 6.369532 6.369532 6.369532 6.369532 6.369532 6.369532 6.369532 6.369532 6.369532 6.369532 6.369532 6.369532 6.369532 6.369532 6.369532 6.369532 6.369532 6.369532 6.369532 6.369532 6.369532 6.369532 6.369532 6.369532 6.369532 6.369532 6.369532 6.369532 6.369532 6.369532 6.369532 6.369532 6.369532 6.369532 6.369532 6.369532 6.369532 6.369532 6.369532 6.369532 6.369532 6.369532 6.369532 6.369532 6.369532 6.369532 6.369532 6.369532 6.369532 6.369532 6.369532 6.369532 6.369532 6.369532 6.369532 6.369532 
6.369532 6.369532 6.369532 6.369532 6.369532 6.369532 6.369532 6.369532 6.369532 6.369532 6.369532 6.369532 6.369532 6.369532 6.369532 6.369532 6.369532 6.369532 6.369532 6.369532 6.369532 6.369532 6.369532 6.369532 6.369532 6.369532 6.369532 6.369532 6.369532 6.369532 6.369532 6.369532 6.369532 6.369532 6.369532 6.369532 6.369532 6.369532 6.369532 6.369532 6.369532 6.369532 6.369532 6.369532 6.369532 6.369532 6.369532 6.369532 6.369532 6.369532 6.369532 6.369532 6.369532 6.369532 6.369532 6.369532 6.369532 6.369532 6.369532 6.369532 6.369532 6.369532 6.369532 6.369532 
6.369532 6.369532 6.369532 6.369532 6.369532 6.369532 6.369532 6.369532 6.369532 6.369532 6.369532 6.369532 6.369532 6.369532 6.369532 6.369532 6.369532 6.369532 6.369532 6.369532 6.369532 6.369532 6.369532 6.369532 6.369532 6.369532 6.369532 6.369532 6.369532 6.369532 6.369532 6.369532 6.369532 6.369532 6.369532 6.369532 6.369532 6.369532 6.369532 6.369532 6.369532 6.369532 6.369532 6.369532 6.369532 6.369532 6.369532 6.369532 6.369532 6.369532 6.369532 6.369532 6.369532 6.369532 6.369532 6.369532 6.369532 6.369532 6.369532 6.369532 6.369532 6.369532 6.369532 6.369532 
6.369532 6.369532 6.369532 6.369532 6.369532 6.369532 6.369532 6.369532 6.369532 6.369532 6.369532 6.369532 6.369532 6.369532 6.369532 6.369532 6.369532 6.369532 6.369532 6.369532 6.369532 6.369532 6.369532 6.369532 6.369532 6.369532 6.369532 6.369532 6.369532 6.369532 6.369532 6.369532 6.369532 6.369532 6.369532 6.369532 6.369532 6.369532 6.369532 6.369532 6.369532 6.369532 6.369532 6.369532 6.369532 6.369532 6.369532 6.369532 6.369532 6.369532 6.369532 6.369532 6.369532 6.369532 6.369532 6.369532 6.369532 6.369532 6.369532 6.369532 6.369532 6.369532 6.369532 6.369532 
6.369532 6.369532 6.369532 6.369532 6.369532 6.369532 6.369532 6.369532 6.369532 6.369532 6.369532 6.369532 6.369532 6.369532 6.369532 6.369532 6.369532 6.369532 6.369532 6.369532 6.369532 6.369532 6.369532 6.369532 6.369532 6.369532 6.369532 6.369532 6.369532 6.369532 6.369532 6.369532 6.369532 6.369532 6.369532 6.369532 6.369532 6.369532 6.369532 6.369532 6.369532 6.369532 6.369532 6.369532 6.369532 6.369532 6.369532 6.369532 6.369532 6.369532 6.369532 6.369532 6.369532 6.369532 6.369532 6.369532 6.369532 6.369532 6.369532 6.369532 6.369532 6.369532 6.369532 6.369532 
6.369532 6.369532 6.369532 6.369532 6.369532 6.369532 6.369532 6.369532 6.369532 6.369532 6.369532 6.369532 6.369532 6.369532 6.369532 6.369532 6.369532 6.369532 6.369532 6.369532 6.369532 6.369532 6.369532 6.369532 6.369532 6.369532 6.369532 6.369532 6.369532 6.369532 6.369532 6.369532 6.369532 6.369532 6.369532 6.369532 6.369532 6.369532 6.369532 6.369532 6.369532 6.369532 6.369532 6.369532 6.369532 6.369532 6.369532 6.369532 6.369532 6.369532 6.369532 6.369532 6.369532 6.369532 6.369532 6.369532 6.369532 6.369532 6.369532 6.369532 6.369532 6.369532 6.369532 6.369532 
6.369532 6.369532 6.369532 6.369532 6.369532 6.369532 6.369532 6.369532 6.369532 6.369532 6.369532 6.369532 6.369532 6.369532 6.369532 6.369532 6.369532 6.369532 6.369532 6.369532 6.369532 6.369532 6.369532 6.369532 6.369532 6.369532 6.369532 6.369532 6.369532 6.369532 6.369532 6.369532 6.369532 6.369532 6.369532 6.369532 6.369532 6.369532 6.369532 6.369532 6.369532 6.369532 6.369532 6.369532 6.369532 6.369532 6.369532 6.369532 6.369532 6.369532 6.369532 6.369532 6.369532 6.369532 6.369532 6.369532 6.369532 6.369532 6.369532 6.369532 6.369532 6.369532 6.369532 6.369532 
6.369532 6.369532 6.369532 6.369532 6.369532 6.369532 6.369532 6.369532 6.369532 6.369532 6.369532 6.369532 6.369532 6.369532 6.369532 6.369532 6.369532 6.369532 6.369532 6.369532 6.369532 6.369532 6.369532 6.369532 6.369532 6.369532 6.369532 6.369532 6.369532 6.369532 6.369532 6.369532 6.369532 6.369532 6.369532 6.369532 6.369532 6.369532 6.369532 6.369532 6.369532 6.369532 6.369532 6.369532 6.369532 6.369532 6.369532 6.369532 6.369532 6.369532 6.369532 6.369532 6.369532 6.369532 6.369532 6.369532 6.369532 6.369532 6.369532 6.369532 6.369532 6.369532 6.369532 6.369532 
6.369532 6.369532 6.369532 6.369532 6.369532 6.369532 6.369532 6.369532 6.369532 6.369532 6.369532 6.369532 6.369532 6.369532 6.369532 6.369532 6.369532 6.369532 6.369532 6.369532 6.369532 6.369532 6.369532 6.369532 6.369532 6.369532 6.369532 6.369532 6.369532 6.369532 6.369532 6.369532 6.369532 6.369532 6.369532 6.369532 6.369532 6.369532 6.369532 6.369532 6.369532 6.369532 6.369532 6.369532 6.369532 6.369532 6.369532 6.369532 6.369532 6.369532 6.369532 6.369532 6.369532 6.369532 6.369532 6.369532 6.369532 6.369532 6.369532 6.369532 6.369532 6.369532 6.369532 6.369532 
