6.167846 6.167846 6.167846 6.167846 6.167846 6.167846 6.167846 6.167846 6.167846 6.167846 6.167846 6.167846 6.167846 6.167846 6.167846 6.167846 6.167846 6.167846 6.167846 6.167846 6.167846 6.167846 6.167846 6.167846 6.167846 6.167846 6.167846 6.167846 6.167846 6.167846 6.167846 6.167846 6.167846 6.167846 6.167846 6.167846 6.167846 6.167846 6.167846 6.167846 6.167846 6.167846 6.167846 6.167846 6.167846 6.167846 6.167846 6.167846 6.167846 6.167846 6.167846 6.167846 6.167846 6.167846 6.167846 6.167846 6.167846 6.167846 6.167846 6.167846 6.167846 6.167846 6.167846 6.167846 
6.167846 6.167846 6.167846 6.167846 6.167846 6.167846 6.167846 6.167846 6.167846 6.167846 6.167846 6.167846 6.167846 6.167846 6.167846 6.167846 6.167846 6.167846 6.167846 6.167846 6.167846 6.167846 6.167846 6.167846 6.167846 6.167846 6.167846 6.167846 6.167846 6.167846 6.167846 6.167846 6.167846 6.167846 6.167846 6.167846 6.167846 6.167846 6.167846 6.167846 6.167846 6.167846 6.167846 6.167846 6.167846 6.167846 6.167846 6.167846 6.167846 6.167846 6.167846 6.167846 6.167846 6.167846 6.167846 6.167846 6.167846 6.167846 6.167846 6.167846 6.167846 6.167846 6.167846 6.167846 
6.167846 6.167846 6.167846 6.167846 6.167846 6.167846 6.167846 6.167846 6.167846 6.167846 6.167846 6.167846 6.167846 6.167846 6.167846 6.167846 6.167846 6.167846 6.167846 6.167846 6.167846 6.167846 6.167846 6.167846 6.167846 6.167846 6.167846 6.167846 6.167846 6.167846 6.167846 6.167846 6.167846 6.167846 6.167846 6.167846 6.167846 6.167846 6.167846 6.167846 6.167846 6.167846 6.167846 6.167846 6.167846 6.167846 6.167846 6.167846 6.167846 6.167846 6.167846 6.167846 6.167846 6.167846 6.167846 6.167846 6.167846 6.167846 6.167846 6.167846 6.167846 6.167846 6.167846 6.167846 
6.167846 6.167846 6.167846 6.167846 6.167846 6.167846 6.167846 6.167846 6.167846 6.167846 6.167846 6.167846 6.167846 6.167846 6.167846 6.167846 6.167846 6.167846 6.167846 6.167846 6.167846 6.167846 6.167846 6.167846 6.167846 6.167846 6.167846 6.167846 6.167846 6.167846 6.167846 6.167846 6.167846 6.167846 6.167846 6.167846 6.167846 6.167846 6.167846 6.167846 6.167846 6.167846 6.167846 6.167846 6.167846 6.167846 6.167846 6.167846 6.167846 6.167846 6.167846 6.167846 6.167846 6.167846 6.167846 6.167846 6.167846 6.167846 6.167846 6.167846 6.167846 6.167846 6.167846 6.167846 
6.167846 6.167846 6.167846 6.167846 6.167846 6.167846 6.167846 6.167846 6.167846 6.167846 6.167846 6.167846 6.167846 6.167846 6.167846 6.167846 6.167846 6.167846 6.167846 6.167846 6.167846 6.167846 6.167846 6.167846 6.167846 6.167846 6.167846 6.167846 6.167846 6.167846 6.167846 6.167846 6.167846 6.167846 6.167846 6.167846 6.167846 6.167846 6.167846 6.167846 6.167846 6.167846 6.167846 6.167846 6.167846 6.167846 6.167846 6.167846 6.167846 6.167846 6.167846 6.167846 6.167846 6.167846 6.167846 6.167846 6.167846 6.167846 6.167846 6.167846 6.167846 6.167846 6.167846 6.167846 
6.167846 6.167846 6.167846 6.167846 6.167846 6.167846 6.167846 6.167846 6.167846 6.167846 6.167846 6.167846 6.167846 6.167846 6.167846 6.167846 6.167846 6.167846 6.167846 6.167846 6.167846 6.167846 6.167846 6.167846 6.167846 6.167846 6.167846 6.167846 6.167846 6.167846 6.167846 6.167846 6.167846 6.167846 6.167846 6.167846 6.167846 6.167846 6.167846 6.167846 6.167846 6.167846 6.167846 6.167846 6.167846 6.167846 6.167846 6.167846 6.167846 6.167846 6.167846 6.167846 6.167846 6.167846 6.167846 6.167846 6.167846 6.167846 6.167846 6.167846 6.167846 6.167846 6.167846 6.167846 
6.167846 6.167846 6.167846 6.167846 6.167846 6.167846 6.167846 6.167846 6.167846 6.167846 6.167846 6.167846 6.167846 6.167846 6.167846 6.167846 6.167846 6.167846 6.167846 6.167846 6.167846 6.167846 6.167846 6.167846 6.167846 6.167846 6.167846 6.167846 6.167846 6.167846 6.167846 6.167846 6.167846 6.167846 6.167846 6.167846 6.167846 6.167846 6.167846 6.167846 6.167846 6.167846 6.167846 6.167846 6.167846 6.167846 6.167846 6.167846 6.167846 6.167846 6.167846 6.167846 6.167846 6.167846 6.167846 6.167846 6.167846 6.167846 6.167846 6.167846 6.167846 6.167846 6.167846 6.167846 
6.167846 6.167846 6.167846 6.167846 6.167846 6.167846 6.167846 6.167846 6.167846 6.167846 6.167846 6.167846 6.167846 6.167846 6.167846 6.167846 6.167846 6.167846 6.167846 6.167846 6.167846 6.167846 6.167846 6.167846 6.167846 6.167846 6.167846 6.167846 6.167846 6.167846 6.167846 6.167846 6.167846 6.167846 6.167846 6.167846 6.167846 6.167846 6.167846 6.167846 6.167846 6.167846 6.167846 6.167846 6.167846 6.167846 6.167846 6.167846 6.167846 6.167846 6.167846 6.167846 6.167846 6.167846 6.167846 6.167846 6.167846 6.167846 6.167846 6.167846 6.167846 6.167846 6.167846 6.167846 
6.167846 6.167846 6.167846 6.167846 6.167846 6.167846 6.167846 6.167846 6.167846 6.167846 6.167846 6.167846 6.167846 6.167846 6.167846 6.167846 6.167846 6.167846 6.167846 6.167846 6.167846 6.167846 6.167846 6.167846 6.167846 6.167846 6.167846 6.167846 6.167846 6.167846 6.167846 6.167846 6.167846 6.167846 6.167846 6.167846 6.167846 6.167846 6.167846 6.167846 6.167846 6.167846 6.167846 6.167846 6.167846 6.167846 6.167846 6.167846 6.167846 6.167846 6.167846 6.167846 6.167846 6.167846 6.167846 6.167846 6.167846 6.167846 6.167846 6.167846 6.167846 6.167846 6.167846 6.167846 
6.167846 6.167846 6.167846 6.167846 6.167846 6.167846 6.167846 6.167846 6.167846 6.167846 6.167846 6.167846 6.167846 6.167846 6.167846 6.167846 6.167846 6.167846 6.167846 6.167846 6.167846 6.167846 6.167846 6.167846 6.167846 6.167846 6.167846 6.167846 6.167846 6.167846 6.167846 6.167846 6.167846 6.167846 6.167846 6.167846 6.167846 6.167846 6.167846 6.167846 6.167846 6.167846 6.167846 6.167846 6.167846 6.167846 6.167846 6.167846 6.167846 6.167846 6.167846 6.167846 6.167846 6.167846 6.167846 6.167846 6.167846 6.167846 6.167846 6.167846 6.167846 6.167846 6.167846 6.167846 
6.167846 6.167846 6.167846 6.167846 6.167846 6.167846 6.167846 6.167846 6.167846 6.167846 6.167846 6.167846 6.167846 6.167846 6.167846 6.167846 6.167846 6.167846 6.167846 6.167846 6.167846 6.167846 6.167846 6.167846 6.167846 6.167846 6.167846 6.167846 6.167846 6.167846 6.167846 6.167846 6.167846 6.167846 6.167846 6.167846 6.167846 6.167846 6.167846 6.167846 6.167846 6.167846 6.167846 6.167846 6.167846 6.167846 6.167846 6.167846 6.167846 6.167846 6.167846 6.167846 6.167846 6.167846 6.167846 6.167846 6.167846 6.167846 6.167846 6.167846 6.167846 6.167846 6.167846 6.167846 
6.167846 6.167846 6.167846 6.167846 6.167846 6.167846 6.167846 6.167846 6.167846 6.167846 6.167846 6.167846 6.167846 6.167846 6.167846 6.167846 6.167846 6.167846 6.167846 6.167846 6.167846 6.167846 6.167846 6.167846 6.167846 6.167846 6.167846 6.167846 6.167846 6.167846 6.167846 6.167846 6.167846 6.167846 6.167846 6.167846 6.167846 6.167846 6.167846 6.167846 6.167846 6.167846 6.167846 6.167846 6.167846 6.167846 6.167846 6.167846 6.167846 6.167846 6.167846 6.167846 6.167846 6.167846 6.167846 6.167846 6.167846 6.167846 6.167846 6.167846 6.167846 6.167846 6.167846 6.167846 
6.167846 6.167846 6.167846 6.167846 6.167846 6.167846 6.167846 6.167846 6.167846 6.167846 6.167846 6.167846 6.167846 6.167846 6.167846 6.167846 6.167846 6.167846 6.167846 6.167846 6.167846 6.167846 6.167846 6.167846 6.167846 6.167846 6.167846 6.167846 6.167846 6.167846 6.167846 6.167846 6.167846 6.167846 6.167846 6.167846 6.167846 6.167846 6.167846 6.167846 6.167846 6.167846 6.167846 6.167846 6.167846 6.167846 6.167846 6.167846 6.167846 6.167846 6.167846 6.167846 6.167846 6.167846 6.167846 6.167846 6.167846 6.167846 6.167846 6.167846 6.167846 6.167846 6.167846 6.167846 
6.167846 6.167846 6.167846 6.167846 6.167846 6.167846 6.167846 6.167846 6.167846 6.167846 6.167846 6.167846 6.167846 6.167846 6.167846 6.167846 6.167846 6.167846 6.167846 6.167846 6.167846 6.167846 6.167846 6.167846 6.167846 6.167846 6.167846 6.167846 6.167846 6.167846 6.167846 6.167846 6.167846 6.167846 6.167846 6.167846 6.167846 6.167846 6.167846 6.167846 6.167846 6.167846 6.167846 6.167846 6.167846 6.167846 6.167846 6.167846 6.167846 6.167846 6.167846 6.167846 6.167846 6.167846 6.167846 6.167846 6.167846 6.167846 6.167846 6.167846 6.167846 6.167846 6.167846 6.167846 
6.167846 6.167846 6.167846 6.167846 6.167846 6.167846 6.167846 6.167846 6.167846 6.167846 6.167846 6.167846 6.167846 6.167846 6.167846 6.167846 6.167846 6.167846 6.167846 6.167846 6.167846 6.167846 6.167846 6.167846 6.167846 6.167846 6.167846 6.167846 6.167846 6.167846 6.167846 6.167846 6.167846 6.167846 6.167846 6.167846 6.167846 6.167846 6.167846 6.167846 6.167846 6.167846 6.167846 6.167846 6.167846 6.167846 6.167846 6.167846 6.167846 6.167846 6.167846 6.167846 6.167846 6.167846 6.167846 6.167846 6.167846 6.167846 6.167846 6.167846 6.167846 6.167846 6.167846 6.167846 
6.167846 6.167846 6.167846 6.167846 6.167846 6.167846 6.167846 6.167846 6.167846 6.167846 6.167846 6.167846 6.167846 6.167846 6.167846 6.167846 6.167846 6.167846 6.167846 6.167846 6.167846 6.167846 6.167846 6.167846 6.167846 6.167846 6.167846 6.167846 6.167846 6.167846 6.167846 6.167846 6.167846 6.167846 6.167846 6.167846 6.167846 6.167846 6.167846 6.167846 6.167846 6.167846 6.167846 6.167846 6.167846 6.167846 6.167846 6.167846 6.167846 6.167846 6.167846 6.167846 6.167846 6.167846 6.167846 6.167846 6.167846 6.167846 6.167846 6.167846 6.167846 6.167846 6.167846 6.167846 
6.167846 6.167846 6.167846 6.167846 6.167846 6.167846 6.167846 6.167846 6.167846 6.167846 6.167846 6.167846 6.167846 6.167846 6.167846 6.167846 6.167846 6.167846 6.167846 6.167846 6.167846 6.167846 6.167846 6.167846 6.167846 6.167846 6.167846 6.167846 6.167846 6.167846 6.167846 6.167846 6.167846 6.167846 6.167846 6.167846 6.167846 6.167846 6.167846 6.167846 6.167846 6.167846 6.167846 6.167846 6.167846 6.167846 6.167846 6.167846 6.167846 6.167846 6.167846 6.167846 6.167846 6.167846 6.167846 6.167846 6.167846 6.167846 6.167846 6.167846 6.167846 6.167846 6.167846 6.167846 
6.167846 6.167846 6.167846 6.167846 6.167846 6.167846 6.167846 6.167846 6.167846 6.167846 6.167846 6.167846 6.167846 6.167846 6.167846 6.167846 6.167846 6.167846 6.167846 6.167846 6.167846 6.167846 6.167846 6.167846 6.167846 6.167846 6.167846 6.167846 6.167846 6.167846 6.167846 6.167846 6.167846 6.167846 6.167846 6.167846 6.167846 6.167846 6.167846 6.167846 6.167846 6.167846 6.167846 6.167846 6.167846 6.167846 6.167846 6.167846 6.167846 6.167846 6.167846 6.167846 6.167846 6.167846 6.167846 6.167846 6.167846 6.167846 6.167846 6.167846 6.167846 6.167846 6.167846 6.167846 
6.167846 6.167846 6.167846 6.167846 6.167846 6.167846 6.167846 6.167846 6.167846 6.167846 6.167846 6.167846 6.167846 6.167846 6.167846 6.167846 6.167846 6.167846 6.167846 6.167846 6.167846 6.167846 6.167846 6.167846 6.167846 6.167846 6.167846 6.167846 6.167846 6.167846 6.167846 6.167846 6.167846 6.167846 6.167846 6.167846 6.167846 6.167846 6.167846 6.167846 6.167846 6.167846 6.167846 6.167846 6.167846 6.167846 6.167846 6.167846 6.167846 6.167846 6.167846 6.167846 6.167846 6.167846 6.167846 6.167846 6.167846 6.167846 6.167846 6.167846 6.167846 6.167846 6.167846 6.167846 
6.167846 6.167846 6.167846 6.167846 6.167846 6.167846 6.167846 6.167846 6.167846 6.167846 6.167846 6.167846 6.167846 6.167846 6.167846 6.167846 6.167846 6.167846 6.167846 6.167846 6.167846 6.167846 6.167846 6.167846 6.167846 6.167846 6.167846 6.167846 6.167846 6.167846 6.167846 6.167846 6.167846 6.167846 6.167846 6.167846 6.167846 6.167846 6.167846 6.167846 6.167846 6.167846 6.167846 6.167846 6.167846 6.167846 6.167846 6.167846 6.167846 6.167846 6.167846 6.167846 6.167846 6.167846 6.167846 6.167846 6.167846 6.167846 6.167846 6.167846 6.167846 6.167846 6.167846 6.167846 
6.167846 6.167846 6.167846 6.167846 6.167846 6.167846 6.167846 6.167846 6.167846 6.167846 6.167846 6.167846 6.167846 6.167846 6.167846 6.167846 6.167846 6.167846 6.167846 6.167846 6.167846 6.167846 6.167846 6.167846 6.167846 6.167846 6.167846 6.167846 6.167846 6.167846 6.167846 6.167846 6.167846 6.167846 6.167846 6.167846 6.167846 6.167846 6.167846 6.167846 6.167846 6.167846 6.167846 6.167846 6.167846 6.167846 6.167846 6.167846 6.167846 6.167846 6.167846 6.167846 6.167846 6.167846 6.167846 6.167846 6.167846 6.167846 6.167846 6.167846 6.167846 6.167846 6.167846 6.167846 
6.167846 6.167846 6.167846 6.167846 6.167846 6.167846 6.167846 6.167846 6.167846 6.167846 6.167846 6.167846 6.167846 6.167846 6.167846 6.167846 6.167846 6.167846 6.167846 6.167846 6.167846 6.167846 6.167846 6.167846 6.167846 6.167846 6.167846 6.167846 6.167846 6.167846 6.167846 6.167846 6.167846 6.167846 6.167846 6.167846 6.167846 6.167846 6.167846 6.167846 6.167846 6.167846 6.167846 6.167846 6.167846 6.167846 6.167846 6.167846 6.167846 6.167846 6.167846 6.167846 6.167846 6.167846 6.167846 6.167846 6.167846 6.167846 6.167846 6.167846 6.167846 6.167846 6.167846 6.167846 
6.167846 6.167846 6.167846 6.167846 6.167846 6.167846 6.167846 6.167846 6.167846 6.167846 6.167846 6.167846 6.167846 6.167846 6.167846 6.167846 6.167846 6.167846 6.167846 6.167846 6.167846 6.167846 6.167846 6.167846 6.167846 6.167846 6.167846 6.167846 6.167846 6.167846 6.167846 6.167846 6.167846 6.167846 6.167846 6.167846 6.167846 6.167846 6.167846 6.167846 6.167846 6.167846 6.167846 6.167846 6.167846 6.167846 6.167846 6.167846 6.167846 6.167846 6.167846 6.167846 6.167846 6.167846 6.167846 6.167846 6.167846 6.167846 6.167846 6.167846 6.167846 6.167846 6.167846 6.167846 
6.167846 6.167846 6.167846 6.167846 6.167846 6.167846 6.167846 6.167846 6.167846 6.167846 6.167846 6.167846 6.167846 6.167846 6.167846 6.167846 6.167846 6.167846 6.167846 6.167846 6.167846 6.167846 6.167846 6.167846 6.167846 6.167846 6.167846 6.167846 6.167846 6.167846 6.167846 6.167846 6.167846 6.167846 6.167846 6.167846 6.167846 6.167846 6.167846 6.167846 6.167846 6.167846 6.167846 6.167846 6.167846 6.167846 6.167846 6.167846 6.167846 6.167846 6.167846 6.167846 6.167846 6.167846 6.167846 6.167846 6.167846 6.167846 6.167846 6.167846 6.167846 6.167846 6.167846 6.167846 
6.167846 6.167846 6.167846 6.167846 6.167846 6.167846 6.167846 6.167846 6.167846 6.167846 6.167846 6.167846 6.167846 6.167846 6.167846 6.167846 6.167846 6.167846 6.167846 6.167846 6.167846 6.167846 6.167846 6.167846 6.167846 6.167846 6.167846 6.167846 6.167846 6.167846 6.167846 6.167846 6.167846 6.167846 6.167846 6.167846 6.167846 6.167846 6.167846 6.167846 6.167846 6.167846 6.167846 6.167846 6.167846 6.167846 6.167846 6.167846 6.167846 6.167846 6.167846 6.167846 6.167846 6.167846 6.167846 6.167846 6.167846 6.167846 6.167846 6.167846 6.167846 6.167846 6.167846 6.167846 
6.167846 6.167846 6.167846 6.167846 6.167846 6.167846 6.167846 6.167846 6.167846 6.167846 6.167846 6.167846 6.167846 6.167846 6.167846 6.167846 6.167846 6.167846 6.167846 6.167846 6.167846 6.167846 6.167846 6.167846 6.167846 6.167846 6.167846 6.167846 6.167846 6.167846 6.167846 6.167846 6.167846 6.167846 6.167846 6.167846 6.167846 6.167846 6.167846 6.167846 6.167846 6.167846 6.167846 6.167846 6.167846 6.167846 6.167846 6.167846 6.167846 6.167846 6.167846 6.167846 6.167846 6.167846 6.167846 6.167846 6.167846 6.167846 6.167846 6.167846 6.167846 6.167846 6.167846 6.167846 
6.167846 6.167846 6.167846 6.167846 6.167846 6.167846 6.167846 6.167846 6.167846 6.167846 6.167846 6.167846 6.167846 6.167846 6.167846 6.167846 6.167846 6.167846 6.167846 6.167846 6.167846 6.167846 6.167846 6.167846 6.167846 6.167846 6.167846 6.167846 6.167846 6.167846 6.167846 6.167846 6.167846 6.167846 6.167846 6.167846 6.167846 6.167846 6.167846 6.167846 6.167846 6.167846 6.167846 6.167846 6.167846 6.167846 6.167846 6.167846 6.167846 6.167846 6.167846 6.167846 6.167846 6.167846 6.167846 6.167846 6.167846 6.167846 6.167846 6.167846 6.167846 6.167846 6.167846 6.167846 
6.167846 6.167846 6.167846 6.167846 6.167846 6.167846 6.167846 6.167846 6.167846 6.167846 6.167846 6.167846 6.167846 6.167846 6.167846 6.167846 6.167846 6.167846 6.167846 6.167846 6.167846 6.167846 6.167846 6.167846 6.167846 6.167846 6.167846 6.167846 6.167846 6.167846 6.167846 6.167846 6.167846 6.167846 6.167846 6.167846 6.167846 6.167846 6.167846 6.167846 6.167846 6.167846 6.167846 6.167846 6.167846 6.167846 6.167846 6.167846 6.167846 6.167846 6.167846 6.167846 6.167846 6.167846 6.167846 6.167846 6.167846 6.167846 6.167846 6.167846 6.167846 6.167846 6.167846 6.167846 
6.167846 6.167846 6.167846 6.167846 6.167846 6.167846 6.167846 6.167846 6.167846 6.167846 6.167846 6.167846 6.167846 6.167846 6.167846 6.167846 6.167846 6.167846 6.167846 6.167846 6.167846 6.167846 6.167846 6.167846 6.167846 6.167846 6.167846 6.167846 6.167846 6.167846 6.167846 6.167846 6.167846 6.167846 6.167846 6.167846 6.167846 6.167846 6.167846 6.167846 6.167846 6.167846 6.167846 6.167846 6.167846 6.167846 6.167846 6.167846 6.167846 6.167846 6.167846 6.167846 6.167846 6.167846 6.167846 6.167846 6.167846 6.167846 6.167846 6.167846 6.167846 6.167846 6.167846 6.167846 
6.167846 6.167846 6.167846 6.167846 6.167846 6.167846 6.167846 6.167846 6.167846 6.167846 6.167846 6.167846 6.167846 6.167846 6.167846 6.167846 6.167846 6.167846 6.167846 6.167846 6.167846 6.167846 6.167846 6.167846 6.167846 6.167846 6.167846 6.167846 6.167846 6.167846 6.167846 6.167846 6.167846 6.167846 6.167846 6.167846 6.167846 6.167846 6.167846 6.167846 6.167846 6.167846 6.167846 6.167846 6.167846 6.167846 6.167846 6.167846 6.167846 6.167846 6.167846 6.167846 6.167846 6.167846 6.167846 6.167846 6.167846 6.167846 6.167846 6.167846 6.167846 6.167846 6.167846 6.167846 
6.167846 6.167846 6.167846 6.167846 6.167846 6.167846 6.167846 6.167846 6.167846 6.167846 6.167846 6.167846 6.167846 6.167846 6.167846 6.167846 6.167846 6.167846 6.167846 6.167846 6.167846 6.167846 6.167846 6.167846 6.167846 6.167846 6.167846 6.167846 6.167846 6.167846 6.167846 6.167846 6.167846 6.167846 6.167846 6.167846 6.167846 6.167846 6.167846 6.167846 6.167846 6.167846 6.167846 6.167846 6.167846 6.167846 6.167846 6.167846 6.167846 6.167846 6.167846 6.167846 6.167846 6.167846 6.167846 6.167846 6.167846 6.167846 6.167846 6.167846 6.167846 6.167846 6.167846 6.167846 
6.167846 6.167846 6.167846 6.167846 6.167846 6.167846 6.167846 6.167846 6.167846 6.167846 6.167846 6.167846 6.167846 6.167846 6.167846 6.167846 6.167846 6.167846 6.167846 6.167846 6.167846 6.167846 6.167846 6.167846 6.167846 6.167846 6.167846 6.167846 6.167846 6.167846 6.167846 6.167846 6.167846 6.167846 6.167846 6.167846 6.167846 6.167846 6.167846 6.167846 6.167846 6.167846 6.167846 6.167846 6.167846 6.167846 6.167846 6.167846 6.167846 6.167846 6.167846 6.167846 6.167846 6.167846 6.167846 6.167846 6.167846 6.167846 6.167846 6.167846 6.167846 6.167846 6.167846 6.167846 
6.167846 6.167846 6.167846 6.167846 6.167846 6.167846 6.167846 6.167846 6.167846 6.167846 6.167846 6.167846 6.167846 6.167846 6.167846 6.167846 6.167846 6.167846 6.167846 6.167846 6.167846 6.167846 6.167846 6.167846 6.167846 6.167846 6.167846 6.167846 6.167846 6.167846 6.167846 6.167846 6.167846 6.167846 6.167846 6.167846 6.167846 6.167846 6.167846 6.167846 6.167846 6.167846 6.167846 6.167846 6.167846 6.167846 6.167846 6.167846 6.167846 6.167846 6.167846 6.167846 6.167846 6.167846 6.167846 6.167846 6.167846 6.167846 6.167846 6.167846 6.167846 6.167846 6.167846 6.167846 
6.167846 6.167846 6.167846 6.167846 6.167846 6.167846 6.167846 6.167846 6.167846 6.167846 6.167846 6.167846 6.167846 6.167846 6.167846 6.167846 6.167846 6.167846 6.167846 6.167846 6.167846 6.167846 6.167846 6.167846 6.167846 6.167846 6.167846 6.167846 6.167846 6.167846 6.167846 6.167846 6.167846 6.167846 6.167846 6.167846 6.167846 6.167846 6.167846 6.167846 6.167846 6.167846 6.167846 6.167846 6.167846 6.167846 6.167846 6.167846 6.167846 6.167846 6.167846 6.167846 6.167846 6.167846 6.167846 6.167846 6.167846 6.167846 6.167846 6.167846 6.167846 6.167846 6.167846 6.167846 
6.167846 6.167846 6.167846 6.167846 6.167846 6.167846 6.167846 6.167846 6.167846 6.167846 6.167846 6.167846 6.167846 6.167846 6.167846 6.167846 6.167846 6.167846 6.167846 6.167846 6.167846 6.167846 6.167846 6.167846 6.167846 6.167846 6.167846 6.167846 6.167846 6.167846 6.167846 6.167846 6.167846 6.167846 6.167846 6.167846 6.167846 6.167846 6.167846 6.167846 6.167846 6.167846 6.167846 6.167846 6.167846 6.167846 6.167846 6.167846 6.167846 6.167846 6.167846 6.167846 6.167846 6.167846 6.167846 6.167846 6.167846 6.167846 6.167846 6.167846 6.167846 6.167846 6.167846 6.167846 
6.167846 6.167846 6.167846 6.167846 6.167846 6.167846 6.167846 6.167846 6.167846 6.167846 6.167846 6.167846 6.167846 6.167846 6.167846 6.167846 6.167846 6.167846 6.167846 6.167846 6.167846 6.167846 6.167846 6.167846 6.167846 6.167846 6.167846 6.167846 6.167846 6.167846 6.167846 6.167846 6.167846 6.167846 6.167846 6.167846 6.167846 6.167846 6.167846 6.167846 6.167846 6.167846 6.167846 6.167846 6.167846 6.167846 6.167846 6.167846 6.167846 6.167846 6.167846 6.167846 6.167846 6.167846 6.167846 6.167846 6.167846 6.167846 6.167846 6.167846 6.167846 6.167846 6.167846 6.167846 
6.167846 6.167846 6.167846 6.167846 6.167846 6.167846 6.167846 6.167846 6.167846 6.167846 6.167846 6.167846 6.167846 6.167846 6.167846 6.167846 6.167846 6.167846 6.167846 6.167846 6.167846 6.167846 6.167846 6.167846 6.167846 6.167846 6.167846 6.167846 6.167846 6.167846 6.167846 6.167846 6.167846 6.167846 6.167846 6.167846 6.167846 6.167846 6.167846 6.167846 6.167846 6.167846 6.167846 6.167846 6.167846 6.167846 6.167846 6.167846 6.167846 6.167846 6.167846 6.167846 6.167846 6.167846 6.167846 6.167846 6.167846 6.167846 6.167846 6.167846 6.167846 6.167846 6.167846 6.167846 
6.167846 6.167846 6.167846 6.167846 6.167846 6.167846 6.167846 6.167846 6.167846 6.167846 6.167846 6.167846 6.167846 6.167846 6.167846 6.167846 6.167846 6.167846 6.167846 6.167846 6.167846 6.167846 6.167846 6.167846 6.167846 6.167846 6.167846 6.167846 6.167846 6.167846 6.167846 6.167846 6.167846 6.167846 6.167846 6.167846 6.167846 6.167846 6.167846 6.167846 6.167846 6.167846 6.167846 6.167846 6.167846 6.167846 6.167846 6.167846 6.167846 6.167846 6.167846 6.167846 6.167846 6.167846 6.167846 6.167846 6.167846 6.167846 6.167846 6.167846 6.167846 6.167846 6.167846 6.167846 
6.167846 6.167846 6.167846 6.167846 6.167846 6.167846 6.167846 6.167846 6.167846 6.167846 6.167846 6.167846 6.167846 6.167846 6.167846 6.167846 6.167846 6.167846 6.167846 6.167846 6.167846 6.167846 6.167846 6.167846 6.167846 6.167846 6.167846 6.167846 6.167846 6.167846 6.167846 6.167846 6.167846 6.167846 6.167846 6.167846 6.167846 6.167846 6.167846 6.167846 6.167846 6.167846 6.167846 6.167846 6.167846 6.167846 6.167846 6.167846 6.167846 6.167846 6.167846 6.167846 6.167846 6.167846 6.167846 6.167846 6.167846 6.167846 6.167846 6.167846 6.167846 6.167846 6.167846 6.167846 
6.167846 6.167846 6.167846 6.167846 6.167846 6.167846 6.167846 6.167846 6.167846 6.167846 6.167846 6.167846 6.167846 6.167846 6.167846 6.167846 6.167846 6.167846 6.167846 6.167846 6.167846 6.167846 6.167846 6.167846 6.167846 6.167846 6.167846 6.167846 6.167846 6.167846 6.167846 6.167846 6.167846 6.167846 6.167846 6.167846 6.167846 6.167846 6.167846 6.167846 6.167846 6.167846 6.167846 6.167846 6.167846 6.167846 6.167846 6.167846 6.167846 6.167846 6.167846 6.167846 6.167846 6.167846 6.167846 6.167846 6.167846 6.167846 6.167846 6.167846 6.167846 6.167846 6.167846 6.167846 
6.167846 6.167846 6.167846 6.167846 6.167846 6.167846 6.167846 6.167846 6.167846 6.167846 6.167846 6.167846 6.167846 6.167846 6.167846 6.167846 6.167846 6.167846 6.167846 6.167846 6.167846 6.167846 6.167846 6.167846 6.167846 6.167846 6.167846 6.167846 6.167846 6.167846 6.167846 6.167846 6.167846 6.167846 6.167846 6.167846 6.167846 6.167846 6.167846 6.167846 6.167846 6.167846 6.167846 6.167846 6.167846 6.167846 6.167846 6.167846 6.167846 6.167846 6.167846 6.167846 6.167846 6.167846 6.167846 6.167846 6.167846 6.167846 6.167846 6.167846 6.167846 6.167846 6.167846 6.167846 
6.167846 6.167846 6.167846 6.167846 6.167846 6.167846 6.167846 6.167846 6.167846 6.167846 6.167846 6.167846 6.167846 6.167846 6.167846 6.167846 6.167846 6.167846 6.167846 6.167846 6.167846 6.167846 6.167846 6.167846 6.167846 6.167846 6.167846 6.167846 6.167846 6.167846 6.167846 6.167846 6.167846 6.167846 6.167846 6.167846 6.167846 6.167846 6.167846 6.167846 6.167846 6.167846 6.167846 6.167846 6.167846 6.167846 6.167846 6.167846 6.167846 6.167846 6.167846 6.167846 6.167846 6.167846 6.167846 6.167846 6.167846 6.167846 6.167846 6.167846 6.167846 6.167846 6.167846 6.167846 
6.167846 6.167846 6.167846 6.167846 6.167846 6.167846 6.167846 6.167846 6.167846 6.167846 6.167846 6.167846 6.167846 6.167846 6.167846 6.167846 6.167846 6.167846 6.167846 6.167846 6.167846 6.167846 6.167846 6.167846 6.167846 6.167846 6.167846 6.167846 6.167846 6.167846 6.167846 6.167846 6.167846 6.167846 6.167846 6.167846 6.167846 6.167846 6.167846 6.167846 6.167846 6.167846 6.167846 6.167846 6.167846 6.167846 6.167846 6.167846 6.167846 6.167846 6.167846 6.167846 6.167846 6.167846 6.167846 6.167846 6.167846 6.167846 6.167846 6.167846 6.167846 6.167846 6.167846 6.167846 
6.167846 6.167846 6.167846 6.167846 6.167846 6.167846 6.167846 6.167846 6.167846 6.167846 6.167846 6.167846 6.167846 6.167846 6.167846 6.167846 6.167846 6.167846 6.167846 6.167846 6.167846 6.167846 6.167846 6.167846 6.167846 6.167846 6.167846 6.167846 6.167846 6.167846 6.167846 6.167846 6.167846 6.167846 6.167846 6.167846 6.167846 6.167846 6.167846 6.167846 6.167846 6.167846 6.167846 6.167846 6.167846 6.167846 6.167846 6.167846 6.167846 6.167846 6.167846 6.167846 6.167846 6.167846 6.167846 6.167846 6.167846 6.167846 6.167846 6.167846 6.167846 6.167846 6.167846 6.167846 
6.167846 6.167846 6.167846 6.167846 6.167846 6.167846 6.167846 6.167846 6.167846 6.167846 6.167846 6.167846 6.167846 6.167846 6.167846 6.167846 6.167846 6.167846 6.167846 6.167846 6.167846 6.167846 6.167846 6.167846 6.167846 6.167846 6.167846 6.167846 6.167846 6.167846 6.167846 6.167846 6.167846 6.167846 6.167846 6.167846 6.167846 6.167846 6.167846 6.167846 6.167846 6.167846 6.167846 6.167846 6.167846 6.167846 6.167846 6.167846 6.167846 6.167846 6.167846 6.167846 6.167846 6.167846 6.167846 6.167846 6.167846 6.167846 6.167846 6.167846 6.167846 6.167846 6.167846 6.167846 
6.167846 6.167846 6.167846 6.167846 6.167846 6.167846 6.167846 6.167846 6.167846 6.167846 6.167846 6.167846 6.167846 6.167846 6.167846 6.167846 6.167846 6.167846 6.167846 6.167846 6.167846 6.167846 6.167846 6.167846 6.167846 6.167846 6.167846 6.167846 6.167846 6.167846 6.167846 6.167846 6.167846 6.167846 6.167846 6.167846 6.167846 6.167846 6.167846 6.167846 6.167846 6.167846 6.167846 6.167846 6.167846 6.167846 6.167846 6.167846 6.167846 6.167846 6.167846 6.167846 6.167846 6.167846 6.167846 6.167846 6.167846 6.167846 6.167846 6.167846 6.167846 6.167846 6.167846 6.167846 
6.167846 6.167846 6.167846 6.167846 6.167846 6.167846 6.167846 6.167846 6.167846 6.167846 6.167846 6.167846 6.167846 6.167846 6.167846 6.167846 6.167846 6.167846 6.167846 6.167846 6.167846 6.167846 6.167846 6.167846 6.167846 6.167846 6.167846 6.167846 6.167846 6.167846 6.167846 6.167846 6.167846 6.167846 6.167846 6.167846 6.167846 6.167846 6.167846 6.167846 6.167846 6.167846 6.167846 6.167846 6.167846 6.167846 6.167846 6.167846 6.167846 6.167846 6.167846 6.167846 6.167846 6.167846 6.167846 6.167846 6.167846 6.167846 6.167846 6.167846 6.167846 6.167846 6.167846 6.167846 
6.167846 6.167846 6.167846 6.167846 6.167846 6.167846 6.167846 6.167846 6.167846 6.167846 6.167846 6.167846 6.167846 6.167846 6.167846 6.167846 6.167846 6.167846 6.167846 6.167846 6.167846 6.167846 6.167846 6.167846 6.167846 6.167846 6.167846 6.167846 6.167846 6.167846 6.167846 6.167846 6.167846 6.167846 6.167846 6.167846 6.167846 6.167846 6.167846 6.167846 6.167846 6.167846 6.167846 6.167846 6.167846 6.167846 6.167846 6.167846 6.167846 6.167846 6.167846 6.167846 6.167846 6.167846 6.167846 6.167846 6.167846 6.167846 6.167846 6.167846 6.167846 6.167846 6.167846 6.167846 
6.167846 6.167846 6.167846 6.167846 6.167846 6.167846 6.167846 6.167846 6.167846 6.167846 6.167846 6.167846 6.167846 6.167846 6.167846 6.167846 6.167846 6.167846 6.167846 6.167846 6.167846 6.167846 6.167846 6.167846 6.167846 6.167846 6.167846 6.167846 6.167846 6.167846 6.167846 6.167846 6.167846 6.167846 6.167846 6.167846 6.167846 6.167846 6.167846 6.167846 6.167846 6.167846 6.167846 6.167846 6.167846 6.167846 6.167846 6.167846 6.167846 6.167846 6.167846 6.167846 6.167846 6.167846 6.167846 6.167846 6.167846 6.167846 6.167846 6.167846 6.167846 6.167846 6.167846 6.167846 
6.167846 6.167846 6.167846 6.167846 6.167846 6.167846 6.167846 6.167846 6.167846 6.167846 6.167846 6.167846 6.167846 6.167846 6.167846 6.167846 6.167846 6.167846 6.167846 6.167846 6.167846 6.167846 6.167846 6.167846 6.167846 6.167846 6.167846 6.167846 6.167846 6.167846 6.167846 6.167846 6.167846 6.167846 6.167846 6.167846 6.167846 6.167846 6.167846 6.167846 6.167846 6.167846 6.167846 6.167846 6.167846 6.167846 6.167846 6.167846 6.167846 6.167846 6.167846 6.167846 6.167846 6.167846 6.167846 6.167846 6.167846 6.167846 6.167846 6.167846 6.167846 6.167846 6.167846 6.167846 
6.167846 6.167846 6.167846 6.167846 6.167846 6.167846 6.167846 6.167846 6.167846 6.167846 6.167846 6.167846 6.167846 6.167846 6.167846 6.167846 6.167846 6.167846 6.167846 6.167846 6.167846 6.167846 6.167846 6.167846 6.167846 6.167846 6.167846 6.167846 6.167846 6.167846 6.167846 6.167846 6.167846 6.167846 6.167846 6.167846 6.167846 6.167846 6.167846 6.167846 6.167846 6.167846 6.167846 6.167846 6.167846 6.167846 6.167846 6.167846 6.167846 6.167846 6.167846 6.167846 6.167846 6.167846 6.167846 6.167846 6.167846 6.167846 6.167846 6.167846 6.167846 6.167846 6.167846 6.167846 
6.167846 6.167846 6.167846 6.167846 6.167846 6.167846 6.167846 6.167846 6.167846 6.167846 6.167846 6.167846 6.167846 6.167846 6.167846 6.167846 6.167846 6.167846 6.167846 6.167846 6.167846 6.167846 6.167846 6.167846 6.167846 6.167846 6.167846 6.167846 6.167846 6.167846 6.167846 6.167846 6.167846 6.167846 6.167846 6.167846 6.167846 6.167846 6.167846 6.167846 6.167846 6.167846 6.167846 6.167846 6.167846 6.167846 6.167846 6.167846 6.167846 6.167846 6.167846 6.167846 6.167846 6.167846 6.167846 6.167846 6.167846 6.167846 6.167846 6.167846 6.167846 6.167846 6.167846 6.167846 
6.167846 6.167846 6.167846 6.167846 6.167846 6.167846 6.167846 6.167846 6.167846 6.167846 6.167846 6.167846 6.167846 6.167846 6.167846 6.167846 6.167846 6.167846 6.167846 6.167846 6.167846 6.167846 6.167846 6.167846 6.167846 6.167846 6.167846 6.167846 6.167846 6.167846 6.167846 6.167846 6.167846 6.167846 6.167846 6.167846 6.167846 6.167846 6.167846 6.167846 6.167846 6.167846 6.167846 6.167846 6.167846 6.167846 6.167846 6.167846 6.167846 6.167846 6.167846 6.167846 6.167846 6.167846 6.167846 6.167846 6.167846 6.167846 6.167846 6.167846 6.167846 6.167846 6.167846 6.167846 
6.167846 6.167846 6.167846 6.167846 6.167846 6.167846 6.167846 6.167846 6.167846 6.167846 6.167846 6.167846 6.167846 6.167846 6.167846 6.167846 6.167846 6.167846 6.167846 6.167846 6.167846 6.167846 6.167846 6.167846 6.167846 6.167846 6.167846 6.167846 6.167846 6.167846 6.167846 6.167846 6.167846 6.167846 6.167846 6.167846 6.167846 6.167846 6.167846 6.167846 6.167846 6.167846 6.167846 6.167846 6.167846 6.167846 6.167846 6.167846 6.167846 6.167846 6.167846 6.167846 6.167846 6.167846 6.167846 6.167846 6.167846 6.167846 6.167846 6.167846 6.167846 6.167846 6.167846 6.167846 
6.167846 6.167846 6.167846 6.167846 6.167846 6.167846 6.167846 6.167846 6.167846 6.167846 6.167846 6.167846 6.167846 6.167846 6.167846 6.167846 6.167846 6.167846 6.167846 6.167846 6.167846 6.167846 6.167846 6.167846 6.167846 6.167846 6.167846 6.167846 6.167846 6.167846 6.167846 6.167846 6.167846 6.167846 6.167846 6.167846 6.167846 6.167846 6.167846 6.167846 6.167846 6.167846 6.167846 6.167846 6.167846 6.167846 6.167846 6.167846 6.167846 6.167846 6.167846 6.167846 6.167846 6.167846 6.167846 6.167846 6.167846 6.167846 6.167846 6.167846 6.167846 6.167846 6.167846 6.167846 
6.167846 6.167846 6.167846 6.167846 6.167846 6.167846 6.167846 6.167846 6.167846 6.167846 6.167846 6.167846 6.167846 6.167846 6.167846 6.167846 6.167846 6.167846 6.167846 6.167846 6.167846 6.167846 6.167846 6.167846 6.167846 6.167846 6.167846 6.167846 6.167846 6.167846 6.167846 6.167846 6.167846 6.167846 6.167846 6.167846 6.167846 6.167846 6.167846 6.167846 6.167846 6.167846 6.167846 6.167846 6.167846 6.167846 6.167846 6.167846 6.167846 6.167846 6.167846 6.167846 6.167846 6.167846 6.167846 6.167846 6.167846 6.167846 6.167846 6.167846 6.167846 6.167846 6.167846 6.167846 
6.167846 6.167846 6.167846 6.167846 6.167846 6.167846 6.167846 6.167846 6.167846 6.167846 6.167846 6.167846 6.167846 6.167846 6.167846 6.167846 6.167846 6.167846 6.167846 6.167846 6.167846 6.167846 6.167846 6.167846 6.167846 6.167846 6.167846 6.167846 6.167846 6.167846 6.167846 6.167846 6.167846 6.167846 6.167846 6.167846 6.167846 6.167846 6.167846 6.167846 6.167846 6.167846 6.167846 6.167846 6.167846 6.167846 6.167846 6.167846 6.167846 6.167846 6.167846 6.167846 6.167846 6.167846 6.167846 6.167846 6.167846 6.167846 6.167846 6.167846 6.167846 6.167846 6.167846 6.167846 
6.167846 6.167846 6.167846 6.167846 6.167846 6.167846 6.167846 6.167846 6.167846 6.167846 6.167846 6.167846 6.167846 6.167846 6.167846 6.167846 6.167846 6.167846 6.167846 6.167846 6.167846 6.167846 6.167846 6.167846 6.167846 6.167846 6.167846 6.167846 6.167846 6.167846 6.167846 6.167846 6.167846 6.167846 6.167846 6.167846 6.167846 6.167846 6.167846 6.167846 6.167846 6.167846 6.167846 6.167846 6.167846 6.167846 6.167846 6.167846 6.167846 6.167846 6.167846 6.167846 6.167846 6.167846 6.167846 6.167846 6.167846 6.167846 6.167846 6.167846 6.167846 6.167846 6.167846 6.167846 
6.167846 6.167846 6.167846 6.167846 6.167846 6.167846 6.167846 6.167846 6.167846 6.167846 6.167846 6.167846 6.167846 6.167846 6.167846 6.167846 6.167846 6.167846 6.167846 6.167846 6.167846 6.167846 6.167846 6.167846 6.167846 6.167846 6.167846 6.167846 6.167846 6.167846 6.167846 6.167846 6.167846 6.167846 6.167846 6.167846 6.167846 6.167846 6.167846 6.167846 6.167846 6.167846 6.167846 6.167846 6.167846 6.167846 6.167846 6.167846 6.167846 6.167846 6.167846 6.167846 6.167846 6.167846 6.167846 6.167846 6.167846 6.167846 6.167846 6.167846 6.167846 6.167846 6.167846 6.167846 
6.167846 6.167846 6.167846 6.167846 6.167846 6.167846 6.167846 6.167846 6.167846 6.167846 6.167846 6.167846 6.167846 6.167846 6.167846 6.167846 6.167846 6.167846 6.167846 6.167846 6.167846 6.167846 6.167846 6.167846 6.167846 6.167846 6.167846 6.167846 6.167846 6.167846 6.167846 6.167846 6.167846 6.167846 6.167846 6.167846 6.167846 6.167846 6.167846 6.167846 6.167846 6.167846 6.167846 6.167846 6.167846 6.167846 6.167846 6.167846 6.167846 6.167846 6.167846 6.167846 6.167846 6.167846 6.167846 6.167846 6.167846 6.167846 6.167846 6.167846 6.167846 6.167846 6.167846 6.167846 
6.167846 6.167846 6.167846 6.167846 6.167846 6.167846 6.167846 6.167846 6.167846 6.167846 6.167846 6.167846 6.167846 6.167846 6.167846 6.167846 6.167846 6.167846 6.167846 6.167846 6.167846 6.167846 6.167846 6.167846 6.167846 6.167846 6.167846 6.167846 6.167846 6.167846 6.167846 6.167846 6.167846 6.167846 6.167846 6.167846 6.167846 6.167846 6.167846 6.167846 6.167846 6.167846 6.167846 6.167846 6.167846 6.167846 6.167846 6.167846 6.167846 6.167846 6.167846 6.167846 6.167846 6.167846 6.167846 6.167846 6.167846 6.167846 6.167846 6.167846 6.167846 6.167846 6.167846 6.167846 
6.167846 6.167846 6.167846 6.167846 6.167846 6.167846 6.167846 6.167846 6.167846 6.167846 6.167846 6.167846 6.167846 6.167846 6.167846 6.167846 6.167846 6.167846 6.167846 6.167846 6.167846 6.167846 6.167846 6.167846 6.167846 6.167846 6.167846 6.167846 6.167846 6.167846 6.167846 6.167846 6.167846 6.167846 6.167846 6.167846 6.167846 6.167846 6.167846 6.167846 6.167846 6.167846 6.167846 6.167846 6.167846 6.167846 6.167846 6.167846 6.167846 6.167846 6.167846 6.167846 6.167846 6.167846 6.167846 6.167846 6.167846 6.167846 6.167846 6.167846 6.167846 6.167846 6.167846 6.167846 
6.167846 6.167846 6.167846 6.167846 6.167846 6.167846 6.167846 6.167846 6.167846 6.167846 6.167846 6.167846 6.167846 6.167846 6.167846 6.167846 6.167846 6.167846 6.167846 6.167846 6.167846 6.167846 6.167846 6.167846 6.167846 6.167846 6.167846 6.167846 6.167846 6.167846 6.167846 6.167846 6.167846 6.167846 6.167846 6.167846 6.167846 6.167846 6.167846 6.167846 6.167846 6.167846 6.167846 6.167846 6.167846 6.167846 6.167846 6.167846 6.167846 6.167846 6.167846 6.167846 6.167846 6.167846 6.167846 6.167846 6.167846 6.167846 6.167846 6.167846 6.167846 6.167846 6.167846 6.167846 
6.167846 6.167846 6.167846 6.167846 6.167846 6.167846 6.167846 6.167846 6.167846 6.167846 6.167846 6.167846 6.167846 6.167846 6.167846 6.167846 6.167846 6.167846 6.167846 6.167846 6.167846 6.167846 6.167846 6.167846 6.167846 6.167846 6.167846 6.167846 6.167846 6.167846 6.167846 6.167846 6.167846 6.167846 6.167846 6.167846 6.167846 6.167846 6.167846 6.167846 6.167846 6.167846 6.167846 6.167846 6.167846 6.167846 6.167846 6.167846 6.167846 6.167846 6.167846 6.167846 6.167846 6.167846 6.167846 6.167846 6.167846 6.167846 6.167846 6.167846 6.167846 6.167846 6.167846 6.167846 
