3.344412 3.344412 3.344412 3.344412 3.344412 3.344412 3.344412 3.344412 3.344412 3.344412 3.344412 3.344412 3.344412 3.344412 3.344412 3.344412 3.344412 3.344412 3.344412 3.344412 3.344412 3.344412 3.344412 3.344412 3.344412 3.344412 3.344412 3.344412 3.344412 3.344412 3.344412 3.344412 3.344412 3.344412 3.344412 3.344412 3.344412 3.344412 3.344412 3.344412 3.344412 3.344412 3.344412 3.344412 3.344412 3.344412 3.344412 3.344412 3.344412 3.344412 3.344412 3.344412 3.344412 3.344412 3.344412 3.344412 3.344412 3.344412 3.344412 3.344412 3.344412 3.344412 3.344412 3.344412 
3.344412 3.344412 3.344412 3.344412 3.344412 3.344412 3.344412 3.344412 3.344412 3.344412 3.344412 3.344412 3.344412 3.344412 3.344412 3.344412 3.344412 3.344412 3.344412 3.344412 3.344412 3.344412 3.344412 3.344412 3.344412 3.344412 3.344412 3.344412 3.344412 3.344412 3.344412 3.344412 3.344412 3.344412 3.344412 3.344412 3.344412 3.344412 3.344412 3.344412 3.344412 3.344412 3.344412 3.344412 3.344412 3.344412 3.344412 3.344412 3.344412 3.344412 3.344412 3.344412 3.344412 3.344412 3.344412 3.344412 3.344412 3.344412 3.344412 3.344412 3.344412 3.344412 3.344412 3.344412 
3.344412 3.344412 3.344412 3.344412 3.344412 3.344412 3.344412 3.344412 3.344412 3.344412 3.344412 3.344412 3.344412 3.344412 3.344412 3.344412 3.344412 3.344412 3.344412 3.344412 3.344412 3.344412 3.344412 3.344412 3.344412 3.344412 3.344412 3.344412 3.344412 3.344412 3.344412 3.344412 3.344412 3.344412 3.344412 3.344412 3.344412 3.344412 3.344412 3.344412 3.344412 3.344412 3.344412 3.344412 3.344412 3.344412 3.344412 3.344412 3.344412 3.344412 3.344412 3.344412 3.344412 3.344412 3.344412 3.344412 3.344412 3.344412 3.344412 3.344412 3.344412 3.344412 3.344412 3.344412 
3.344412 3.344412 3.344412 3.344412 3.344412 3.344412 3.344412 3.344412 3.344412 3.344412 3.344412 3.344412 3.344412 3.344412 3.344412 3.344412 3.344412 3.344412 3.344412 3.344412 3.344412 3.344412 3.344412 3.344412 3.344412 3.344412 3.344412 3.344412 3.344412 3.344412 3.344412 3.344412 3.344412 3.344412 3.344412 3.344412 3.344412 3.344412 3.344412 3.344412 3.344412 3.344412 3.344412 3.344412 3.344412 3.344412 3.344412 3.344412 3.344412 3.344412 3.344412 3.344412 3.344412 3.344412 3.344412 3.344412 3.344412 3.344412 3.344412 3.344412 3.344412 3.344412 3.344412 3.344412 
3.344412 3.344412 3.344412 3.344412 3.344412 3.344412 3.344412 3.344412 3.344412 3.344412 3.344412 3.344412 3.344412 3.344412 3.344412 3.344412 3.344412 3.344412 3.344412 3.344412 3.344412 3.344412 3.344412 3.344412 3.344412 3.344412 3.344412 3.344412 3.344412 3.344412 3.344412 3.344412 3.344412 3.344412 3.344412 3.344412 3.344412 3.344412 3.344412 3.344412 3.344412 3.344412 3.344412 3.344412 3.344412 3.344412 3.344412 3.344412 3.344412 3.344412 3.344412 3.344412 3.344412 3.344412 3.344412 3.344412 3.344412 3.344412 3.344412 3.344412 3.344412 3.344412 3.344412 3.344412 
3.344412 3.344412 3.344412 3.344412 3.344412 3.344412 3.344412 3.344412 3.344412 3.344412 3.344412 3.344412 3.344412 3.344412 3.344412 3.344412 3.344412 3.344412 3.344412 3.344412 3.344412 3.344412 3.344412 3.344412 3.344412 3.344412 3.344412 3.344412 3.344412 3.344412 3.344412 3.344412 3.344412 3.344412 3.344412 3.344412 3.344412 3.344412 3.344412 3.344412 3.344412 3.344412 3.344412 3.344412 3.344412 3.344412 3.344412 3.344412 3.344412 3.344412 3.344412 3.344412 3.344412 3.344412 3.344412 3.344412 3.344412 3.344412 3.344412 3.344412 3.344412 3.344412 3.344412 3.344412 
3.344412 3.344412 3.344412 3.344412 3.344412 3.344412 3.344412 3.344412 3.344412 3.344412 3.344412 3.344412 3.344412 3.344412 3.344412 3.344412 3.344412 3.344412 3.344412 3.344412 3.344412 3.344412 3.344412 3.344412 3.344412 3.344412 3.344412 3.344412 3.344412 3.344412 3.344412 3.344412 3.344412 3.344412 3.344412 3.344412 3.344412 3.344412 3.344412 3.344412 3.344412 3.344412 3.344412 3.344412 3.344412 3.344412 3.344412 3.344412 3.344412 3.344412 3.344412 3.344412 3.344412 3.344412 3.344412 3.344412 3.344412 3.344412 3.344412 3.344412 3.344412 3.344412 3.344412 3.344412 
3.344412 3.344412 3.344412 3.344412 3.344412 3.344412 3.344412 3.344412 3.344412 3.344412 3.344412 3.344412 3.344412 3.344412 3.344412 3.344412 3.344412 3.344412 3.344412 3.344412 3.344412 3.344412 3.344412 3.344412 3.344412 3.344412 3.344412 3.344412 3.344412 3.344412 3.344412 3.344412 3.344412 3.344412 3.344412 3.344412 3.344412 3.344412 3.344412 3.344412 3.344412 3.344412 3.344412 3.344412 3.344412 3.344412 3.344412 3.344412 3.344412 3.344412 3.344412 3.344412 3.344412 3.344412 3.344412 3.344412 3.344412 3.344412 3.344412 3.344412 3.344412 3.344412 3.344412 3.344412 
3.344412 3.344412 3.344412 3.344412 3.344412 3.344412 3.344412 3.344412 3.344412 3.344412 3.344412 3.344412 3.344412 3.344412 3.344412 3.344412 3.344412 3.344412 3.344412 3.344412 3.344412 3.344412 3.344412 3.344412 3.344412 3.344412 3.344412 3.344412 3.344412 3.344412 3.344412 3.344412 3.344412 3.344412 3.344412 3.344412 3.344412 3.344412 3.344412 3.344412 3.344412 3.344412 3.344412 3.344412 3.344412 3.344412 3.344412 3.344412 3.344412 3.344412 3.344412 3.344412 3.344412 3.344412 3.344412 3.344412 3.344412 3.344412 3.344412 3.344412 3.344412 3.344412 3.344412 3.344412 
3.344412 3.344412 3.344412 3.344412 3.344412 3.344412 3.344412 3.344412 3.344412 3.344412 3.344412 3.344412 3.344412 3.344412 3.344412 3.344412 3.344412 3.344412 3.344412 3.344412 3.344412 3.344412 3.344412 3.344412 3.344412 3.344412 3.344412 3.344412 3.344412 3.344412 3.344412 3.344412 3.344412 3.344412 3.344412 3.344412 3.344412 3.344412 3.344412 3.344412 3.344412 3.344412 3.344412 3.344412 3.344412 3.344412 3.344412 3.344412 3.344412 3.344412 3.344412 3.344412 3.344412 3.344412 3.344412 3.344412 3.344412 3.344412 3.344412 3.344412 3.344412 3.344412 3.344412 3.344412 
3.344412 3.344412 3.344412 3.344412 3.344412 3.344412 3.344412 3.344412 3.344412 3.344412 3.344412 3.344412 3.344412 3.344412 3.344412 3.344412 3.344412 3.344412 3.344412 3.344412 3.344412 3.344412 3.344412 3.344412 3.344412 3.344412 3.344412 3.344412 3.344412 3.344412 3.344412 3.344412 3.344412 3.344412 3.344412 3.344412 3.344412 3.344412 3.344412 3.344412 3.344412 3.344412 3.344412 3.344412 3.344412 3.344412 3.344412 3.344412 3.344412 3.344412 3.344412 3.344412 3.344412 3.344412 3.344412 3.344412 3.344412 3.344412 3.344412 3.344412 3.344412 3.344412 3.344412 3.344412 
3.344412 3.344412 3.344412 3.344412 3.344412 3.344412 3.344412 3.344412 3.344412 3.344412 3.344412 3.344412 3.344412 3.344412 3.344412 3.344412 3.344412 3.344412 3.344412 3.344412 3.344412 3.344412 3.344412 3.344412 3.344412 3.344412 3.344412 3.344412 3.344412 3.344412 3.344412 3.344412 3.344412 3.344412 3.344412 3.344412 3.344412 3.344412 3.344412 3.344412 3.344412 3.344412 3.344412 3.344412 3.344412 3.344412 3.344412 3.344412 3.344412 3.344412 3.344412 3.344412 3.344412 3.344412 3.344412 3.344412 3.344412 3.344412 3.344412 3.344412 3.344412 3.344412 3.344412 3.344412 
3.344412 3.344412 3.344412 3.344412 3.344412 3.344412 3.344412 3.344412 3.344412 3.344412 3.344412 3.344412 3.344412 3.344412 3.344412 3.344412 3.344412 3.344412 3.344412 3.344412 3.344412 3.344412 3.344412 3.344412 3.344412 3.344412 3.344412 3.344412 3.344412 3.344412 3.344412 3.344412 3.344412 3.344412 3.344412 3.344412 3.344412 3.344412 3.344412 3.344412 3.344412 3.344412 3.344412 3.344412 3.344412 3.344412 3.344412 3.344412 3.344412 3.344412 3.344412 3.344412 3.344412 3.344412 3.344412 3.344412 3.344412 3.344412 3.344412 3.344412 3.344412 3.344412 3.344412 3.344412 
3.344412 3.344412 3.344412 3.344412 3.344412 3.344412 3.344412 3.344412 3.344412 3.344412 3.344412 3.344412 3.344412 3.344412 3.344412 3.344412 3.344412 3.344412 3.344412 3.344412 3.344412 3.344412 3.344412 3.344412 3.344412 3.344412 3.344412 3.344412 3.344412 3.344412 3.344412 3.344412 3.344412 3.344412 3.344412 3.344412 3.344412 3.344412 3.344412 3.344412 3.344412 3.344412 3.344412 3.344412 3.344412 3.344412 3.344412 3.344412 3.344412 3.344412 3.344412 3.344412 3.344412 3.344412 3.344412 3.344412 3.344412 3.344412 3.344412 3.344412 3.344412 3.344412 3.344412 3.344412 
3.344412 3.344412 3.344412 3.344412 3.344412 3.344412 3.344412 3.344412 3.344412 3.344412 3.344412 3.344412 3.344412 3.344412 3.344412 3.344412 3.344412 3.344412 3.344412 3.344412 3.344412 3.344412 3.344412 3.344412 3.344412 3.344412 3.344412 3.344412 3.344412 3.344412 3.344412 3.344412 3.344412 3.344412 3.344412 3.344412 3.344412 3.344412 3.344412 3.344412 3.344412 3.344412 3.344412 3.344412 3.344412 3.344412 3.344412 3.344412 3.344412 3.344412 3.344412 3.344412 3.344412 3.344412 3.344412 3.344412 3.344412 3.344412 3.344412 3.344412 3.344412 3.344412 3.344412 3.344412 
3.344412 3.344412 3.344412 3.344412 3.344412 3.344412 3.344412 3.344412 3.344412 3.344412 3.344412 3.344412 3.344412 3.344412 3.344412 3.344412 3.344412 3.344412 3.344412 3.344412 3.344412 3.344412 3.344412 3.344412 3.344412 3.344412 3.344412 3.344412 3.344412 3.344412 3.344412 3.344412 3.344412 3.344412 3.344412 3.344412 3.344412 3.344412 3.344412 3.344412 3.344412 3.344412 3.344412 3.344412 3.344412 3.344412 3.344412 3.344412 3.344412 3.344412 3.344412 3.344412 3.344412 3.344412 3.344412 3.344412 3.344412 3.344412 3.344412 3.344412 3.344412 3.344412 3.344412 3.344412 
3.344412 3.344412 3.344412 3.344412 3.344412 3.344412 3.344412 3.344412 3.344412 3.344412 3.344412 3.344412 3.344412 3.344412 3.344412 3.344412 3.344412 3.344412 3.344412 3.344412 3.344412 3.344412 3.344412 3.344412 3.344412 3.344412 3.344412 3.344412 3.344412 3.344412 3.344412 3.344412 3.344412 3.344412 3.344412 3.344412 3.344412 3.344412 3.344412 3.344412 3.344412 3.344412 3.344412 3.344412 3.344412 3.344412 3.344412 3.344412 3.344412 3.344412 3.344412 3.344412 3.344412 3.344412 3.344412 3.344412 3.344412 3.344412 3.344412 3.344412 3.344412 3.344412 3.344412 3.344412 
3.344412 3.344412 3.344412 3.344412 3.344412 3.344412 3.344412 3.344412 3.344412 3.344412 3.344412 3.344412 3.344412 3.344412 3.344412 3.344412 3.344412 3.344412 3.344412 3.344412 3.344412 3.344412 3.344412 3.344412 3.344412 3.344412 3.344412 3.344412 3.344412 3.344412 3.344412 3.344412 3.344412 3.344412 3.344412 3.344412 3.344412 3.344412 3.344412 3.344412 3.344412 3.344412 3.344412 3.344412 3.344412 3.344412 3.344412 3.344412 3.344412 3.344412 3.344412 3.344412 3.344412 3.344412 3.344412 3.344412 3.344412 3.344412 3.344412 3.344412 3.344412 3.344412 3.344412 3.344412 
3.344412 3.344412 3.344412 3.344412 3.344412 3.344412 3.344412 3.344412 3.344412 3.344412 3.344412 3.344412 3.344412 3.344412 3.344412 3.344412 3.344412 3.344412 3.344412 3.344412 3.344412 3.344412 3.344412 3.344412 3.344412 3.344412 3.344412 3.344412 3.344412 3.344412 3.344412 3.344412 3.344412 3.344412 3.344412 3.344412 3.344412 3.344412 3.344412 3.344412 3.344412 3.344412 3.344412 3.344412 3.344412 3.344412 3.344412 3.344412 3.344412 3.344412 3.344412 3.344412 3.344412 3.344412 3.344412 3.344412 3.344412 3.344412 3.344412 3.344412 3.344412 3.344412 3.344412 3.344412 
3.344412 3.344412 3.344412 3.344412 3.344412 3.344412 3.344412 3.344412 3.344412 3.344412 3.344412 3.344412 3.344412 3.344412 3.344412 3.344412 3.344412 3.344412 3.344412 3.344412 3.344412 3.344412 3.344412 3.344412 3.344412 3.344412 3.344412 3.344412 3.344412 3.344412 3.344412 3.344412 3.344412 3.344412 3.344412 3.344412 3.344412 3.344412 3.344412 3.344412 3.344412 3.344412 3.344412 3.344412 3.344412 3.344412 3.344412 3.344412 3.344412 3.344412 3.344412 3.344412 3.344412 3.344412 3.344412 3.344412 3.344412 3.344412 3.344412 3.344412 3.344412 3.344412 3.344412 3.344412 
3.344412 3.344412 3.344412 3.344412 3.344412 3.344412 3.344412 3.344412 3.344412 3.344412 3.344412 3.344412 3.344412 3.344412 3.344412 3.344412 3.344412 3.344412 3.344412 3.344412 3.344412 3.344412 3.344412 3.344412 3.344412 3.344412 3.344412 3.344412 3.344412 3.344412 3.344412 3.344412 3.344412 3.344412 3.344412 3.344412 3.344412 3.344412 3.344412 3.344412 3.344412 3.344412 3.344412 3.344412 3.344412 3.344412 3.344412 3.344412 3.344412 3.344412 3.344412 3.344412 3.344412 3.344412 3.344412 3.344412 3.344412 3.344412 3.344412 3.344412 3.344412 3.344412 3.344412 3.344412 
3.344412 3.344412 3.344412 3.344412 3.344412 3.344412 3.344412 3.344412 3.344412 3.344412 3.344412 3.344412 3.344412 3.344412 3.344412 3.344412 3.344412 3.344412 3.344412 3.344412 3.344412 3.344412 3.344412 3.344412 3.344412 3.344412 3.344412 3.344412 3.344412 3.344412 3.344412 3.344412 3.344412 3.344412 3.344412 3.344412 3.344412 3.344412 3.344412 3.344412 3.344412 3.344412 3.344412 3.344412 3.344412 3.344412 3.344412 3.344412 3.344412 3.344412 3.344412 3.344412 3.344412 3.344412 3.344412 3.344412 3.344412 3.344412 3.344412 3.344412 3.344412 3.344412 3.344412 3.344412 
3.344412 3.344412 3.344412 3.344412 3.344412 3.344412 3.344412 3.344412 3.344412 3.344412 3.344412 3.344412 3.344412 3.344412 3.344412 3.344412 3.344412 3.344412 3.344412 3.344412 3.344412 3.344412 3.344412 3.344412 3.344412 3.344412 3.344412 3.344412 3.344412 3.344412 3.344412 3.344412 3.344412 3.344412 3.344412 3.344412 3.344412 3.344412 3.344412 3.344412 3.344412 3.344412 3.344412 3.344412 3.344412 3.344412 3.344412 3.344412 3.344412 3.344412 3.344412 3.344412 3.344412 3.344412 3.344412 3.344412 3.344412 3.344412 3.344412 3.344412 3.344412 3.344412 3.344412 3.344412 
3.344412 3.344412 3.344412 3.344412 3.344412 3.344412 3.344412 3.344412 3.344412 3.344412 3.344412 3.344412 3.344412 3.344412 3.344412 3.344412 3.344412 3.344412 3.344412 3.344412 3.344412 3.344412 3.344412 3.344412 3.344412 3.344412 3.344412 3.344412 3.344412 3.344412 3.344412 3.344412 3.344412 3.344412 3.344412 3.344412 3.344412 3.344412 3.344412 3.344412 3.344412 3.344412 3.344412 3.344412 3.344412 3.344412 3.344412 3.344412 3.344412 3.344412 3.344412 3.344412 3.344412 3.344412 3.344412 3.344412 3.344412 3.344412 3.344412 3.344412 3.344412 3.344412 3.344412 3.344412 
3.344412 3.344412 3.344412 3.344412 3.344412 3.344412 3.344412 3.344412 3.344412 3.344412 3.344412 3.344412 3.344412 3.344412 3.344412 3.344412 3.344412 3.344412 3.344412 3.344412 3.344412 3.344412 3.344412 3.344412 3.344412 3.344412 3.344412 3.344412 3.344412 3.344412 3.344412 3.344412 3.344412 3.344412 3.344412 3.344412 3.344412 3.344412 3.344412 3.344412 3.344412 3.344412 3.344412 3.344412 3.344412 3.344412 3.344412 3.344412 3.344412 3.344412 3.344412 3.344412 3.344412 3.344412 3.344412 3.344412 3.344412 3.344412 3.344412 3.344412 3.344412 3.344412 3.344412 3.344412 
3.344412 3.344412 3.344412 3.344412 3.344412 3.344412 3.344412 3.344412 3.344412 3.344412 3.344412 3.344412 3.344412 3.344412 3.344412 3.344412 3.344412 3.344412 3.344412 3.344412 3.344412 3.344412 3.344412 3.344412 3.344412 3.344412 3.344412 3.344412 3.344412 3.344412 3.344412 3.344412 3.344412 3.344412 3.344412 3.344412 3.344412 3.344412 3.344412 3.344412 3.344412 3.344412 3.344412 3.344412 3.344412 3.344412 3.344412 3.344412 3.344412 3.344412 3.344412 3.344412 3.344412 3.344412 3.344412 3.344412 3.344412 3.344412 3.344412 3.344412 3.344412 3.344412 3.344412 3.344412 
3.344412 3.344412 3.344412 3.344412 3.344412 3.344412 3.344412 3.344412 3.344412 3.344412 3.344412 3.344412 3.344412 3.344412 3.344412 3.344412 3.344412 3.344412 3.344412 3.344412 3.344412 3.344412 3.344412 3.344412 3.344412 3.344412 3.344412 3.344412 3.344412 3.344412 3.344412 3.344412 3.344412 3.344412 3.344412 3.344412 3.344412 3.344412 3.344412 3.344412 3.344412 3.344412 3.344412 3.344412 3.344412 3.344412 3.344412 3.344412 3.344412 3.344412 3.344412 3.344412 3.344412 3.344412 3.344412 3.344412 3.344412 3.344412 3.344412 3.344412 3.344412 3.344412 3.344412 3.344412 
3.344412 3.344412 3.344412 3.344412 3.344412 3.344412 3.344412 3.344412 3.344412 3.344412 3.344412 3.344412 3.344412 3.344412 3.344412 3.344412 3.344412 3.344412 3.344412 3.344412 3.344412 3.344412 3.344412 3.344412 3.344412 3.344412 3.344412 3.344412 3.344412 3.344412 3.344412 3.344412 3.344412 3.344412 3.344412 3.344412 3.344412 3.344412 3.344412 3.344412 3.344412 3.344412 3.344412 3.344412 3.344412 3.344412 3.344412 3.344412 3.344412 3.344412 3.344412 3.344412 3.344412 3.344412 3.344412 3.344412 3.344412 3.344412 3.344412 3.344412 3.344412 3.344412 3.344412 3.344412 
3.344412 3.344412 3.344412 3.344412 3.344412 3.344412 3.344412 3.344412 3.344412 3.344412 3.344412 3.344412 3.344412 3.344412 3.344412 3.344412 3.344412 3.344412 3.344412 3.344412 3.344412 3.344412 3.344412 3.344412 3.344412 3.344412 3.344412 3.344412 3.344412 3.344412 3.344412 3.344412 3.344412 3.344412 3.344412 3.344412 3.344412 3.344412 3.344412 3.344412 3.344412 3.344412 3.344412 3.344412 3.344412 3.344412 3.344412 3.344412 3.344412 3.344412 3.344412 3.344412 3.344412 3.344412 3.344412 3.344412 3.344412 3.344412 3.344412 3.344412 3.344412 3.344412 3.344412 3.344412 
3.344412 3.344412 3.344412 3.344412 3.344412 3.344412 3.344412 3.344412 3.344412 3.344412 3.344412 3.344412 3.344412 3.344412 3.344412 3.344412 3.344412 3.344412 3.344412 3.344412 3.344412 3.344412 3.344412 3.344412 3.344412 3.344412 3.344412 3.344412 3.344412 3.344412 3.344412 3.344412 3.344412 3.344412 3.344412 3.344412 3.344412 3.344412 3.344412 3.344412 3.344412 3.344412 3.344412 3.344412 3.344412 3.344412 3.344412 3.344412 3.344412 3.344412 3.344412 3.344412 3.344412 3.344412 3.344412 3.344412 3.344412 3.344412 3.344412 3.344412 3.344412 3.344412 3.344412 3.344412 
3.344412 3.344412 3.344412 3.344412 3.344412 3.344412 3.344412 3.344412 3.344412 3.344412 3.344412 3.344412 3.344412 3.344412 3.344412 3.344412 3.344412 3.344412 3.344412 3.344412 3.344412 3.344412 3.344412 3.344412 3.344412 3.344412 3.344412 3.344412 3.344412 3.344412 3.344412 3.344412 3.344412 3.344412 3.344412 3.344412 3.344412 3.344412 3.344412 3.344412 3.344412 3.344412 3.344412 3.344412 3.344412 3.344412 3.344412 3.344412 3.344412 3.344412 3.344412 3.344412 3.344412 3.344412 3.344412 3.344412 3.344412 3.344412 3.344412 3.344412 3.344412 3.344412 3.344412 3.344412 
3.344412 3.344412 3.344412 3.344412 3.344412 3.344412 3.344412 3.344412 3.344412 3.344412 3.344412 3.344412 3.344412 3.344412 3.344412 3.344412 3.344412 3.344412 3.344412 3.344412 3.344412 3.344412 3.344412 3.344412 3.344412 3.344412 3.344412 3.344412 3.344412 3.344412 3.344412 3.344412 3.344412 3.344412 3.344412 3.344412 3.344412 3.344412 3.344412 3.344412 3.344412 3.344412 3.344412 3.344412 3.344412 3.344412 3.344412 3.344412 3.344412 3.344412 3.344412 3.344412 3.344412 3.344412 3.344412 3.344412 3.344412 3.344412 3.344412 3.344412 3.344412 3.344412 3.344412 3.344412 
3.344412 3.344412 3.344412 3.344412 3.344412 3.344412 3.344412 3.344412 3.344412 3.344412 3.344412 3.344412 3.344412 3.344412 3.344412 3.344412 3.344412 3.344412 3.344412 3.344412 3.344412 3.344412 3.344412 3.344412 3.344412 3.344412 3.344412 3.344412 3.344412 3.344412 3.344412 3.344412 3.344412 3.344412 3.344412 3.344412 3.344412 3.344412 3.344412 3.344412 3.344412 3.344412 3.344412 3.344412 3.344412 3.344412 3.344412 3.344412 3.344412 3.344412 3.344412 3.344412 3.344412 3.344412 3.344412 3.344412 3.344412 3.344412 3.344412 3.344412 3.344412 3.344412 3.344412 3.344412 
3.344412 3.344412 3.344412 3.344412 3.344412 3.344412 3.344412 3.344412 3.344412 3.344412 3.344412 3.344412 3.344412 3.344412 3.344412 3.344412 3.344412 3.344412 3.344412 3.344412 3.344412 3.344412 3.344412 3.344412 3.344412 3.344412 3.344412 3.344412 3.344412 3.344412 3.344412 3.344412 3.344412 3.344412 3.344412 3.344412 3.344412 3.344412 3.344412 3.344412 3.344412 3.344412 3.344412 3.344412 3.344412 3.344412 3.344412 3.344412 3.344412 3.344412 3.344412 3.344412 3.344412 3.344412 3.344412 3.344412 3.344412 3.344412 3.344412 3.344412 3.344412 3.344412 3.344412 3.344412 
3.344412 3.344412 3.344412 3.344412 3.344412 3.344412 3.344412 3.344412 3.344412 3.344412 3.344412 3.344412 3.344412 3.344412 3.344412 3.344412 3.344412 3.344412 3.344412 3.344412 3.344412 3.344412 3.344412 3.344412 3.344412 3.344412 3.344412 3.344412 3.344412 3.344412 3.344412 3.344412 3.344412 3.344412 3.344412 3.344412 3.344412 3.344412 3.344412 3.344412 3.344412 3.344412 3.344412 3.344412 3.344412 3.344412 3.344412 3.344412 3.344412 3.344412 3.344412 3.344412 3.344412 3.344412 3.344412 3.344412 3.344412 3.344412 3.344412 3.344412 3.344412 3.344412 3.344412 3.344412 
3.344412 3.344412 3.344412 3.344412 3.344412 3.344412 3.344412 3.344412 3.344412 3.344412 3.344412 3.344412 3.344412 3.344412 3.344412 3.344412 3.344412 3.344412 3.344412 3.344412 3.344412 3.344412 3.344412 3.344412 3.344412 3.344412 3.344412 3.344412 3.344412 3.344412 3.344412 3.344412 3.344412 3.344412 3.344412 3.344412 3.344412 3.344412 3.344412 3.344412 3.344412 3.344412 3.344412 3.344412 3.344412 3.344412 3.344412 3.344412 3.344412 3.344412 3.344412 3.344412 3.344412 3.344412 3.344412 3.344412 3.344412 3.344412 3.344412 3.344412 3.344412 3.344412 3.344412 3.344412 
3.344412 3.344412 3.344412 3.344412 3.344412 3.344412 3.344412 3.344412 3.344412 3.344412 3.344412 3.344412 3.344412 3.344412 3.344412 3.344412 3.344412 3.344412 3.344412 3.344412 3.344412 3.344412 3.344412 3.344412 3.344412 3.344412 3.344412 3.344412 3.344412 3.344412 3.344412 3.344412 3.344412 3.344412 3.344412 3.344412 3.344412 3.344412 3.344412 3.344412 3.344412 3.344412 3.344412 3.344412 3.344412 3.344412 3.344412 3.344412 3.344412 3.344412 3.344412 3.344412 3.344412 3.344412 3.344412 3.344412 3.344412 3.344412 3.344412 3.344412 3.344412 3.344412 3.344412 3.344412 
3.344412 3.344412 3.344412 3.344412 3.344412 3.344412 3.344412 3.344412 3.344412 3.344412 3.344412 3.344412 3.344412 3.344412 3.344412 3.344412 3.344412 3.344412 3.344412 3.344412 3.344412 3.344412 3.344412 3.344412 3.344412 3.344412 3.344412 3.344412 3.344412 3.344412 3.344412 3.344412 3.344412 3.344412 3.344412 3.344412 3.344412 3.344412 3.344412 3.344412 3.344412 3.344412 3.344412 3.344412 3.344412 3.344412 3.344412 3.344412 3.344412 3.344412 3.344412 3.344412 3.344412 3.344412 3.344412 3.344412 3.344412 3.344412 3.344412 3.344412 3.344412 3.344412 3.344412 3.344412 
3.344412 3.344412 3.344412 3.344412 3.344412 3.344412 3.344412 3.344412 3.344412 3.344412 3.344412 3.344412 3.344412 3.344412 3.344412 3.344412 3.344412 3.344412 3.344412 3.344412 3.344412 3.344412 3.344412 3.344412 3.344412 3.344412 3.344412 3.344412 3.344412 3.344412 3.344412 3.344412 3.344412 3.344412 3.344412 3.344412 3.344412 3.344412 3.344412 3.344412 3.344412 3.344412 3.344412 3.344412 3.344412 3.344412 3.344412 3.344412 3.344412 3.344412 3.344412 3.344412 3.344412 3.344412 3.344412 3.344412 3.344412 3.344412 3.344412 3.344412 3.344412 3.344412 3.344412 3.344412 
3.344412 3.344412 3.344412 3.344412 3.344412 3.344412 3.344412 3.344412 3.344412 3.344412 3.344412 3.344412 3.344412 3.344412 3.344412 3.344412 3.344412 3.344412 3.344412 3.344412 3.344412 3.344412 3.344412 3.344412 3.344412 3.344412 3.344412 3.344412 3.344412 3.344412 3.344412 3.344412 3.344412 3.344412 3.344412 3.344412 3.344412 3.344412 3.344412 3.344412 3.344412 3.344412 3.344412 3.344412 3.344412 3.344412 3.344412 3.344412 3.344412 3.344412 3.344412 3.344412 3.344412 3.344412 3.344412 3.344412 3.344412 3.344412 3.344412 3.344412 3.344412 3.344412 3.344412 3.344412 
3.344412 3.344412 3.344412 3.344412 3.344412 3.344412 3.344412 3.344412 3.344412 3.344412 3.344412 3.344412 3.344412 3.344412 3.344412 3.344412 3.344412 3.344412 3.344412 3.344412 3.344412 3.344412 3.344412 3.344412 3.344412 3.344412 3.344412 3.344412 3.344412 3.344412 3.344412 3.344412 3.344412 3.344412 3.344412 3.344412 3.344412 3.344412 3.344412 3.344412 3.344412 3.344412 3.344412 3.344412 3.344412 3.344412 3.344412 3.344412 3.344412 3.344412 3.344412 3.344412 3.344412 3.344412 3.344412 3.344412 3.344412 3.344412 3.344412 3.344412 3.344412 3.344412 3.344412 3.344412 
3.344412 3.344412 3.344412 3.344412 3.344412 3.344412 3.344412 3.344412 3.344412 3.344412 3.344412 3.344412 3.344412 3.344412 3.344412 3.344412 3.344412 3.344412 3.344412 3.344412 3.344412 3.344412 3.344412 3.344412 3.344412 3.344412 3.344412 3.344412 3.344412 3.344412 3.344412 3.344412 3.344412 3.344412 3.344412 3.344412 3.344412 3.344412 3.344412 3.344412 3.344412 3.344412 3.344412 3.344412 3.344412 3.344412 3.344412 3.344412 3.344412 3.344412 3.344412 3.344412 3.344412 3.344412 3.344412 3.344412 3.344412 3.344412 3.344412 3.344412 3.344412 3.344412 3.344412 3.344412 
3.344412 3.344412 3.344412 3.344412 3.344412 3.344412 3.344412 3.344412 3.344412 3.344412 3.344412 3.344412 3.344412 3.344412 3.344412 3.344412 3.344412 3.344412 3.344412 3.344412 3.344412 3.344412 3.344412 3.344412 3.344412 3.344412 3.344412 3.344412 3.344412 3.344412 3.344412 3.344412 3.344412 3.344412 3.344412 3.344412 3.344412 3.344412 3.344412 3.344412 3.344412 3.344412 3.344412 3.344412 3.344412 3.344412 3.344412 3.344412 3.344412 3.344412 3.344412 3.344412 3.344412 3.344412 3.344412 3.344412 3.344412 3.344412 3.344412 3.344412 3.344412 3.344412 3.344412 3.344412 
3.344412 3.344412 3.344412 3.344412 3.344412 3.344412 3.344412 3.344412 3.344412 3.344412 3.344412 3.344412 3.344412 3.344412 3.344412 3.344412 3.344412 3.344412 3.344412 3.344412 3.344412 3.344412 3.344412 3.344412 3.344412 3.344412 3.344412 3.344412 3.344412 3.344412 3.344412 3.344412 3.344412 3.344412 3.344412 3.344412 3.344412 3.344412 3.344412 3.344412 3.344412 3.344412 3.344412 3.344412 3.344412 3.344412 3.344412 3.344412 3.344412 3.344412 3.344412 3.344412 3.344412 3.344412 3.344412 3.344412 3.344412 3.344412 3.344412 3.344412 3.344412 3.344412 3.344412 3.344412 
3.344412 3.344412 3.344412 3.344412 3.344412 3.344412 3.344412 3.344412 3.344412 3.344412 3.344412 3.344412 3.344412 3.344412 3.344412 3.344412 3.344412 3.344412 3.344412 3.344412 3.344412 3.344412 3.344412 3.344412 3.344412 3.344412 3.344412 3.344412 3.344412 3.344412 3.344412 3.344412 3.344412 3.344412 3.344412 3.344412 3.344412 3.344412 3.344412 3.344412 3.344412 3.344412 3.344412 3.344412 3.344412 3.344412 3.344412 3.344412 3.344412 3.344412 3.344412 3.344412 3.344412 3.344412 3.344412 3.344412 3.344412 3.344412 3.344412 3.344412 3.344412 3.344412 3.344412 3.344412 
3.344412 3.344412 3.344412 3.344412 3.344412 3.344412 3.344412 3.344412 3.344412 3.344412 3.344412 3.344412 3.344412 3.344412 3.344412 3.344412 3.344412 3.344412 3.344412 3.344412 3.344412 3.344412 3.344412 3.344412 3.344412 3.344412 3.344412 3.344412 3.344412 3.344412 3.344412 3.344412 3.344412 3.344412 3.344412 3.344412 3.344412 3.344412 3.344412 3.344412 3.344412 3.344412 3.344412 3.344412 3.344412 3.344412 3.344412 3.344412 3.344412 3.344412 3.344412 3.344412 3.344412 3.344412 3.344412 3.344412 3.344412 3.344412 3.344412 3.344412 3.344412 3.344412 3.344412 3.344412 
3.344412 3.344412 3.344412 3.344412 3.344412 3.344412 3.344412 3.344412 3.344412 3.344412 3.344412 3.344412 3.344412 3.344412 3.344412 3.344412 3.344412 3.344412 3.344412 3.344412 3.344412 3.344412 3.344412 3.344412 3.344412 3.344412 3.344412 3.344412 3.344412 3.344412 3.344412 3.344412 3.344412 3.344412 3.344412 3.344412 3.344412 3.344412 3.344412 3.344412 3.344412 3.344412 3.344412 3.344412 3.344412 3.344412 3.344412 3.344412 3.344412 3.344412 3.344412 3.344412 3.344412 3.344412 3.344412 3.344412 3.344412 3.344412 3.344412 3.344412 3.344412 3.344412 3.344412 3.344412 
3.344412 3.344412 3.344412 3.344412 3.344412 3.344412 3.344412 3.344412 3.344412 3.344412 3.344412 3.344412 3.344412 3.344412 3.344412 3.344412 3.344412 3.344412 3.344412 3.344412 3.344412 3.344412 3.344412 3.344412 3.344412 3.344412 3.344412 3.344412 3.344412 3.344412 3.344412 3.344412 3.344412 3.344412 3.344412 3.344412 3.344412 3.344412 3.344412 3.344412 3.344412 3.344412 3.344412 3.344412 3.344412 3.344412 3.344412 3.344412 3.344412 3.344412 3.344412 3.344412 3.344412 3.344412 3.344412 3.344412 3.344412 3.344412 3.344412 3.344412 3.344412 3.344412 3.344412 3.344412 
3.344412 3.344412 3.344412 3.344412 3.344412 3.344412 3.344412 3.344412 3.344412 3.344412 3.344412 3.344412 3.344412 3.344412 3.344412 3.344412 3.344412 3.344412 3.344412 3.344412 3.344412 3.344412 3.344412 3.344412 3.344412 3.344412 3.344412 3.344412 3.344412 3.344412 3.344412 3.344412 3.344412 3.344412 3.344412 3.344412 3.344412 3.344412 3.344412 3.344412 3.344412 3.344412 3.344412 3.344412 3.344412 3.344412 3.344412 3.344412 3.344412 3.344412 3.344412 3.344412 3.344412 3.344412 3.344412 3.344412 3.344412 3.344412 3.344412 3.344412 3.344412 3.344412 3.344412 3.344412 
3.344412 3.344412 3.344412 3.344412 3.344412 3.344412 3.344412 3.344412 3.344412 3.344412 3.344412 3.344412 3.344412 3.344412 3.344412 3.344412 3.344412 3.344412 3.344412 3.344412 3.344412 3.344412 3.344412 3.344412 3.344412 3.344412 3.344412 3.344412 3.344412 3.344412 3.344412 3.344412 3.344412 3.344412 3.344412 3.344412 3.344412 3.344412 3.344412 3.344412 3.344412 3.344412 3.344412 3.344412 3.344412 3.344412 3.344412 3.344412 3.344412 3.344412 3.344412 3.344412 3.344412 3.344412 3.344412 3.344412 3.344412 3.344412 3.344412 3.344412 3.344412 3.344412 3.344412 3.344412 
3.344412 3.344412 3.344412 3.344412 3.344412 3.344412 3.344412 3.344412 3.344412 3.344412 3.344412 3.344412 3.344412 3.344412 3.344412 3.344412 3.344412 3.344412 3.344412 3.344412 3.344412 3.344412 3.344412 3.344412 3.344412 3.344412 3.344412 3.344412 3.344412 3.344412 3.344412 3.344412 3.344412 3.344412 3.344412 3.344412 3.344412 3.344412 3.344412 3.344412 3.344412 3.344412 3.344412 3.344412 3.344412 3.344412 3.344412 3.344412 3.344412 3.344412 3.344412 3.344412 3.344412 3.344412 3.344412 3.344412 3.344412 3.344412 3.344412 3.344412 3.344412 3.344412 3.344412 3.344412 
3.344412 3.344412 3.344412 3.344412 3.344412 3.344412 3.344412 3.344412 3.344412 3.344412 3.344412 3.344412 3.344412 3.344412 3.344412 3.344412 3.344412 3.344412 3.344412 3.344412 3.344412 3.344412 3.344412 3.344412 3.344412 3.344412 3.344412 3.344412 3.344412 3.344412 3.344412 3.344412 3.344412 3.344412 3.344412 3.344412 3.344412 3.344412 3.344412 3.344412 3.344412 3.344412 3.344412 3.344412 3.344412 3.344412 3.344412 3.344412 3.344412 3.344412 3.344412 3.344412 3.344412 3.344412 3.344412 3.344412 3.344412 3.344412 3.344412 3.344412 3.344412 3.344412 3.344412 3.344412 
3.344412 3.344412 3.344412 3.344412 3.344412 3.344412 3.344412 3.344412 3.344412 3.344412 3.344412 3.344412 3.344412 3.344412 3.344412 3.344412 3.344412 3.344412 3.344412 3.344412 3.344412 3.344412 3.344412 3.344412 3.344412 3.344412 3.344412 3.344412 3.344412 3.344412 3.344412 3.344412 3.344412 3.344412 3.344412 3.344412 3.344412 3.344412 3.344412 3.344412 3.344412 3.344412 3.344412 3.344412 3.344412 3.344412 3.344412 3.344412 3.344412 3.344412 3.344412 3.344412 3.344412 3.344412 3.344412 3.344412 3.344412 3.344412 3.344412 3.344412 3.344412 3.344412 3.344412 3.344412 
3.344412 3.344412 3.344412 3.344412 3.344412 3.344412 3.344412 3.344412 3.344412 3.344412 3.344412 3.344412 3.344412 3.344412 3.344412 3.344412 3.344412 3.344412 3.344412 3.344412 3.344412 3.344412 3.344412 3.344412 3.344412 3.344412 3.344412 3.344412 3.344412 3.344412 3.344412 3.344412 3.344412 3.344412 3.344412 3.344412 3.344412 3.344412 3.344412 3.344412 3.344412 3.344412 3.344412 3.344412 3.344412 3.344412 3.344412 3.344412 3.344412 3.344412 3.344412 3.344412 3.344412 3.344412 3.344412 3.344412 3.344412 3.344412 3.344412 3.344412 3.344412 3.344412 3.344412 3.344412 
3.344412 3.344412 3.344412 3.344412 3.344412 3.344412 3.344412 3.344412 3.344412 3.344412 3.344412 3.344412 3.344412 3.344412 3.344412 3.344412 3.344412 3.344412 3.344412 3.344412 3.344412 3.344412 3.344412 3.344412 3.344412 3.344412 3.344412 3.344412 3.344412 3.344412 3.344412 3.344412 3.344412 3.344412 3.344412 3.344412 3.344412 3.344412 3.344412 3.344412 3.344412 3.344412 3.344412 3.344412 3.344412 3.344412 3.344412 3.344412 3.344412 3.344412 3.344412 3.344412 3.344412 3.344412 3.344412 3.344412 3.344412 3.344412 3.344412 3.344412 3.344412 3.344412 3.344412 3.344412 
3.344412 3.344412 3.344412 3.344412 3.344412 3.344412 3.344412 3.344412 3.344412 3.344412 3.344412 3.344412 3.344412 3.344412 3.344412 3.344412 3.344412 3.344412 3.344412 3.344412 3.344412 3.344412 3.344412 3.344412 3.344412 3.344412 3.344412 3.344412 3.344412 3.344412 3.344412 3.344412 3.344412 3.344412 3.344412 3.344412 3.344412 3.344412 3.344412 3.344412 3.344412 3.344412 3.344412 3.344412 3.344412 3.344412 3.344412 3.344412 3.344412 3.344412 3.344412 3.344412 3.344412 3.344412 3.344412 3.344412 3.344412 3.344412 3.344412 3.344412 3.344412 3.344412 3.344412 3.344412 
3.344412 3.344412 3.344412 3.344412 3.344412 3.344412 3.344412 3.344412 3.344412 3.344412 3.344412 3.344412 3.344412 3.344412 3.344412 3.344412 3.344412 3.344412 3.344412 3.344412 3.344412 3.344412 3.344412 3.344412 3.344412 3.344412 3.344412 3.344412 3.344412 3.344412 3.344412 3.344412 3.344412 3.344412 3.344412 3.344412 3.344412 3.344412 3.344412 3.344412 3.344412 3.344412 3.344412 3.344412 3.344412 3.344412 3.344412 3.344412 3.344412 3.344412 3.344412 3.344412 3.344412 3.344412 3.344412 3.344412 3.344412 3.344412 3.344412 3.344412 3.344412 3.344412 3.344412 3.344412 
3.344412 3.344412 3.344412 3.344412 3.344412 3.344412 3.344412 3.344412 3.344412 3.344412 3.344412 3.344412 3.344412 3.344412 3.344412 3.344412 3.344412 3.344412 3.344412 3.344412 3.344412 3.344412 3.344412 3.344412 3.344412 3.344412 3.344412 3.344412 3.344412 3.344412 3.344412 3.344412 3.344412 3.344412 3.344412 3.344412 3.344412 3.344412 3.344412 3.344412 3.344412 3.344412 3.344412 3.344412 3.344412 3.344412 3.344412 3.344412 3.344412 3.344412 3.344412 3.344412 3.344412 3.344412 3.344412 3.344412 3.344412 3.344412 3.344412 3.344412 3.344412 3.344412 3.344412 3.344412 
3.344412 3.344412 3.344412 3.344412 3.344412 3.344412 3.344412 3.344412 3.344412 3.344412 3.344412 3.344412 3.344412 3.344412 3.344412 3.344412 3.344412 3.344412 3.344412 3.344412 3.344412 3.344412 3.344412 3.344412 3.344412 3.344412 3.344412 3.344412 3.344412 3.344412 3.344412 3.344412 3.344412 3.344412 3.344412 3.344412 3.344412 3.344412 3.344412 3.344412 3.344412 3.344412 3.344412 3.344412 3.344412 3.344412 3.344412 3.344412 3.344412 3.344412 3.344412 3.344412 3.344412 3.344412 3.344412 3.344412 3.344412 3.344412 3.344412 3.344412 3.344412 3.344412 3.344412 3.344412 
3.344412 3.344412 3.344412 3.344412 3.344412 3.344412 3.344412 3.344412 3.344412 3.344412 3.344412 3.344412 3.344412 3.344412 3.344412 3.344412 3.344412 3.344412 3.344412 3.344412 3.344412 3.344412 3.344412 3.344412 3.344412 3.344412 3.344412 3.344412 3.344412 3.344412 3.344412 3.344412 3.344412 3.344412 3.344412 3.344412 3.344412 3.344412 3.344412 3.344412 3.344412 3.344412 3.344412 3.344412 3.344412 3.344412 3.344412 3.344412 3.344412 3.344412 3.344412 3.344412 3.344412 3.344412 3.344412 3.344412 3.344412 3.344412 3.344412 3.344412 3.344412 3.344412 3.344412 3.344412 
3.344412 3.344412 3.344412 3.344412 3.344412 3.344412 3.344412 3.344412 3.344412 3.344412 3.344412 3.344412 3.344412 3.344412 3.344412 3.344412 3.344412 3.344412 3.344412 3.344412 3.344412 3.344412 3.344412 3.344412 3.344412 3.344412 3.344412 3.344412 3.344412 3.344412 3.344412 3.344412 3.344412 3.344412 3.344412 3.344412 3.344412 3.344412 3.344412 3.344412 3.344412 3.344412 3.344412 3.344412 3.344412 3.344412 3.344412 3.344412 3.344412 3.344412 3.344412 3.344412 3.344412 3.344412 3.344412 3.344412 3.344412 3.344412 3.344412 3.344412 3.344412 3.344412 3.344412 3.344412 
3.344412 3.344412 3.344412 3.344412 3.344412 3.344412 3.344412 3.344412 3.344412 3.344412 3.344412 3.344412 3.344412 3.344412 3.344412 3.344412 3.344412 3.344412 3.344412 3.344412 3.344412 3.344412 3.344412 3.344412 3.344412 3.344412 3.344412 3.344412 3.344412 3.344412 3.344412 3.344412 3.344412 3.344412 3.344412 3.344412 3.344412 3.344412 3.344412 3.344412 3.344412 3.344412 3.344412 3.344412 3.344412 3.344412 3.344412 3.344412 3.344412 3.344412 3.344412 3.344412 3.344412 3.344412 3.344412 3.344412 3.344412 3.344412 3.344412 3.344412 3.344412 3.344412 3.344412 3.344412 
3.344412 3.344412 3.344412 3.344412 3.344412 3.344412 3.344412 3.344412 3.344412 3.344412 3.344412 3.344412 3.344412 3.344412 3.344412 3.344412 3.344412 3.344412 3.344412 3.344412 3.344412 3.344412 3.344412 3.344412 3.344412 3.344412 3.344412 3.344412 3.344412 3.344412 3.344412 3.344412 3.344412 3.344412 3.344412 3.344412 3.344412 3.344412 3.344412 3.344412 3.344412 3.344412 3.344412 3.344412 3.344412 3.344412 3.344412 3.344412 3.344412 3.344412 3.344412 3.344412 3.344412 3.344412 3.344412 3.344412 3.344412 3.344412 3.344412 3.344412 3.344412 3.344412 3.344412 3.344412 
3.344412 3.344412 3.344412 3.344412 3.344412 3.344412 3.344412 3.344412 3.344412 3.344412 3.344412 3.344412 3.344412 3.344412 3.344412 3.344412 3.344412 3.344412 3.344412 3.344412 3.344412 3.344412 3.344412 3.344412 3.344412 3.344412 3.344412 3.344412 3.344412 3.344412 3.344412 3.344412 3.344412 3.344412 3.344412 3.344412 3.344412 3.344412 3.344412 3.344412 3.344412 3.344412 3.344412 3.344412 3.344412 3.344412 3.344412 3.344412 3.344412 3.344412 3.344412 3.344412 3.344412 3.344412 3.344412 3.344412 3.344412 3.344412 3.344412 3.344412 3.344412 3.344412 3.344412 3.344412 
