0.000003,2725.184362
0.000006,2725.179675
0.000009,2725.127132
0.000013,2724.861577
0.000016,2724.104073
0.000019,2722.478653
0.000022,2719.534717
0.000025,2714.772530
0.000028,2707.669670
0.000032,2697.706664
0.000035,2684.390459
0.000038,2667.274804
0.000041,2645.976931
0.000044,2620.190279
0.000048,2589.693233
0.000051,2554.354042
0.000054,2514.132245
0.000057,2469.076972
0.000060,2419.322606
0.000064,2365.082247
0.000067,2306.639452
0.000070,2244.338715
0.000073,2178.575081
0.000077,2109.783299
0.000080,2038.426852
0.000083,1965.164510
0.000086,1890.897102
0.000090,1816.137222
0.000093,1741.358838
0.000096,1666.991669
0.000099,1593.417983
0.000103,1520.971467
0.000106,1449.937802
0.000109,1380.607099
0.000112,1313.168710
0.000115,1247.765076
0.000119,1184.504038
0.000122,1123.463432
0.000125,1064.695405
0.000128,1008.230345
0.000131,954.080397
0.000135,902.242548
0.000138,852.701302
0.000141,805.430955
0.000145,760.397512
0.000148,717.560259
0.000151,676.873048
0.000155,638.285330
0.000158,601.742981
0.000161,567.188964
0.000165,534.563885
0.000168,503.806453
0.000172,474.878670
0.000175,447.924084
0.000179,422.807809
0.000182,399.407404
0.000185,377.611656
0.000189,357.319293
0.000192,338.437688
0.000196,320.881617
0.000199,304.572107
0.000203,289.435399
0.000206,275.402066
0.000210,262.406287
0.000214,250.385296
0.000217,239.397558
0.000221,229.347649
0.000224,220.148965
0.000228,211.723647
0.000231,204.001830
0.000235,196.920955
0.000238,190.425131
0.000242,184.464557
0.000245,178.994992
0.000249,173.977264
0.000253,169.376826
0.000256,165.163347
0.000260,161.310333
0.000263,157.794781
0.000267,154.596853
0.000271,151.699577
0.000274,149.088563
0.000278,146.752066
0.000282,144.681089
0.000285,142.867190
0.000289,141.303130
0.000293,139.983006
0.000297,138.902025
0.000300,138.056274
0.000304,137.442497
0.000308,137.057874
0.000312,136.899804
0.000316,136.965695
0.000319,137.252760
0.000323,137.757818
0.000327,138.477112
0.000331,139.406134
0.000335,140.539460
0.000339,141.870606
0.000343,143.391903
0.000347,145.094382
0.000351,146.967693
0.000355,149.000043
0.000359,151.178154
0.000363,153.487263
0.000367,155.911137
0.000371,158.432131
0.000375,161.031274
0.000379,163.688380
0.000383,166.382202
0.000387,169.090609
0.000391,171.790794
0.000395,174.459505
0.000399,177.073298
0.000404,179.608811
0.000408,182.043045
0.000412,184.353655
0.000416,186.519238
0.000420,188.519617
0.000425,190.336116
0.000429,191.951806
0.000433,193.351738
0.000437,194.523133
0.000442,195.455549
0.000446,196.140996
0.000450,196.574018
0.000455,196.751720
0.000459,196.673760
0.000463,196.342287
0.000468,195.761840
0.000472,194.939208
0.000476,193.883250
0.000481,192.604689
0.000485,191.115880
0.000490,189.430564
0.000494,187.563601
0.000499,185.530715
0.000503,183.348228
0.000507,181.032812
0.000512,178.601250
0.000516,176.070217
0.000521,173.456084
0.000525,170.774744
0.000530,168.041466
0.000534,165.270771
0.000539,162.476337
0.000543,159.670930
0.000548,156.866351
0.000552,154.073409
0.000557,151.301913
0.000561,148.560679
0.000566,145.857545
0.000570,143.199410
0.000575,140.592270
0.000579,138.041264
0.000584,135.550729
0.000588,133.124254
0.000593,130.764736
0.000598,128.474441
0.000602,126.255053
0.000607,124.107739
0.000611,122.033193
0.000616,120.031692
0.000620,118.103144
0.000625,116.247126
0.000630,114.462933
0.000634,112.749609
0.000639,111.105987
0.000644,109.530715
0.000648,108.022287
0.000653,106.579068
0.000657,105.199316
0.000662,103.881200
0.000667,102.622824
0.000672,101.422232
0.000676,100.277433
0.000681,99.186403
0.000686,98.147103
0.000690,97.157483
0.000695,96.215492
0.000700,95.319084
0.000705,94.466225
0.000709,93.654897
0.000714,92.883103
0.000719,92.148870
0.000724,91.450255
0.000728,90.785343
0.000733,90.152257
0.000738,89.549154
0.000743,88.974230
0.000748,88.425722
0.000753,87.901911
0.000757,87.401120
0.000762,86.921722
0.000767,86.462135
0.000772,86.020828
0.000777,85.596320
0.000782,85.187183
0.000787,84.792043
0.000792,84.409579
0.000797,84.038528
0.000802,83.677682
0.000806,83.325893
0.000811,82.982068
0.000816,82.645176
0.000821,82.314244
0.000826,81.988358
0.000831,81.666663
0.000836,81.348364
0.000841,81.032726
0.000846,80.719070
0.000851,80.406777
0.000856,80.095282
0.000861,79.784077
0.000866,79.472708
0.000871,79.160774
0.000876,78.847925
0.000881,78.533857
0.000886,78.218318
0.000891,77.901097
0.000896,77.582029
0.000902,77.260986
0.000907,76.937881
0.000912,76.612660
0.000917,76.285303
0.000922,75.955821
0.000927,75.624302
0.000932,75.290845
0.000937,74.955534
0.000942,74.618474
0.000947,74.279788
0.000952,73.939611
0.000957,73.598094
0.000963,73.255397
0.000968,72.911688
0.000973,72.567147
0.000978,72.221951
0.000983,71.876283
0.000988,71.530326
0.000993,71.184263
0.000999,70.838272
0.001004,70.492532
0.001009,70.147215
0.001014,69.802487
0.001019,69.458510
0.001024,69.115438
0.001029,68.773418
0.001035,68.432586
0.001040,68.093073
0.001045,67.755001
0.001050,67.418480
0.001055,67.083615
0.001061,66.750498
0.001066,66.419217
0.001071,66.089846
0.001076,65.762455
0.001081,65.437101
0.001087,65.113839
0.001092,64.792711
0.001097,64.473754
0.001102,64.157000
0.001108,63.842472
0.001113,63.530189
0.001118,63.220164
0.001123,62.912404
0.001128,62.606915
0.001134,62.303695
0.001139,62.002743
0.001144,61.704051
0.001150,61.407611
0.001155,61.113412
0.001160,60.821442
0.001165,60.531688
0.001171,60.244133
0.001176,59.958764
0.001181,59.675566
0.001186,59.394524
0.001192,59.115622
0.001197,58.838844
0.001202,58.564176
0.001208,58.291604
0.001213,58.021113
0.001218,57.752692
0.001224,57.486329
0.001229,57.222012
0.001234,56.959732
0.001240,56.699479
0.001245,56.441246
0.001250,56.185024
0.001256,55.930808
0.001261,55.678592
0.001266,55.428382
0.001272,55.180178
0.001277,54.933973
0.001282,54.689765
0.001288,54.447550
0.001293,54.207323
0.001299,53.969080
0.001304,53.732818
0.001309,53.498533
0.001315,53.266220
0.001320,53.035873
0.001326,52.807488
0.001331,52.581059
0.001336,52.356579
0.001342,52.134041
0.001347,51.913436
0.001353,51.694755
0.001358,51.477988
0.001363,51.263126
0.001369,51.050159
0.001374,50.839074
0.001380,50.629858
0.001385,50.422495
0.001391,50.216971
0.001396,50.013268
0.001401,49.811368
0.001407,49.611254
0.001412,49.412905
0.001418,49.216302
0.001423,49.021424
0.001429,48.828249
0.001434,48.636755
0.001440,48.446919
0.001445,48.258718
0.001451,48.072128
0.001456,47.887126
0.001462,47.703687
0.001467,47.521785
0.001473,47.341398
0.001478,47.162499
0.001484,46.985064
0.001489,46.809069
0.001495,46.634496
0.001500,46.461317
0.001506,46.289510
0.001511,46.119050
0.001517,45.949913
0.001522,45.782075
0.001528,45.615513
0.001533,45.450204
0.001539,45.286126
0.001544,45.123257
0.001550,44.961577
0.001555,44.801063
0.001561,44.641697
0.001566,44.483457
0.001572,44.326327
0.001577,44.170287
0.001583,44.015319
0.001589,43.861406
0.001594,43.708533
0.001600,43.556685
0.001605,43.405847
0.001611,43.256005
0.001616,43.107143
0.001622,42.959249
0.001627,42.812309
0.001633,42.666310
0.001639,42.521240
0.001644,42.377087
0.001650,42.233841
0.001655,42.091492
0.001661,41.950030
0.001667,41.809445
0.001672,41.669729
0.001678,41.530870
0.001683,41.392861
0.001689,41.255692
0.001695,41.119355
0.001700,40.983843
0.001706,40.849146
0.001711,40.715258
0.001717,40.582170
0.001723,40.449876
0.001728,40.318368
0.001734,40.187639
0.001739,40.057683
0.001745,39.928493
0.001751,39.800062
0.001756,39.672383
0.001762,39.545451
0.001768,39.419258
0.001773,39.293800
0.001779,39.169068
0.001785,39.045059
0.001790,38.921764
0.001796,38.799180
0.001802,38.677299
0.001807,38.556115
0.001813,38.435624
0.001818,38.315818
0.001824,38.196694
0.001830,38.078244
0.001835,37.960463
0.001841,37.843346
0.001847,37.726887
0.001853,37.611081
0.001858,37.495923
0.001864,37.381406
0.001870,37.267526
0.001875,37.154277
0.001881,37.041655
0.001887,36.929653
0.001892,36.818268
0.001898,36.707494
0.001904,36.597325
0.001909,36.487758
0.001915,36.378787
0.001921,36.270408
0.001927,36.162616
0.001932,36.055406
0.001938,35.948773
0.001944,35.842714
0.001949,35.737223
0.001955,35.632296
0.001961,35.527930
0.001967,35.424119
0.001972,35.320859
0.001978,35.218147
0.001984,35.115978
0.001990,35.014348
0.001995,34.913254
0.002001,34.812690
0.002007,34.712655
0.002013,34.613142
0.002018,34.514150
0.002024,34.415674
0.002030,34.317710
0.002036,34.220255
0.002041,34.123305
0.002047,34.026857
0.002053,33.930907
0.002059,33.835451
0.002064,33.740487
0.002070,33.646011
0.002076,33.552019
0.002082,33.458508
0.002088,33.365475
0.002093,33.272916
0.002099,33.180829
0.002105,33.089209
0.002111,32.998054
0.002117,32.907361
0.002122,32.817126
0.002128,32.727347
0.002134,32.638019
0.002140,32.549140
0.002146,32.460707
0.002151,32.372717
0.002157,32.285167
0.002163,32.198053
0.002169,32.111372
0.002175,32.025123
0.002181,31.939300
0.002186,31.853903
0.002192,31.768927
0.002198,31.684369
0.002204,31.600228
0.002210,31.516499
0.002216,31.433180
0.002221,31.350268
0.002227,31.267760
0.002233,31.185653
0.002239,31.103945
0.002245,31.022633
0.002251,30.941713
0.002257,30.861184
0.002262,30.781042
0.002268,30.701284
0.002274,30.621908
0.002280,30.542912
0.002286,30.464292
0.002292,30.386046
0.002298,30.308171
0.002304,30.230664
0.002309,30.153524
0.002315,30.076747
0.002321,30.000331
0.002327,29.924274
0.002333,29.848572
0.002339,29.773224
0.002345,29.698227
0.002351,29.623578
0.002357,29.549276
0.002362,29.475317
0.002368,29.401700
0.002374,29.328422
0.002380,29.255480
0.002386,29.182873
0.002392,29.110598
0.002398,29.038653
0.002404,28.967035
0.002410,28.895743
0.002416,28.824774
0.002422,28.754127
0.002428,28.683798
0.002434,28.613786
0.002439,28.544089
0.002445,28.474704
0.002451,28.405630
0.002457,28.336865
0.002463,28.268406
0.002469,28.200251
0.002475,28.132399
0.002481,28.064847
0.002487,27.997593
0.002493,27.930637
0.002499,27.863975
0.002505,27.797605
0.002511,27.731526
0.002517,27.665737
0.002523,27.600234
0.002529,27.535017
0.002535,27.470083
0.002541,27.405430
0.002547,27.341058
0.002553,27.276963
0.002559,27.213144
0.002565,27.149600
0.002571,27.086329
0.002577,27.023329
0.002583,26.960598
0.002589,26.898134
0.002595,26.835936
0.002601,26.774003
0.002607,26.712332
0.002613,26.650922
0.002619,26.589771
0.002625,26.528878
0.002631,26.468241
0.002637,26.407858
0.002643,26.347728
0.002649,26.287849
0.002655,26.228220
0.002661,26.168839
0.002667,26.109705
0.002673,26.050815
0.002679,25.992170
0.002685,25.933766
0.002691,25.875603
0.002697,25.817679
0.002703,25.759992
0.002709,25.702542
0.002715,25.645327
0.002721,25.588344
0.002727,25.531594
0.002734,25.475074
0.002740,25.418783
0.002746,25.362720
0.002752,25.306883
0.002758,25.251271
0.002764,25.195882
0.002770,25.140716
0.002776,25.085771
0.002782,25.031045
0.002788,24.976538
0.002794,24.922247
0.002800,24.868173
0.002806,24.814312
0.002813,24.760665
0.002819,24.707230
0.002825,24.654005
0.002831,24.600989
0.002837,24.548182
0.002843,24.495582
0.002849,24.443187
0.002855,24.390997
0.002861,24.339011
0.002868,24.287226
0.002874,24.235642
0.002880,24.184259
0.002886,24.133073
0.002892,24.082086
0.002898,24.031295
0.002904,23.980699
0.002910,23.930297
0.002917,23.880088
0.002923,23.830071
0.002929,23.780245
0.002935,23.730609
0.002941,23.681161
0.002947,23.631901
0.002953,23.582828
0.002960,23.533940
0.002966,23.485237
0.002972,23.436717
0.002978,23.388379
0.002984,23.340223
0.002990,23.292247
0.002997,23.244450
0.003003,23.196832
0.003009,23.149391
0.003015,23.102127
0.003021,23.055038
0.003027,23.008124
0.003034,22.961383
0.003040,22.914815
0.003046,22.868418
0.003052,22.822192
0.003058,22.776135
0.003065,22.730248
0.003071,22.684528
0.003077,22.638976
0.003083,22.593589
0.003089,22.548368
0.003096,22.503311
0.003102,22.458417
0.003108,22.413686
0.003114,22.369117
0.003120,22.324708
0.003127,22.280459
0.003133,22.236370
0.003139,22.192439
0.003145,22.148665
0.003152,22.105047
0.003158,22.061586
0.003164,22.018279
0.003170,21.975127
0.003176,21.932127
0.003183,21.889281
0.003189,21.846585
0.003195,21.804041
0.003201,21.761647
0.003208,21.719402
0.003214,21.677306
0.003220,21.635358
0.003226,21.593556
0.003233,21.551901
0.003239,21.510392
0.003245,21.469027
0.003252,21.427806
0.003258,21.386728
0.003264,21.345793
0.003270,21.305000
0.003277,21.264348
0.003283,21.223836
0.003289,21.183463
0.003295,21.143230
0.003302,21.103135
0.003308,21.063177
0.003314,21.023357
0.003321,20.983672
0.003327,20.944123
0.003333,20.904709
0.003339,20.865428
0.003346,20.826281
0.003352,20.787267
0.003358,20.748385
0.003365,20.709635
0.003371,20.671015
0.003377,20.632525
0.003384,20.594165
0.003390,20.555934
0.003396,20.517831
0.003403,20.479855
0.003409,20.442006
0.003415,20.404284
0.003422,20.366688
0.003428,20.329216
0.003434,20.291869
0.003441,20.254646
0.003447,20.217546
0.003453,20.180568
0.003460,20.143713
0.003466,20.106979
0.003472,20.070367
0.003479,20.033874
0.003485,19.997501
0.003491,19.961247
0.003498,19.925112
0.003504,19.889095
0.003511,19.853195
0.003517,19.817412
0.003523,19.781746
0.003530,19.746195
0.003536,19.710759
0.003542,19.675438
0.003549,19.640231
0.003555,19.605138
0.003562,19.570157
0.003568,19.535290
0.003574,19.500534
0.003581,19.465889
0.003587,19.431356
0.003593,19.396932
0.003600,19.362619
0.003606,19.328415
0.003613,19.294320
0.003619,19.260333
0.003626,19.226454
0.003632,19.192682
0.003638,19.159018
0.003645,19.125459
0.003651,19.092006
0.003658,19.058659
0.003664,19.025417
0.003670,18.992278
0.003677,18.959244
0.003683,18.926313
0.003690,18.893485
0.003696,18.860760
0.003703,18.828137
0.003709,18.795615
0.003715,18.763194
0.003722,18.730874
0.003728,18.698654
0.003735,18.666533
0.003741,18.634512
0.003748,18.602590
0.003754,18.570766
0.003761,18.539039
0.003767,18.507411
0.003774,18.475879
0.003780,18.444444
0.003786,18.413105
0.003793,18.381862
0.003799,18.350714
0.003806,18.319661
0.003812,18.288702
0.003819,18.257838
0.003825,18.227067
0.003832,18.196389
0.003838,18.165804
0.003845,18.135311
0.003851,18.104911
0.003858,18.074602
0.003864,18.044384
0.003871,18.014256
0.003877,17.984219
0.003884,17.954272
0.003890,17.924415
0.003897,17.894646
0.003903,17.864967
0.003910,17.835376
0.003916,17.805873
0.003923,17.776457
0.003929,17.747129
0.003936,17.717887
0.003942,17.688732
0.003949,17.659663
0.003955,17.630680
0.003962,17.601782
0.003969,17.572969
0.003975,17.544241
0.003982,17.515597
0.003988,17.487037
0.003995,17.458560
0.004001,17.430167
0.004008,17.401856
0.004014,17.373628
0.004021,17.345482
0.004027,17.317418
0.004034,17.289435
0.004041,17.261533
0.004047,17.233712
0.004054,17.205972
0.004060,17.178311
0.004067,17.150730
0.004073,17.123229
0.004080,17.095806
0.004087,17.068462
0.004093,17.041197
0.004100,17.014010
0.004106,16.986900
0.004113,16.959868
0.004119,16.932912
0.004126,16.906034
0.004133,16.879232
0.004139,16.852506
0.004146,16.825856
0.004152,16.799281
0.004159,16.772782
0.004166,16.746357
0.004172,16.720007
0.004179,16.693731
0.004185,16.667529
0.004192,16.641401
0.004199,16.615346
0.004205,16.589364
0.004212,16.563454
0.004219,16.537617
0.004225,16.511853
0.004232,16.486160
0.004238,16.460538
0.004245,16.434988
0.004252,16.409509
0.004258,16.384101
0.004265,16.358762
0.004272,16.333494
0.004278,16.308296
0.004285,16.283167
0.004292,16.258108
0.004298,16.233117
0.004305,16.208196
0.004312,16.183342
0.004318,16.158557
0.004325,16.133840
0.004332,16.109190
0.004338,16.084607
0.004345,16.060092
0.004352,16.035643
0.004358,16.011261
0.004365,15.986945
0.004372,15.962695
0.004378,15.938511
0.004385,15.914392
0.004392,15.890339
0.004398,15.866350
0.004405,15.842426
0.004412,15.818567
0.004418,15.794772
0.004425,15.771040
0.004432,15.747373
0.004438,15.723769
0.004445,15.700228
0.004452,15.676749
0.004459,15.653334
0.004465,15.629981
0.004472,15.606690
0.004479,15.583461
0.004485,15.560294
0.004492,15.537189
0.004499,15.514144
0.004506,15.491161
0.004512,15.468238
0.004519,15.445376
0.004526,15.422574
0.004532,15.399832
0.004539,15.377151
0.004546,15.354528
0.004553,15.331965
0.004559,15.309461
0.004566,15.287016
0.004573,15.264630
0.004580,15.242302
0.004586,15.220033
0.004593,15.197821
0.004600,15.175668
0.004607,15.153571
0.004613,15.131533
0.004620,15.109551
0.004627,15.087626
0.004634,15.065758
0.004640,15.043947
0.004647,15.022191
0.004654,15.000492
0.004661,14.978849
0.004668,14.957261
0.004674,14.935729
0.004681,14.914252
0.004688,14.892830
0.004695,14.871462
0.004701,14.850150
0.004708,14.828892
0.004715,14.807688
0.004722,14.786537
0.004729,14.765441
0.004735,14.744399
0.004742,14.723409
0.004749,14.702473
0.004756,14.681590
0.004763,14.660760
0.004769,14.639983
0.004776,14.619257
0.004783,14.598584
0.004790,14.577963
0.004797,14.557394
0.004804,14.536877
0.004810,14.516411
0.004817,14.495996
0.004824,14.475632
0.004831,14.455320
0.004838,14.435058
0.004845,14.414846
0.004851,14.394685
0.004858,14.374574
0.004865,14.354513
0.004872,14.334502
0.004879,14.314540
0.004886,14.294628
0.004892,14.274765
0.004899,14.254951
0.004906,14.235186
0.004913,14.215469
0.004920,14.195802
0.004927,14.176182
0.004934,14.156611
0.004940,14.137088
0.004947,14.117613
0.004954,14.098185
0.004961,14.078805
0.004968,14.059472
0.004975,14.040187
0.004982,14.020948
0.004989,14.001756
0.004995,13.982611
0.005002,13.963513
0.005009,13.944460
0.005016,13.925454
0.005023,13.906494
0.005030,13.887580
0.005037,13.868711
0.005044,13.849888
0.005051,13.831111
0.005058,13.812378
0.005064,13.793691
0.005071,13.775048
0.005078,13.756450
0.005085,13.737897
0.005092,13.719388
0.005099,13.700924
0.005106,13.682503
0.005113,13.664127
0.005120,13.645794
0.005127,13.627505
0.005134,13.609260
0.005141,13.591057
0.005148,13.572898
0.005154,13.554782
0.005161,13.536709
0.005168,13.518679
0.005175,13.500691
0.005182,13.482746
0.005189,13.464843
0.005196,13.446982
0.005203,13.429163
0.005210,13.411386
0.005217,13.393651
0.005224,13.375957
0.005231,13.358305
0.005238,13.340694
0.005245,13.323125
0.005252,13.305596
0.005259,13.288108
0.005266,13.270661
0.005273,13.253254
0.005280,13.235888
0.005287,13.218563
0.005294,13.201277
0.005301,13.184032
0.005308,13.166826
0.005315,13.149660
0.005322,13.132534
0.005329,13.115447
0.005336,13.098400
0.005343,13.081392
0.005350,13.064423
0.005357,13.047493
0.005364,13.030602
0.005371,13.013750
0.005378,12.996936
0.005385,12.980161
0.005392,12.963424
0.005399,12.946726
0.005406,12.930065
0.005413,12.913442
0.005420,12.896857
0.005427,12.880310
0.005434,12.863801
0.005441,12.847329
0.005448,12.830894
0.005455,12.814496
0.005462,12.798136
0.005469,12.781812
0.005476,12.765526
0.005483,12.749276
0.005490,12.733062
0.005497,12.716886
0.005504,12.700745
0.005511,12.684641
0.005518,12.668573
0.005525,12.652540
0.005532,12.636544
0.005539,12.620584
0.005546,12.604659
0.005554,12.588770
0.005561,12.572916
0.005568,12.557097
0.005575,12.541314
0.005582,12.525565
0.005589,12.509852
0.005596,12.494174
0.005603,12.478530
0.005610,12.462921
0.005617,12.447346
0.005624,12.431806
0.005631,12.416300
0.005638,12.400828
0.005646,12.385390
0.005653,12.369987
0.005660,12.354617
0.005667,12.339281
0.005674,12.323978
0.005681,12.308709
0.005688,12.293474
0.005695,12.278272
0.005702,12.263103
0.005709,12.247967
0.005717,12.232864
0.005724,12.217794
0.005731,12.202757
0.005738,12.187752
0.005745,12.172780
0.005752,12.157841
0.005759,12.142934
0.005766,12.128059
0.005774,12.113216
0.005781,12.098406
0.005788,12.083627
0.005795,12.068880
0.005802,12.054165
0.005809,12.039482
0.005816,12.024830
0.005824,12.010210
0.005831,11.995621
0.005838,11.981064
0.005845,11.966537
0.005852,11.952042
0.005859,11.937578
0.005867,11.923144
0.005874,11.908741
0.005881,11.894369
0.005888,11.880028
0.005895,11.865717
0.005902,11.851437
0.005910,11.837187
0.005917,11.822967
0.005924,11.808777
0.005931,11.794617
0.005938,11.780487
0.005945,11.766388
0.005953,11.752317
0.005960,11.738277
0.005967,11.724266
0.005974,11.710285
0.005981,11.696332
0.005989,11.682410
0.005996,11.668516
0.006003,11.654652
0.006010,11.640817
0.006017,11.627010
0.006025,11.613233
0.006032,11.599484
0.006039,11.585764
0.006046,11.572072
0.006053,11.558410
0.006061,11.544775
0.006068,11.531169
0.006075,11.517591
0.006082,11.504041
0.006090,11.490520
0.006097,11.477026
0.006104,11.463560
0.006111,11.450122
0.006118,11.436712
0.006126,11.423330
0.006133,11.409975
0.006140,11.396648
0.006147,11.383348
0.006155,11.370075
0.006162,11.356830
0.006169,11.343612
0.006176,11.330421
0.006184,11.317256
0.006191,11.304119
0.006198,11.291009
0.006205,11.277926
0.006213,11.264869
0.006220,11.251839
0.006227,11.238835
0.006235,11.225858
0.006242,11.212907
0.006249,11.199982
0.006256,11.187084
0.006264,11.174212
0.006271,11.161366
0.006278,11.148546
0.006285,11.135752
0.006293,11.122983
0.006300,11.110241
0.006307,11.097524
0.006315,11.084833
0.006322,11.072167
0.006329,11.059527
0.006337,11.046912
0.006344,11.034322
0.006351,11.021758
0.006358,11.009219
0.006366,10.996705
0.006373,10.984216
0.006380,10.971752
0.006388,10.959312
0.006395,10.946898
0.006402,10.934508
0.006410,10.922143
0.006417,10.909803
0.006424,10.897487
0.006432,10.885196
0.006439,10.872929
0.006446,10.860686
0.006454,10.848467
0.006461,10.836273
0.006468,10.824103
0.006476,10.811957
0.006483,10.799834
0.006490,10.787736
0.006498,10.775661
0.006505,10.763611
0.006512,10.751584
0.006520,10.739580
0.006527,10.727600
0.006534,10.715644
0.006542,10.703711
0.006549,10.691801
0.006557,10.679915
0.006564,10.668052
0.006571,10.656212
0.006579,10.644395
0.006586,10.632601
0.006593,10.620830
0.006601,10.609082
0.006608,10.597357
0.006616,10.585655
0.006623,10.573975
0.006630,10.562318
0.006638,10.550683
0.006645,10.539071
0.006652,10.527482
0.006660,10.515915
0.006667,10.504370
0.006675,10.492847
0.006682,10.481347
0.006689,10.469869
0.006697,10.458413
0.006704,10.446978
0.006712,10.435566
0.006719,10.424176
0.006726,10.412807
0.006734,10.401461
0.006741,10.390136
0.006749,10.378832
0.006756,10.367551
0.006764,10.356290
0.006771,10.345052
0.006778,10.333834
0.006786,10.322638
0.006793,10.311464
0.006801,10.300310
0.006808,10.289178
0.006816,10.278067
0.006823,10.266977
0.006830,10.255907
0.006838,10.244859
0.006845,10.233832
0.006853,10.222825
0.006860,10.211840
0.006868,10.200875
0.006875,10.189930
0.006883,10.179007
0.006890,10.168104
0.006898,10.157221
0.006905,10.146359
0.006912,10.135517
0.006920,10.124695
0.006927,10.113894
0.006935,10.103113
0.006942,10.092352
0.006950,10.081611
0.006957,10.070890
0.006965,10.060189
0.006972,10.049509
0.006980,10.038848
0.006987,10.028207
0.006995,10.017585
0.007002,10.006984
0.007010,9.996402
0.007017,9.985839
0.007025,9.975297
0.007032,9.964773
0.007040,9.954270
0.007047,9.943785
0.007055,9.933320
0.007062,9.922874
0.007070,9.912448
0.007077,9.902041
0.007085,9.891653
0.007092,9.881284
0.007100,9.870934
0.007107,9.860603
0.007115,9.850291
0.007122,9.839998
0.007130,9.829724
0.007137,9.819468
0.007145,9.809231
0.007152,9.799013
0.007160,9.788814
0.007168,9.778633
0.007175,9.768471
0.007183,9.758327
0.007190,9.748202
0.007198,9.738095
0.007205,9.728007
0.007213,9.717937
0.007220,9.707885
0.007228,9.697851
0.007235,9.687836
0.007243,9.677838
0.007251,9.667859
0.007258,9.657898
0.007266,9.647954
0.007273,9.638029
0.007281,9.628121
0.007288,9.618232
0.007296,9.608360
0.007304,9.598506
0.007311,9.588669
0.007319,9.578851
0.007326,9.569049
0.007334,9.559266
0.007341,9.549500
0.007349,9.539751
0.007357,9.530020
0.007364,9.520306
0.007372,9.510609
0.007379,9.500930
0.007387,9.491268
0.007395,9.481623
0.007402,9.471996
0.007410,9.462385
0.007417,9.452792
0.007425,9.443215
0.007433,9.433656
0.007440,9.424113
0.007448,9.414588
0.007455,9.405079
0.007463,9.395587
0.007471,9.386112
0.007478,9.376653
0.007486,9.367212
0.007494,9.357786
0.007501,9.348378
0.007509,9.338986
0.007516,9.329610
0.007524,9.320251
0.007532,9.310909
0.007539,9.301582
0.007547,9.292273
0.007555,9.282979
0.007562,9.273702
0.007570,9.264440
0.007578,9.255196
0.007585,9.245967
0.007593,9.236754
0.007601,9.227557
0.007608,9.218377
0.007616,9.209212
0.007623,9.200063
0.007631,9.190931
0.007639,9.181814
0.007646,9.172712
0.007654,9.163627
0.007662,9.154557
0.007669,9.145503
0.007677,9.136465
0.007685,9.127442
0.007693,9.118435
0.007700,9.109444
0.007708,9.100468
0.007716,9.091507
0.007723,9.082562
0.007731,9.073632
0.007739,9.064718
0.007746,9.055819
0.007754,9.046935
0.007762,9.038066
0.007769,9.029213
0.007777,9.020374
0.007785,9.011551
0.007792,9.002743
0.007800,8.993950
0.007808,8.985172
0.007816,8.976409
0.007823,8.967661
0.007831,8.958928
0.007839,8.950209
0.007846,8.941506
0.007854,8.932817
0.007862,8.924143
0.007870,8.915484
0.007877,8.906839
0.007885,8.898209
0.007893,8.889594
0.007901,8.880993
0.007908,8.872407
0.007916,8.863835
0.007924,8.855278
0.007932,8.846735
0.007939,8.838207
0.007947,8.829693
0.007955,8.821193
0.007963,8.812708
0.007970,8.804236
0.007978,8.795779
0.007986,8.787337
0.007994,8.778908
0.008001,8.770493
0.008009,8.762093
0.008017,8.753707
0.008025,8.745334
0.008032,8.736976
0.008040,8.728631
0.008048,8.720301
0.008056,8.711984
0.008063,8.703681
0.008071,8.695393
0.008079,8.687117
0.008087,8.678856
0.008095,8.670608
0.008102,8.662374
0.008110,8.654154
0.008118,8.645947
0.008126,8.637754
0.008133,8.629574
0.008141,8.621408
0.008149,8.613255
0.008157,8.605116
0.008165,8.596990
0.008172,8.588878
0.008180,8.580779
0.008188,8.572693
0.008196,8.564621
0.008204,8.556562
0.008212,8.548516
0.008219,8.540483
0.008227,8.532464
0.008235,8.524458
0.008243,8.516464
0.008251,8.508484
0.008258,8.500517
0.008266,8.492563
0.008274,8.484622
0.008282,8.476694
0.008290,8.468778
0.008298,8.460876
0.008305,8.452987
0.008313,8.445110
0.008321,8.437246
0.008329,8.429395
0.008337,8.421557
0.008345,8.413731
0.008353,8.405918
0.008360,8.398118
0.008368,8.390330
0.008376,8.382555
0.008384,8.374793
0.008392,8.367043
0.008400,8.359305
0.008408,8.351580
0.008415,8.343868
0.008423,8.336168
0.008431,8.328480
0.008439,8.320805
0.008447,8.313142
0.008455,8.305491
0.008463,8.297852
0.008470,8.290226
0.008478,8.282612
0.008486,8.275011
0.008494,8.267421
0.008502,8.259843
0.008510,8.252278
0.008518,8.244725
0.008526,8.237184
0.008534,8.229654
0.008541,8.222137
0.008549,8.214632
0.008557,8.207139
0.008565,8.199657
0.008573,8.192188
0.008581,8.184730
0.008589,8.177284
0.008597,8.169850
0.008605,8.162428
0.008613,8.155018
0.008621,8.147619
0.008628,8.140232
0.008636,8.132856
0.008644,8.125493
0.008652,8.118141
0.008660,8.110800
0.008668,8.103471
0.008676,8.096154
0.008684,8.088848
0.008692,8.081553
0.008700,8.074271
0.008708,8.066999
0.008716,8.059739
0.008724,8.052490
0.008732,8.045253
0.008740,8.038027
0.008747,8.030812
0.008755,8.023609
0.008763,8.016416
0.008771,8.009235
0.008779,8.002066
0.008787,7.994907
0.008795,7.987760
0.008803,7.980623
0.008811,7.973498
0.008819,7.966384
0.008827,7.959281
0.008835,7.952189
0.008843,7.945108
0.008851,7.938038
0.008859,7.930979
0.008867,7.923931
0.008875,7.916894
0.008883,7.909867
0.008891,7.902852
0.008899,7.895847
0.008907,7.888853
0.008915,7.881870
0.008923,7.874898
0.008931,7.867936
0.008939,7.860985
0.008947,7.854045
0.008955,7.847116
0.008963,7.840197
0.008971,7.833289
0.008979,7.826391
0.008987,7.819504
0.008995,7.812627
0.009003,7.805762
0.009011,7.798906
0.009019,7.792061
0.009027,7.785227
0.009035,7.778402
0.009043,7.771589
0.009051,7.764785
0.009059,7.757992
0.009067,7.751210
0.009075,7.744438
0.009083,7.737676
0.009091,7.730924
0.009099,7.724183
0.009107,7.717451
0.009115,7.710730
0.009123,7.704019
0.009131,7.697319
0.009139,7.690628
0.009147,7.683948
0.009155,7.677278
0.009163,7.670617
0.009172,7.663967
0.009180,7.657327
0.009188,7.650697
0.009196,7.644077
0.009204,7.637467
0.009212,7.630866
0.009220,7.624276
0.009228,7.617696
0.009236,7.611125
0.009244,7.604564
0.009252,7.598014
0.009260,7.591473
0.009268,7.584941
0.009276,7.578420
0.009284,7.571908
0.009293,7.565406
0.009301,7.558914
0.009309,7.552431
0.009317,7.545959
0.009325,7.539495
0.009333,7.533042
0.009341,7.526598
0.009349,7.520163
0.009357,7.513738
0.009365,7.507323
0.009373,7.500917
0.009382,7.494521
0.009390,7.488134
0.009398,7.481757
0.009406,7.475389
0.009414,7.469031
0.009422,7.462682
0.009430,7.456342
0.009438,7.450012
0.009446,7.443691
0.009455,7.437379
0.009463,7.431077
0.009471,7.424784
0.009479,7.418500
0.009487,7.412225
0.009495,7.405960
0.009503,7.399704
0.009511,7.393457
0.009520,7.387219
0.009528,7.380991
0.009536,7.374771
0.009544,7.368561
0.009552,7.362359
0.009560,7.356167
0.009568,7.349984
0.009577,7.343810
0.009585,7.337645
0.009593,7.331489
0.009601,7.325342
0.009609,7.319203
0.009617,7.313074
0.009626,7.306954
0.009634,7.300842
0.009642,7.294740
0.009650,7.288646
0.009658,7.282561
0.009666,7.276485
0.009675,7.270418
0.009683,7.264360
0.009691,7.258310
0.009699,7.252269
0.009707,7.246237
0.009715,7.240214
0.009724,7.234199
0.009732,7.228193
0.009740,7.222196
0.009748,7.216207
0.009756,7.210227
0.009765,7.204255
0.009773,7.198293
0.009781,7.192338
0.009789,7.186392
0.009797,7.180455
0.009806,7.174526
0.009814,7.168606
0.009822,7.162695
0.009830,7.156791
0.009838,7.150896
0.009847,7.145010
0.009855,7.139132
0.009863,7.133263
0.009871,7.127401
0.009879,7.121549
0.009888,7.115704
0.009896,7.109868
0.009904,7.104040
0.009912,7.098221
0.009921,7.092409
0.009929,7.086606
0.009937,7.080812
0.009945,7.075025
0.009953,7.069247
0.009962,7.063477
0.009970,7.057715
0.009978,7.051961
0.009986,7.046216
0.009995,7.040478
0.010003,7.034749
0.010011,7.029027
0.010019,7.023314
0.010028,7.017609
0.010036,7.011912
0.010044,7.006223
0.010052,7.000542
0.010061,6.994869
0.010069,6.989204
0.010077,6.983547
0.010085,6.977897
0.010094,6.972256
0.010102,6.966623
0.010110,6.960998
0.010119,6.955380
0.010127,6.949770
0.010135,6.944169
0.010143,6.938575
0.010152,6.932988
0.010160,6.927410
0.010168,6.921840
0.010177,6.916277
0.010185,6.910722
0.010193,6.905175
0.010201,6.899635
0.010210,6.894103
0.010218,6.888579
0.010226,6.883063
0.010235,6.877554
0.010243,6.872053
0.010251,6.866559
0.010260,6.861073
0.010268,6.855595
0.010276,6.850124
0.010284,6.844661
0.010293,6.839206
0.010301,6.833758
0.010309,6.828317
0.010318,6.822884
0.010326,6.817459
0.010334,6.812041
0.010343,6.806630
0.010351,6.801227
0.010359,6.795832
0.010368,6.790443
0.010376,6.785063
0.010384,6.779689
0.010393,6.774323
0.010401,6.768965
0.010409,6.763613
0.010418,6.758270
0.010426,6.752933
0.010434,6.747604
0.010443,6.742282
0.010451,6.736967
0.010459,6.731659
0.010468,6.726359
0.010476,6.721066
0.010484,6.715781
0.010493,6.710502
0.010501,6.705231
0.010510,6.699967
0.010518,6.694710
0.010526,6.689460
0.010535,6.684217
0.010543,6.678982
0.010551,6.673753
0.010560,6.668532
0.010568,6.663317
0.010576,6.658110
0.010585,6.652910
0.010593,6.647717
0.010602,6.642531
0.010610,6.637352
0.010618,6.632180
0.010627,6.627015
0.010635,6.621857
0.010644,6.616706
0.010652,6.611561
0.010660,6.606424
0.010669,6.601294
0.010677,6.596170
0.010686,6.591054
0.010694,6.585944
0.010702,6.580841
0.010711,6.575746
0.010719,6.570656
0.010728,6.565574
0.010736,6.560499
0.010744,6.555430
0.010753,6.550368
0.010761,6.545313
0.010770,6.540265
0.010778,6.535223
0.010787,6.530189
0.010795,6.525160
0.010803,6.520139
0.010812,6.515124
0.010820,6.510116
0.010829,6.505115
0.010837,6.500120
0.010846,6.495132
0.010854,6.490151
0.010862,6.485176
0.010871,6.480208
0.010879,6.475246
0.010888,6.470291
0.010896,6.465343
0.010905,6.460401
0.010913,6.455466
0.010922,6.450537
0.010930,6.445615
0.010938,6.440699
0.010947,6.435790
0.010955,6.430887
0.010964,6.425991
0.010972,6.421101
0.010981,6.416218
0.010989,6.411341
0.010998,6.406470
0.011006,6.401606
0.011015,6.396748
0.011023,6.391897
0.011032,6.387052
0.011040,6.382213
0.011049,6.377381
0.011057,6.372555
0.011065,6.367736
0.011074,6.362922
0.011082,6.358115
0.011091,6.353315
0.011099,6.348520
0.011108,6.343732
0.011116,6.338950
0.011125,6.334175
0.011133,6.329405
0.011142,6.324642
0.011150,6.319885
0.011159,6.315134
0.011167,6.310390
0.011176,6.305651
0.011184,6.300919
0.011193,6.296193
0.011201,6.291473
0.011210,6.286759
0.011219,6.282052
0.011227,6.277350
0.011236,6.272654
0.011244,6.267965
0.011253,6.263282
0.011261,6.258604
0.011270,6.253933
0.011278,6.249268
0.011287,6.244609
0.011295,6.239956
0.011304,6.235308
0.011312,6.230667
0.011321,6.226032
0.011329,6.221403
0.011338,6.216780
0.011346,6.212162
0.011355,6.207551
0.011364,6.202946
0.011372,6.198346
0.011381,6.193752
0.011389,6.189165
0.011398,6.184583
0.011406,6.180007
0.011415,6.175437
0.011423,6.170873
0.011432,6.166314
0.011441,6.161762
0.011449,6.157215
0.011458,6.152674
0.011466,6.148139
0.011475,6.143609
0.011483,6.139086
0.011492,6.134568
0.011501,6.130056
0.011509,6.125550
0.011518,6.121049
0.011526,6.116554
0.011535,6.112065
0.011543,6.107581
0.011552,6.103104
0.011561,6.098632
0.011569,6.094165
0.011578,6.089704
0.011586,6.085249
0.011595,6.080800
0.011604,6.076356
0.011612,6.071918
0.011621,6.067485
0.011629,6.063058
0.011638,6.058637
0.011647,6.054221
0.011655,6.049811
0.011664,6.045406
0.011672,6.041007
0.011681,6.036613
0.011690,6.032225
0.011698,6.027843
0.011707,6.023466
0.011716,6.019094
0.011724,6.014728
0.011733,6.010368
0.011741,6.006013
0.011750,6.001663
0.011759,5.997319
0.011767,5.992980
0.011776,5.988647
0.011785,5.984319
0.011793,5.979996
0.011802,5.975679
0.011811,5.971368
0.011819,5.967061
0.011828,5.962760
0.011836,5.958465
0.011845,5.954174
0.011854,5.949890
0.011862,5.945610
0.011871,5.941336
0.011880,5.937067
0.011888,5.932803
0.011897,5.928545
0.011906,5.924292
0.011914,5.920044
0.011923,5.915802
0.011932,5.911565
0.011940,5.907333
0.011949,5.903106
0.011958,5.898885
0.011966,5.894668
0.011975,5.890457
0.011984,5.886251
0.011992,5.882051
0.012001,5.877855
0.012010,5.873665
0.012018,5.869480
0.012027,5.865300
0.012036,5.861125
0.012044,5.856956
0.012053,5.852791
0.012062,5.848632
0.012071,5.844477
0.012079,5.840328
0.012088,5.836184
0.012097,5.832045
0.012105,5.827911
0.012114,5.823782
0.012123,5.819658
0.012131,5.815540
0.012140,5.811426
0.012149,5.807317
0.012158,5.803213
0.012166,5.799115
0.012175,5.795021
0.012184,5.790932
0.012192,5.786849
0.012201,5.782770
0.012210,5.778696
0.012219,5.774628
0.012227,5.770564
0.012236,5.766505
0.012245,5.762451
0.012254,5.758402
0.012262,5.754358
0.012271,5.750319
0.012280,5.746285
0.012289,5.742255
0.012297,5.738231
0.012306,5.734211
0.012315,5.730196
0.012323,5.726186
0.012332,5.722181
0.012341,5.718181
0.012350,5.714186
0.012359,5.710195
0.012367,5.706210
0.012376,5.702229
0.012385,5.698253
0.012394,5.694281
0.012402,5.690315
0.012411,5.686353
0.012420,5.682396
0.012429,5.678444
0.012437,5.674496
0.012446,5.670554
0.012455,5.666616
0.012464,5.662682
0.012472,5.658754
0.012481,5.654830
0.012490,5.650911
0.012499,5.646996
0.012508,5.643087
0.012516,5.639182
0.012525,5.635281
0.012534,5.631386
0.012543,5.627494
0.012552,5.623608
0.012560,5.619726
0.012569,5.615849
0.012578,5.611977
0.012587,5.608109
0.012596,5.604245
0.012604,5.600387
0.012613,5.596532
0.012622,5.592683
0.012631,5.588838
0.012640,5.584997
0.012648,5.581162
0.012657,5.577330
0.012666,5.573504
0.012675,5.569681
0.012684,5.565864
0.012692,5.562051
0.012701,5.558242
0.012710,5.554438
0.012719,5.550638
0.012728,5.546843
0.012737,5.543052
0.012745,5.539266
0.012754,5.535484
0.012763,5.531707
0.012772,5.527934
0.012781,5.524166
0.012790,5.520402
0.012798,5.516643
0.012807,5.512887
0.012816,5.509137
0.012825,5.505391
0.012834,5.501649
0.012843,5.497911
0.012852,5.494178
0.012860,5.490450
0.012869,5.486725
0.012878,5.483005
0.012887,5.479290
0.012896,5.475578
0.012905,5.471871
0.012914,5.468169
0.012922,5.464471
0.012931,5.460777
0.012940,5.457087
0.012949,5.453402
0.012958,5.449721
0.012967,5.446044
0.012976,5.442372
0.012984,5.438704
0.012993,5.435040
0.013002,5.431380
0.013011,5.427725
0.013020,5.424074
0.013029,5.420427
0.013038,5.416784
0.013047,5.413146
0.013056,5.409512
0.013064,5.405882
0.013073,5.402256
0.013082,5.398634
0.013091,5.395017
0.013100,5.391404
0.013109,5.387795
0.013118,5.384190
0.013127,5.380589
0.013136,5.376993
0.013145,5.373400
0.013154,5.369812
0.013162,5.366228
0.013171,5.362648
0.013180,5.359072
0.013189,5.355500
0.013198,5.351933
0.013207,5.348369
0.013216,5.344810
0.013225,5.341255
0.013234,5.337703
0.013243,5.334156
0.013252,5.330613
0.013261,5.327074
0.013270,5.323539
0.013278,5.320008
0.013287,5.316482
0.013296,5.312959
0.013305,5.309440
0.013314,5.305925
0.013323,5.302414
0.013332,5.298908
0.013341,5.295405
0.013350,5.291906
0.013359,5.288411
0.013368,5.284921
0.013377,5.281434
0.013386,5.277951
0.013395,5.274472
0.013404,5.270997
0.013413,5.267526
0.013422,5.264059
0.013431,5.260596
0.013440,5.257137
0.013449,5.253682
0.013458,5.250231
0.013466,5.246783
0.013475,5.243340
0.013484,5.239900
0.013493,5.236465
0.013502,5.233033
0.013511,5.229605
0.013520,5.226181
0.013529,5.222761
0.013538,5.219344
0.013547,5.215932
0.013556,5.212523
0.013565,5.209119
0.013574,5.205718
0.013583,5.202321
0.013592,5.198928
0.013601,5.195538
0.013610,5.192153
0.013619,5.188771
0.013628,5.185393
0.013637,5.182019
0.013646,5.178648
0.013655,5.175281
0.013664,5.171919
0.013673,5.168560
0.013682,5.165204
0.013691,5.161853
0.013700,5.158505
0.013709,5.155161
0.013718,5.151821
0.013727,5.148484
0.013736,5.145151
0.013745,5.141822
0.013754,5.138497
0.013763,5.135175
0.013773,5.131857
0.013782,5.128543
0.013791,5.125232
0.013800,5.121925
0.013809,5.118622
0.013818,5.115322
0.013827,5.112026
0.013836,5.108734
0.013845,5.105446
0.013854,5.102161
0.013863,5.098879
0.013872,5.095602
0.013881,5.092328
0.013890,5.089057
0.013899,5.085791
0.013908,5.082528
0.013917,5.079268
0.013926,5.076012
0.013935,5.072760
0.013944,5.069511
0.013953,5.066266
0.013963,5.063025
0.013972,5.059787
0.013981,5.056552
0.013990,5.053321
0.013999,5.050094
0.014008,5.046870
0.014017,5.043650
0.014026,5.040434
0.014035,5.037221
0.014044,5.034011
0.014053,5.030805
0.014062,5.027603
0.014071,5.024404
0.014081,5.021208
0.014090,5.018016
0.014099,5.014828
0.014108,5.011643
0.014117,5.008461
0.014126,5.005283
0.014135,5.002109
0.014144,4.998938
0.014153,4.995770
0.014162,4.992606
0.014172,4.989445
0.014181,4.986288
0.014190,4.983135
0.014199,4.979984
0.014208,4.976837
0.014217,4.973694
0.014226,4.970554
0.014235,4.967417
0.014244,4.964284
0.014254,4.961154
0.014263,4.958028
0.014272,4.954905
0.014281,4.951785
0.014290,4.948669
0.014299,4.945556
0.014308,4.942447
0.014317,4.939341
0.014327,4.936238
0.014336,4.933139
0.014345,4.930043
0.014354,4.926950
0.014363,4.923861
0.014372,4.920775
0.014381,4.917692
0.014391,4.914613
0.014400,4.911537
0.014409,4.908464
0.014418,4.905395
0.014427,4.902329
0.014436,4.899266
0.014445,4.896207
0.014455,4.893151
0.014464,4.890098
0.014473,4.887048
0.014482,4.884002
0.014491,4.880959
0.014500,4.877919
0.014510,4.874883
0.014519,4.871850
0.014528,4.868820
0.014537,4.865793
0.014546,4.862770
0.014555,4.859749
0.014565,4.856732
0.014574,4.853719
0.014583,4.850708
0.014592,4.847701
0.014601,4.844697
0.014610,4.841696
0.014620,4.838698
0.014629,4.835704
0.014638,4.832712
0.014647,4.829724
0.014656,4.826739
0.014666,4.823758
0.014675,4.820779
0.014684,4.817804
0.014693,4.814831
0.014702,4.811862
0.014712,4.808897
0.014721,4.805934
0.014730,4.802974
0.014739,4.800018
0.014748,4.797064
0.014758,4.794114
0.014767,4.791167
0.014776,4.788223
0.014785,4.785282
0.014795,4.782345
0.014804,4.779410
0.014813,4.776478
0.014822,4.773550
0.014831,4.770625
0.014841,4.767703
0.014850,4.764783
0.014859,4.761867
0.014868,4.758954
0.014878,4.756044
0.014887,4.753138
0.014896,4.750234
0.014905,4.747333
0.014915,4.744435
0.014924,4.741541
0.014933,4.738649
0.014942,4.735761
0.014952,4.732875
0.014961,4.729993
0.014970,4.727113
0.014979,4.724237
0.014989,4.721363
0.014998,4.718493
0.015007,4.715626
0.015016,4.712761
0.015026,4.709900
0.015035,4.707041
0.015044,4.704186
0.015053,4.701334
0.015063,4.698484
0.015072,4.695638
0.015081,4.692794
0.015090,4.689954
0.015100,4.687116
0.015109,4.684281
0.015118,4.681450
0.015128,4.678621
0.015137,4.675795
0.015146,4.672973
0.015155,4.670153
0.015165,4.667336
0.015174,4.664522
0.015183,4.661711
0.015192,4.658902
0.015202,4.656097
0.015211,4.653295
0.015220,4.650495
0.015230,4.647699
0.015239,4.644905
0.015248,4.642114
0.015258,4.639327
0.015267,4.636542
0.015276,4.633759
0.015285,4.630980
0.015295,4.628204
0.015304,4.625430
0.015313,4.622660
0.015323,4.619892
0.015332,4.617127
0.015341,4.614365
0.015351,4.611606
0.015360,4.608849
0.015369,4.606096
0.015379,4.603345
0.015388,4.600597
0.015397,4.597852
0.015407,4.595110
0.015416,4.592371
0.015425,4.589634
0.015435,4.586900
0.015444,4.584169
0.015453,4.581441
0.015463,4.578716
0.015472,4.575993
0.015481,4.573273
0.015491,4.570556
0.015500,4.567842
0.015509,4.565131
0.015519,4.562422
0.015528,4.559716
0.015537,4.557013
0.015547,4.554312
0.015556,4.551615
0.015565,4.548920
0.015575,4.546228
0.015584,4.543538
0.015593,4.540852
0.015603,4.538168
0.015612,4.535487
0.015622,4.532808
0.015631,4.530132
0.015640,4.527459
0.015650,4.524789
0.015659,4.522122
0.015668,4.519457
0.015678,4.516794
0.015687,4.514135
0.015697,4.511478
0.015706,4.508824
0.015715,4.506173
0.015725,4.503524
0.015734,4.500878
0.015743,4.498235
0.015753,4.495594
0.015762,4.492956
0.015772,4.490321
0.015781,4.487688
0.015790,4.485058
0.015800,4.482431
0.015809,4.479806
0.015819,4.477184
0.015828,4.474564
0.015837,4.471948
0.015847,4.469333
0.015856,4.466722
0.015866,4.464113
0.015875,4.461507
0.015884,4.458903
0.015894,4.456302
0.015903,4.453704
0.015913,4.451108
0.015922,4.448515
0.015932,4.445924
0.015941,4.443336
0.015950,4.440751
0.015960,4.438168
0.015969,4.435588
0.015979,4.433010
0.015988,4.430435
0.015998,4.427862
0.016007,4.425292
0.016016,4.422725
0.016026,4.420160
0.016035,4.417598
0.016045,4.415038
0.016054,4.412481
0.016064,4.409927
0.016073,4.407375
0.016082,4.404825
0.016092,4.402278
0.016101,4.399734
0.016111,4.397192
0.016120,4.394653
0.016130,4.392116
0.016139,4.389582
0.016149,4.387050
0.016158,4.384520
0.016168,4.381994
0.016177,4.379469
0.016186,4.376948
0.016196,4.374428
0.016205,4.371912
0.016215,4.369397
0.016224,4.366886
0.016234,4.364376
0.016243,4.361870
0.016253,4.359365
0.016262,4.356863
0.016272,4.354364
0.016281,4.351867
0.016291,4.349373
0.016300,4.346881
0.016310,4.344391
0.016319,4.341904
0.016329,4.339419
0.016338,4.336937
0.016348,4.334458
0.016357,4.331980
0.016367,4.329505
0.016376,4.327033
0.016386,4.324563
0.016395,4.322095
0.016405,4.319630
0.016414,4.317168
0.016424,4.314707
0.016433,4.312249
0.016443,4.309794
0.016452,4.307341
0.016462,4.304890
0.016471,4.302442
0.016481,4.299996
0.016490,4.297552
0.016500,4.295111
0.016509,4.292673
0.016519,4.290236
0.016528,4.287802
0.016538,4.285371
0.016547,4.282942
0.016557,4.280515
0.016566,4.278090
0.016576,4.275668
0.016585,4.273249
0.016595,4.270831
0.016604,4.268416
0.016614,4.266003
0.016623,4.263593
0.016633,4.261185
0.016643,4.258779
0.016652,4.256376
0.016662,4.253975
0.016671,4.251577
0.016681,4.249180
0.016690,4.246786
0.016700,4.244395
0.016709,4.242005
0.016719,4.239618
0.016728,4.237233
0.016738,4.234851
0.016748,4.232471
0.016757,4.230093
0.016767,4.227718
0.016776,4.225344
0.016786,4.222973
0.016795,4.220605
0.016805,4.218238
0.016815,4.215874
0.016824,4.213513
0.016834,4.211153
0.016843,4.208796
0.016853,4.206441
0.016862,4.204088
0.016872,4.201738
0.016882,4.199390
0.016891,4.197044
0.016901,4.194700
0.016910,4.192359
0.016920,4.190019
0.016929,4.187683
0.016939,4.185348
0.016949,4.183015
0.016958,4.180685
0.016968,4.178357
0.016977,4.176032
0.016987,4.173708
0.016997,4.171387
0.017006,4.169068
0.017016,4.166751
0.017025,4.164436
0.017035,4.162124
0.017045,4.159814
0.017054,4.157506
0.017064,4.155200
0.017073,4.152896
0.017083,4.150595
0.017093,4.148296
0.017102,4.145999
0.017112,4.143704
0.017122,4.141411
0.017131,4.139121
0.017141,4.136832
0.017150,4.134546
0.017160,4.132262
0.017170,4.129981
0.017179,4.127701
0.017189,4.125424
0.017199,4.123148
0.017208,4.120875
0.017218,4.118604
0.017227,4.116335
0.017237,4.114069
0.017247,4.111804
0.017256,4.109542
0.017266,4.107282
0.017276,4.105024
0.017285,4.102768
0.017295,4.100514
0.017305,4.098262
0.017314,4.096013
0.017324,4.093765
0.017334,4.091520
0.017343,4.089277
0.017353,4.087036
0.017363,4.084797
0.017372,4.082560
0.017382,4.080325
0.017392,4.078092
0.017401,4.075862
0.017411,4.073633
0.017421,4.071407
0.017430,4.069183
0.017440,4.066961
0.017450,4.064740
0.017459,4.062522
0.017469,4.060307
0.017479,4.058093
0.017488,4.055881
0.017498,4.053671
0.017508,4.051464
0.017517,4.049258
0.017527,4.047055
0.017537,4.044853
0.017546,4.042654
0.017556,4.040457
0.017566,4.038261
0.017575,4.036068
0.017585,4.033877
0.017595,4.031688
0.017605,4.029501
0.017614,4.027316
0.017624,4.025133
0.017634,4.022952
0.017643,4.020773
0.017653,4.018596
0.017663,4.016421
0.017672,4.014248
0.017682,4.012077
0.017692,4.009909
0.017702,4.007742
0.017711,4.005577
0.017721,4.003414
0.017731,4.001254
0.017740,3.999095
0.017750,3.996938
0.017760,3.994783
0.017770,3.992631
0.017779,3.990480
0.017789,3.988331
0.017799,3.986184
0.017809,3.984040
0.017818,3.981897
0.017828,3.979756
0.017838,3.977617
0.017847,3.975480
0.017857,3.973345
0.017867,3.971212
0.017877,3.969082
0.017886,3.966953
0.017896,3.964826
0.017906,3.962700
0.017916,3.960577
0.017925,3.958456
0.017935,3.956337
0.017945,3.954220
0.017955,3.952105
0.017964,3.949991
0.017974,3.947880
0.017984,3.945770
0.017994,3.943663
0.018003,3.941557
0.018013,3.939454
0.018023,3.937352
0.018033,3.935252
0.018043,3.933154
0.018052,3.931058
0.018062,3.928964
0.018072,3.926872
0.018082,3.924782
0.018091,3.922694
0.018101,3.920607
0.018111,3.918523
0.018121,3.916440
0.018130,3.914360
0.018140,3.912281
0.018150,3.910204
0.018160,3.908129
0.018170,3.906056
0.018179,3.903985
0.018189,3.901915
0.018199,3.899848
0.018209,3.897782
0.018219,3.895719
0.018228,3.893657
0.018238,3.891597
0.018248,3.889539
0.018258,3.887483
0.018268,3.885429
0.018277,3.883376
0.018287,3.881326
0.018297,3.879277
0.018307,3.877230
0.018317,3.875185
0.018326,3.873142
0.018336,3.871101
0.018346,3.869062
0.018356,3.867024
0.018366,3.864988
0.018376,3.862954
0.018385,3.860922
0.018395,3.858892
0.018405,3.856864
0.018415,3.854837
0.018425,3.852812
0.018434,3.850790
0.018444,3.848769
0.018454,3.846749
0.018464,3.844732
0.018474,3.842716
0.018484,3.840703
0.018493,3.838691
0.018503,3.836680
0.018513,3.834672
0.018523,3.832666
0.018533,3.830661
0.018543,3.828658
0.018553,3.826657
0.018562,3.824657
0.018572,3.822660
0.018582,3.820664
0.018592,3.818670
0.018602,3.816678
0.018612,3.814688
0.018622,3.812699
0.018631,3.810712
0.018641,3.808727
0.018651,3.806744
0.018661,3.804763
0.018671,3.802783
0.018681,3.800805
0.018691,3.798829
0.018700,3.796854
0.018710,3.794882
0.018720,3.792911
0.018730,3.790942
0.018740,3.788974
0.018750,3.787009
0.018760,3.785045
0.018770,3.783083
0.018779,3.781122
0.018789,3.779164
0.018799,3.777207
0.018809,3.775252
0.018819,3.773298
0.018829,3.771347
0.018839,3.769397
0.018849,3.767449
0.018859,3.765502
0.018868,3.763557
0.018878,3.761614
0.018888,3.759673
0.018898,3.757734
0.018908,3.755796
0.018918,3.753860
0.018928,3.751925
0.018938,3.749993
0.018948,3.748062
0.018958,3.746132
0.018968,3.744205
0.018977,3.742279
0.018987,3.740355
0.018997,3.738432
0.019007,3.736512
0.019017,3.734592
0.019027,3.732675
0.019037,3.730759
0.019047,3.728845
0.019057,3.726933
0.019067,3.725023
0.019077,3.723114
0.019087,3.721206
0.019097,3.719301
0.019106,3.717397
0.019116,3.715495
0.019126,3.713594
0.019136,3.711695
0.019146,3.709798
0.019156,3.707902
0.019166,3.706009
0.019176,3.704116
0.019186,3.702226
0.019196,3.700337
0.019206,3.698450
0.019216,3.696564
0.019226,3.694680
0.019236,3.692798
0.019246,3.690917
0.019256,3.689038
0.019266,3.687161
0.019276,3.685285
0.019286,3.683411
0.019295,3.681539
0.019305,3.679668
0.019315,3.677799
0.019325,3.675931
0.019335,3.674065
0.019345,3.672201
0.019355,3.670338
0.019365,3.668477
0.019375,3.666618
0.019385,3.664760
0.019395,3.662904
0.019405,3.661049
0.019415,3.659196
0.019425,3.657345
0.019435,3.655495
0.019445,3.653647
0.019455,3.651801
0.019465,3.649956
0.019475,3.648112
0.019485,3.646271
0.019495,3.644431
0.019505,3.642592
0.019515,3.640755
0.019525,3.638920
0.019535,3.637086
0.019545,3.635254
0.019555,3.633423
0.019565,3.631594
0.019575,3.629767
0.019585,3.627941
0.019595,3.626117
0.019605,3.624294
0.019615,3.622473
0.019625,3.620654
0.019635,3.618836
0.019645,3.617019
0.019655,3.615204
0.019665,3.613391
0.019675,3.611579
0.019685,3.609769
0.019695,3.607961
0.019705,3.606154
0.019715,3.604348
0.019725,3.602544
0.019735,3.600742
0.019745,3.598941
0.019755,3.597142
0.019765,3.595344
0.019775,3.593548
0.019785,3.591753
0.019796,3.589960
0.019806,3.588169
0.019816,3.586379
0.019826,3.584590
0.019836,3.582803
0.019846,3.581018
0.019856,3.579234
0.019866,3.577451
0.019876,3.575671
0.019886,3.573891
0.019896,3.572113
0.019906,3.570337
0.019916,3.568562
0.019926,3.566789
0.019936,3.565017
0.019946,3.563247
0.019956,3.561478
0.019966,3.559711
0.019976,3.557945
0.019987,3.556181
0.019997,3.554419
0.020007,3.552657
0.020017,3.550898
0.020027,3.549139
0.020037,3.547383
0.020047,3.545627
0.020057,3.543874
0.020067,3.542121
0.020077,3.540371
0.020087,3.538621
0.020097,3.536874
0.020107,3.535127
0.020118,3.533383
0.020128,3.531639
0.020138,3.529897
0.020148,3.528157
0.020158,3.526418
0.020168,3.524681
0.020178,3.522945
0.020188,3.521210
0.020198,3.519477
0.020208,3.517746
0.020218,3.516015
0.020229,3.514287
0.020239,3.512560
0.020249,3.510834
0.020259,3.509110
0.020269,3.507387
0.020279,3.505665
0.020289,3.503945
0.020299,3.502227
0.020309,3.500510
0.020320,3.498794
0.020330,3.497080
0.020340,3.495368
0.020350,3.493656
0.020360,3.491947
0.020370,3.490238
0.020380,3.488531
0.020390,3.486826
0.020401,3.485122
0.020411,3.483419
0.020421,3.481718
0.020431,3.480018
0.020441,3.478320
0.020451,3.476623
0.020461,3.474927
0.020471,3.473233
0.020482,3.471540
0.020492,3.469849
0.020502,3.468159
0.020512,3.466471
0.020522,3.464784
0.020532,3.463098
0.020542,3.461414
0.020553,3.459731
0.020563,3.458050
0.020573,3.456370
0.020583,3.454691
0.020593,3.453014
0.020603,3.451338
0.020614,3.449664
0.020624,3.447991
0.020634,3.446319
0.020644,3.444649
0.020654,3.442980
0.020664,3.441313
0.020674,3.439647
0.020685,3.437982
0.020695,3.436319
0.020705,3.434657
0.020715,3.432996
0.020725,3.431337
0.020736,3.429679
0.020746,3.428023
0.020756,3.426368
0.020766,3.424714
0.020776,3.423062
0.020786,3.421411
0.020797,3.419762
0.020807,3.418113
0.020817,3.416467
0.020827,3.414821
0.020837,3.413177
0.020848,3.411534
0.020858,3.409893
0.020868,3.408253
0.020878,3.406614
0.020888,3.404977
0.020899,3.403341
0.020909,3.401706
0.020919,3.400073
0.020929,3.398441
0.020939,3.396811
0.020950,3.395181
0.020960,3.393553
0.020970,3.391927
0.020980,3.390302
0.020990,3.388678
0.021001,3.387055
0.021011,3.385434
0.021021,3.383814
0.021031,3.382196
0.021041,3.380578
0.021052,3.378962
0.021062,3.377348
0.021072,3.375735
0.021082,3.374123
0.021093,3.372512
0.021103,3.370903
0.021113,3.369295
0.021123,3.367688
0.021134,3.366083
0.021144,3.364479
0.021154,3.362876
0.021164,3.361275
0.021174,3.359675
0.021185,3.358076
0.021195,3.356479
0.021205,3.354882
0.021215,3.353288
0.021226,3.351694
0.021236,3.350102
0.021246,3.348511
0.021256,3.346921
0.021267,3.345333
0.021277,3.343746
0.021287,3.342160
0.021297,3.340575
0.021308,3.338992
0.021318,3.337410
0.021328,3.335830
0.021338,3.334250
0.021349,3.332672
0.021359,3.331095
0.021369,3.329520
0.021380,3.327946
0.021390,3.326373
0.021400,3.324801
0.021410,3.323231
0.021421,3.321662
0.021431,3.320094
0.021441,3.318527
0.021451,3.316962
0.021462,3.315398
0.021472,3.313835
0.021482,3.312274
0.021493,3.310713
0.021503,3.309154
0.021513,3.307597
0.021523,3.306040
0.021534,3.304485
0.021544,3.302931
0.021554,3.301378
0.021565,3.299827
0.021575,3.298277
0.021585,3.296728
0.021596,3.295180
0.021606,3.293634
0.021616,3.292088
0.021626,3.290544
0.021637,3.289002
0.021647,3.287460
0.021657,3.285920
0.021668,3.284381
0.021678,3.282843
0.021688,3.281307
0.021699,3.279771
0.021709,3.278237
0.021719,3.276704
0.021730,3.275173
0.021740,3.273643
0.021750,3.272113
0.021760,3.270585
0.021771,3.269059
0.021781,3.267533
0.021791,3.266009
0.021802,3.264486
0.021812,3.262964
0.021822,3.261444
0.021833,3.259924
0.021843,3.258406
0.021853,3.256889
0.021864,3.255373
0.021874,3.253859
0.021884,3.252346
0.021895,3.250833
0.021905,3.249323
0.021915,3.247813
0.021926,3.246304
0.021936,3.244797
0.021947,3.243291
0.021957,3.241786
0.021967,3.240282
0.021978,3.238780
0.021988,3.237279
0.021998,3.235779
0.022009,3.234280
0.022019,3.232782
0.022029,3.231285
0.022040,3.229790
0.022050,3.228296
0.022060,3.226803
0.022071,3.225311
0.022081,3.223821
0.022092,3.222331
0.022102,3.220843
0.022112,3.219356
0.022123,3.217870
0.022133,3.216385
0.022143,3.214902
0.022154,3.213419
0.022164,3.211938
0.022175,3.210458
0.022185,3.208979
0.022195,3.207502
0.022206,3.206025
0.022216,3.204550
0.022226,3.203076
0.022237,3.201603
0.022247,3.200131
0.022258,3.198660
0.022268,3.197191
0.022278,3.195722
0.022289,3.194255
0.022299,3.192789
0.022310,3.191324
0.022320,3.189860
0.022330,3.188398
0.022341,3.186936
0.022351,3.185476
0.022362,3.184017
0.022372,3.182559
0.022382,3.181102
0.022393,3.179646
0.022403,3.178192
0.022414,3.176738
0.022424,3.175286
0.022434,3.173835
0.022445,3.172385
0.022455,3.170936
0.022466,3.169488
0.022476,3.168042
0.022487,3.166596
0.022497,3.165152
0.022507,3.163709
0.022518,3.162266
0.022528,3.160826
0.022539,3.159386
0.022549,3.157947
0.022560,3.156509
0.022570,3.155073
0.022580,3.153638
0.022591,3.152203
0.022601,3.150770
0.022612,3.149338
0.022622,3.147908
0.022633,3.146478
0.022643,3.145049
0.022654,3.143622
0.022664,3.142195
0.022674,3.140770
0.022685,3.139346
0.022695,3.137923
0.022706,3.136501
0.022716,3.135080
0.022727,3.133660
0.022737,3.132241
0.022748,3.130824
0.022758,3.129407
0.022769,3.127992
0.022779,3.126578
0.022789,3.125165
0.022800,3.123753
0.022810,3.122342
0.022821,3.120932
0.022831,3.119523
0.022842,3.118115
0.022852,3.116709
0.022863,3.115303
0.022873,3.113899
0.022884,3.112495
0.022894,3.111093
0.022905,3.109692
0.022915,3.108292
0.022926,3.106893
0.022936,3.105495
0.022947,3.104098
0.022957,3.102702
0.022968,3.101308
0.022978,3.099914
0.022989,3.098521
0.022999,3.097130
0.023009,3.095740
0.023020,3.094350
0.023030,3.092962
0.023041,3.091575
0.023051,3.090189
0.023062,3.088804
0.023072,3.087420
0.023083,3.086037
0.023093,3.084655
0.023104,3.083274
0.023115,3.081894
0.023125,3.080516
0.023136,3.079138
0.023146,3.077761
0.023157,3.076386
0.023167,3.075011
0.023178,3.073638
0.023188,3.072266
0.023199,3.070894
0.023209,3.069524
0.023220,3.068155
0.023230,3.066787
0.023241,3.065420
0.023251,3.064053
0.023262,3.062688
0.023272,3.061324
0.023283,3.059961
0.023293,3.058600
0.023304,3.057239
0.023314,3.055879
0.023325,3.054520
0.023335,3.053162
0.023346,3.051806
0.023357,3.050450
0.023367,3.049095
0.023378,3.047742
0.023388,3.046389
0.023399,3.045038
0.023409,3.043687
0.023420,3.042338
0.023430,3.040989
0.023441,3.039642
0.023451,3.038295
0.023462,3.036950
0.023473,3.035605
0.023483,3.034262
0.023494,3.032920
0.023504,3.031578
0.023515,3.030238
0.023525,3.028899
0.023536,3.027561
0.023547,3.026223
0.023557,3.024887
0.023568,3.023552
0.023578,3.022218
0.023589,3.020884
0.023599,3.019552
0.023610,3.018221
0.023621,3.016891
0.023631,3.015562
0.023642,3.014233
0.023652,3.012906
0.023663,3.011580
0.023673,3.010255
0.023684,3.008931
0.023695,3.007608
0.023705,3.006285
0.023716,3.004964
0.023726,3.003644
0.023737,3.002325
0.023748,3.001007
0.023758,2.999689
0.023769,2.998373
0.023779,2.997058
0.023790,2.995744
0.023801,2.994431
0.023811,2.993118
0.023822,2.991807
0.023832,2.990497
0.023843,2.989187
0.023854,2.987879
0.023864,2.986572
0.023875,2.985265
0.023885,2.983960
0.023896,2.982656
0.023907,2.981352
0.023917,2.980050
0.023928,2.978748
0.023938,2.977448
0.023949,2.976148
0.023960,2.974850
0.023970,2.973552
0.023981,2.972256
0.023992,2.970960
0.024002,2.969665
0.024013,2.968372
0.024023,2.967079
0.024034,2.965787
0.024045,2.964496
0.024055,2.963207
0.024066,2.961918
0.024077,2.960630
0.024087,2.959343
0.024098,2.958057
0.024108,2.956772
0.024119,2.955488
0.024130,2.954205
0.024140,2.952922
0.024151,2.951641
0.024162,2.950361
0.024172,2.949082
0.024183,2.947803
0.024194,2.946526
0.024204,2.945249
0.024215,2.943974
0.024226,2.942699
0.024236,2.941426
0.024247,2.940153
0.024258,2.938881
0.024268,2.937611
0.024279,2.936341
0.024290,2.935072
0.024300,2.933804
0.024311,2.932537
0.024322,2.931271
0.024332,2.930006
0.024343,2.928741
0.024354,2.927478
0.024364,2.926216
0.024375,2.924954
0.024386,2.923694
0.024396,2.922434
0.024407,2.921176
0.024418,2.919918
0.024428,2.918661
0.024439,2.917406
0.024450,2.916151
0.024460,2.914897
0.024471,2.913644
0.024482,2.912391
0.024492,2.911140
0.024503,2.909890
0.024514,2.908641
0.024525,2.907392
0.024535,2.906145
0.024546,2.904898
0.024557,2.903652
0.024567,2.902408
0.024578,2.901164
0.024589,2.899921
0.024599,2.898679
0.024610,2.897438
0.024621,2.896197
0.024632,2.894958
0.024642,2.893720
0.024653,2.892482
0.024664,2.891246
0.024674,2.890010
0.024685,2.888775
0.024696,2.887541
0.024707,2.886309
0.024717,2.885076
0.024728,2.883845
0.024739,2.882615
0.024749,2.881386
0.024760,2.880157
0.024771,2.878930
0.024782,2.877703
0.024792,2.876477
0.024803,2.875252
0.024814,2.874029
0.024824,2.872805
0.024835,2.871583
0.024846,2.870362
0.024857,2.869142
0.024867,2.867922
0.024878,2.866703
0.024889,2.865486
0.024900,2.864269
0.024910,2.863053
0.024921,2.861838
0.024932,2.860624
0.024943,2.859410
0.024953,2.858198
0.024964,2.856986
0.024975,2.855776
0.024986,2.854566
0.024996,2.853357
0.025007,2.852149
0.025018,2.850942
0.025029,2.849736
0.025039,2.848530
0.025050,2.847326
0.025061,2.846122
0.025072,2.844919
0.025082,2.843717
0.025093,2.842516
0.025104,2.841316
0.025115,2.840117
0.025126,2.838918
0.025136,2.837721
0.025147,2.836524
0.025158,2.835328
0.025169,2.834133
0.025179,2.832939
0.025190,2.831746
0.025201,2.830554
0.025212,2.829362
0.025223,2.828171
0.025233,2.826982
0.025244,2.825793
0.025255,2.824604
0.025266,2.823417
0.025276,2.822231
0.025287,2.821045
0.025298,2.819861
0.025309,2.818677
0.025320,2.817494
0.025330,2.816312
0.025341,2.815131
0.025352,2.813950
0.025363,2.812771
0.025374,2.811592
0.025384,2.810414
0.025395,2.809237
0.025406,2.808061
0.025417,2.806885
0.025428,2.805711
0.025438,2.804537
0.025449,2.803364
0.025460,2.802193
0.025471,2.801021
0.025482,2.799851
0.025493,2.798682
0.025503,2.797513
0.025514,2.796345
0.025525,2.795178
0.025536,2.794012
0.025547,2.792847
0.025557,2.791682
0.025568,2.790519
0.025579,2.789356
0.025590,2.788194
0.025601,2.787033
0.025612,2.785873
0.025622,2.784713
0.025633,2.783555
0.025644,2.782397
0.025655,2.781240
0.025666,2.780084
0.025677,2.778928
0.025687,2.777774
0.025698,2.776620
0.025709,2.775467
0.025720,2.774315
0.025731,2.773164
0.025742,2.772014
0.025753,2.770864
0.025763,2.769715
0.025774,2.768567
0.025785,2.767420
0.025796,2.766274
0.025807,2.765128
0.025818,2.763984
0.025829,2.762840
0.025839,2.761697
0.025850,2.760554
0.025861,2.759413
0.025872,2.758272
0.025883,2.757133
0.025894,2.755993
0.025905,2.754855
0.025915,2.753718
0.025926,2.752581
0.025937,2.751445
0.025948,2.750310
0.025959,2.749176
0.025970,2.748043
0.025981,2.746910
0.025992,2.745778
0.026002,2.744647
0.026013,2.743517
0.026024,2.742388
0.026035,2.741259
0.026046,2.740131
0.026057,2.739004
0.026068,2.737878
0.026079,2.736753
0.026090,2.735628
0.026100,2.734504
0.026111,2.733381
0.026122,2.732259
0.026133,2.731137
0.026144,2.730017
0.026155,2.728897
0.026166,2.727778
0.026177,2.726659
0.026188,2.725542
0.026199,2.724425
0.026209,2.723309
0.026220,2.722194
0.026231,2.721080
0.026242,2.719966
0.026253,2.718853
0.026264,2.717741
0.026275,2.716630
0.026286,2.715519
0.026297,2.714410
0.026308,2.713301
0.026319,2.712193
0.026330,2.711085
0.026340,2.709979
0.026351,2.708873
0.026362,2.707768
0.026373,2.706663
0.026384,2.705560
0.026395,2.704457
0.026406,2.703355
0.026417,2.702254
0.026428,2.701153
0.026439,2.700054
0.026450,2.698955
0.026461,2.697857
0.026472,2.696759
0.026483,2.695663
0.026493,2.694567
0.026504,2.693472
0.026515,2.692377
0.026526,2.691284
0.026537,2.690191
0.026548,2.689099
0.026559,2.688008
0.026570,2.686917
0.026581,2.685827
0.026592,2.684738
0.026603,2.683650
0.026614,2.682563
0.026625,2.681476
0.026636,2.680390
0.026647,2.679305
0.026658,2.678220
0.026669,2.677137
0.026680,2.676054
0.026691,2.674971
0.026702,2.673890
0.026713,2.672809
0.026724,2.671729
0.026735,2.670650
0.026746,2.669572
0.026756,2.668494
0.026767,2.667417
0.026778,2.666341
0.026789,2.665265
0.026800,2.664190
0.026811,2.663116
0.026822,2.662043
0.026833,2.660971
0.026844,2.659899
0.026855,2.658828
0.026866,2.657757
0.026877,2.656688
0.026888,2.655619
0.026899,2.654551
0.026910,2.653484
0.026921,2.652417
0.026932,2.651351
0.026943,2.650286
0.026954,2.649221
0.026965,2.648158
0.026976,2.647095
0.026987,2.646033
0.026998,2.644971
0.027009,2.643910
0.027020,2.642850
0.027031,2.641791
0.027042,2.640732
0.027053,2.639675
0.027064,2.638617
0.027075,2.637561
0.027086,2.636505
0.027097,2.635450
0.027108,2.634396
0.027119,2.633343
0.027130,2.632290
0.027141,2.631238
0.027152,2.630186
0.027163,2.629136
0.027174,2.628086
0.027185,2.627037
0.027196,2.625988
0.027208,2.624940
0.027219,2.623893
0.027230,2.622847
0.027241,2.621802
0.027252,2.620757
0.027263,2.619712
0.027274,2.618669
0.027285,2.617626
0.027296,2.616584
0.027307,2.615543
0.027318,2.614502
0.027329,2.613462
0.027340,2.612423
0.027351,2.611385
0.027362,2.610347
0.027373,2.609310
0.027384,2.608273
0.027395,2.607238
0.027406,2.606203
0.027417,2.605169
0.027428,2.604135
0.027439,2.603102
0.027450,2.602070
0.027462,2.601039
0.027473,2.600008
0.027484,2.598978
0.027495,2.597948
0.027506,2.596920
0.027517,2.595892
0.027528,2.594864
0.027539,2.593838
0.027550,2.592812
0.027561,2.591787
0.027572,2.590762
0.027583,2.589739
0.027594,2.588716
0.027605,2.587693
0.027616,2.586671
0.027628,2.585650
0.027639,2.584630
0.027650,2.583610
0.027661,2.582592
0.027672,2.581573
0.027683,2.580556
0.027694,2.579539
0.027705,2.578523
0.027716,2.577507
0.027727,2.576492
0.027738,2.575478
0.027750,2.574465
0.027761,2.573452
0.027772,2.572440
0.027783,2.571428
0.027794,2.570418
0.027805,2.569408
0.027816,2.568398
0.027827,2.567390
0.027838,2.566382
0.027849,2.565374
0.027861,2.564368
0.027872,2.563362
0.027883,2.562356
0.027894,2.561352
0.027905,2.560348
0.027916,2.559345
0.027927,2.558342
0.027938,2.557340
0.027949,2.556339
0.027961,2.555338
0.027972,2.554338
0.027983,2.553339
0.027994,2.552340
0.028005,2.551343
0.028016,2.550345
0.028027,2.549349
0.028038,2.548353
0.028050,2.547358
0.028061,2.546363
0.028072,2.545369
0.028083,2.544376
0.028094,2.543383
0.028105,2.542391
0.028116,2.541400
0.028127,2.540410
0.028139,2.539420
0.028150,2.538430
0.028161,2.537442
0.028172,2.536454
0.028183,2.535467
0.028194,2.534480
0.028205,2.533494
0.028217,2.532509
0.028228,2.531524
0.028239,2.530540
0.028250,2.529557
0.028261,2.528574
0.028272,2.527592
0.028283,2.526611
0.028295,2.525630
0.028306,2.524650
0.028317,2.523670
0.028328,2.522692
0.028339,2.521713
0.028350,2.520736
0.028362,2.519759
0.028373,2.518783
0.028384,2.517807
0.028395,2.516833
0.028406,2.515858
0.028417,2.514885
0.028429,2.513912
0.028440,2.512940
0.028451,2.511968
0.028462,2.510997
0.028473,2.510026
0.028485,2.509057
0.028496,2.508088
0.028507,2.507119
0.028518,2.506151
0.028529,2.505184
0.028540,2.504218
0.028552,2.503252
0.028563,2.502287
0.028574,2.501322
0.028585,2.500358
0.028596,2.499395
0.028608,2.498432
0.028619,2.497470
0.028630,2.496509
0.028641,2.495548
0.028652,2.494588
0.028664,2.493628
0.028675,2.492669
0.028686,2.491711
0.028697,2.490753
0.028708,2.489796
0.028720,2.488840
0.028731,2.487884
0.028742,2.486929
0.028753,2.485975
0.028764,2.485021
0.028776,2.484067
0.028787,2.483115
0.028798,2.482163
0.028809,2.481212
0.028820,2.480261
0.028832,2.479311
0.028843,2.478361
0.028854,2.477412
0.028865,2.476464
0.028877,2.475517
0.028888,2.474570
0.028899,2.473623
0.028910,2.472677
0.028922,2.471732
0.028933,2.470788
0.028944,2.469844
0.028955,2.468901
0.028966,2.467958
0.028978,2.467016
0.028989,2.466074
0.029000,2.465134
0.029011,2.464193
0.029023,2.463254
0.029034,2.462315
0.029045,2.461377
0.029056,2.460439
0.029068,2.459502
0.029079,2.458565
0.029090,2.457629
0.029101,2.456694
0.029113,2.455759
0.029124,2.454825
0.029135,2.453892
0.029146,2.452959
0.029158,2.452027
0.029169,2.451095
0.029180,2.450164
0.029191,2.449233
0.029203,2.448304
0.029214,2.447374
0.029225,2.446446
0.029236,2.445518
0.029248,2.444590
0.029259,2.443663
0.029270,2.442737
0.029282,2.441812
0.029293,2.440887
0.029304,2.439962
0.029315,2.439038
0.029327,2.438115
0.029338,2.437193
0.029349,2.436271
0.029360,2.435349
0.029372,2.434428
0.029383,2.433508
0.029394,2.432588
0.029406,2.431669
0.029417,2.430751
0.029428,2.429833
0.029439,2.428916
0.029451,2.427999
0.029462,2.427083
0.029473,2.426168
0.029485,2.425253
0.029496,2.424338
0.029507,2.423425
0.029519,2.422512
0.029530,2.421599
0.029541,2.420687
0.029552,2.419776
0.029564,2.418865
0.029575,2.417955
0.029586,2.417045
0.029598,2.416136
0.029609,2.415228
0.029620,2.414320
0.029632,2.413413
0.029643,2.412506
0.029654,2.411600
0.029666,2.410695
0.029677,2.409790
0.029688,2.408885
0.029699,2.407982
0.029711,2.407079
0.029722,2.406176
0.029733,2.405274
0.029745,2.404372
0.029756,2.403472
0.029767,2.402571
0.029779,2.401672
0.029790,2.400773
0.029801,2.399874
0.029813,2.398976
0.029824,2.398079
0.029835,2.397182
0.029847,2.396286
0.029858,2.395390
0.029869,2.394495
0.029881,2.393600
0.029892,2.392706
0.029903,2.391813
0.029915,2.390920
0.029926,2.390028
0.029937,2.389136
0.029949,2.388245
0.029960,2.387355
0.029972,2.386465
0.029983,2.385575
0.029994,2.384687
0.030006,2.383798
0.030017,2.382911
0.030028,2.382024
0.030040,2.381137
0.030051,2.380251
0.030062,2.379366
0.030074,2.378481
0.030085,2.377596
0.030096,2.376713
0.030108,2.375829
0.030119,2.374947
0.030131,2.374065
0.030142,2.373183
0.030153,2.372302
0.030165,2.371422
0.030176,2.370542
0.030187,2.369663
0.030199,2.368784
0.030210,2.367906
0.030222,2.367029
0.030233,2.366152
0.030244,2.365275
0.030256,2.364399
0.030267,2.363524
0.030278,2.362649
0.030290,2.361775
0.030301,2.360901
0.030313,2.360028
0.030324,2.359155
0.030335,2.358283
0.030347,2.357412
0.030358,2.356541
0.030370,2.355671
0.030381,2.354801
0.030392,2.353932
0.030404,2.353063
0.030415,2.352195
0.030427,2.351327
0.030438,2.350460
0.030449,2.349593
0.030461,2.348728
0.030472,2.347862
0.030484,2.346997
0.030495,2.346133
0.030506,2.345269
0.030518,2.344406
0.030529,2.343543
0.030541,2.342681
0.030552,2.341819
0.030563,2.340958
0.030575,2.340098
0.030586,2.339238
0.030598,2.338378
0.030609,2.337519
0.030621,2.336661
0.030632,2.335803
0.030643,2.334946
0.030655,2.334089
0.030666,2.333233
0.030678,2.332377
0.030689,2.331522
0.030701,2.330667
0.030712,2.329813
0.030723,2.328960
0.030735,2.328107
0.030746,2.327254
0.030758,2.326403
0.030769,2.325551
0.030781,2.324700
0.030792,2.323850
0.030803,2.323000
0.030815,2.322151
0.030826,2.321302
0.030838,2.320454
0.030849,2.319606
0.030861,2.318759
0.030872,2.317913
0.030884,2.317066
0.030895,2.316221
0.030906,2.315376
0.030918,2.314531
0.030929,2.313687
0.030941,2.312844
0.030952,2.312001
0.030964,2.311159
0.030975,2.310317
0.030987,2.309476
0.030998,2.308635
0.031010,2.307794
0.031021,2.306955
0.031033,2.306115
0.031044,2.305277
0.031055,2.304439
0.031067,2.303601
0.031078,2.302764
0.031090,2.301927
0.031101,2.301091
0.031113,2.300255
0.031124,2.299420
0.031136,2.298586
0.031147,2.297752
0.031159,2.296918
0.031170,2.296085
0.031182,2.295253
0.031193,2.294421
0.031205,2.293589
0.031216,2.292758
0.031228,2.291928
0.031239,2.291098
0.031251,2.290269
0.031262,2.289440
0.031274,2.288612
0.031285,2.287784
0.031297,2.286956
0.031308,2.286130
0.031320,2.285303
0.031331,2.284478
0.031343,2.283652
0.031354,2.282827
0.031366,2.282003
0.031377,2.281179
0.031389,2.280356
0.031400,2.279533
0.031412,2.278711
0.031423,2.277890
0.031435,2.277068
0.031446,2.276248
0.031458,2.275427
0.031469,2.274608
0.031481,2.273789
0.031492,2.272970
0.031504,2.272152
0.031515,2.271334
0.031527,2.270517
0.031538,2.269700
0.031550,2.268884
0.031561,2.268068
0.031573,2.267253
0.031584,2.266439
0.031596,2.265624
0.031608,2.264811
0.031619,2.263998
0.031631,2.263185
0.031642,2.262373
0.031654,2.261561
0.031665,2.260750
0.031677,2.259939
0.031688,2.259129
0.031700,2.258320
0.031711,2.257510
0.031723,2.256702
0.031734,2.255894
0.031746,2.255086
0.031758,2.254279
0.031769,2.253472
0.031781,2.252666
0.031792,2.251860
0.031804,2.251055
0.031815,2.250250
0.031827,2.249446
0.031838,2.248642
0.031850,2.247839
0.031861,2.247036
0.031873,2.246234
0.031885,2.245432
0.031896,2.244631
0.031908,2.243830
0.031919,2.243030
0.031931,2.242230
0.031942,2.241431
0.031954,2.240632
0.031966,2.239834
0.031977,2.239036
0.031989,2.238238
0.032000,2.237442
0.032012,2.236645
0.032023,2.235849
0.032035,2.235054
0.032047,2.234259
0.032058,2.233464
0.032070,2.232670
0.032081,2.231877
0.032093,2.231084
0.032104,2.230291
0.032116,2.229499
0.032128,2.228708
0.032139,2.227917
0.032151,2.227126
0.032162,2.226336
0.032174,2.225546
0.032186,2.224757
0.032197,2.223969
0.032209,2.223180
0.032220,2.222393
0.032232,2.221605
0.032244,2.220819
0.032255,2.220032
0.032267,2.219247
0.032278,2.218461
0.032290,2.217676
0.032302,2.216892
0.032313,2.216108
0.032325,2.215325
0.032336,2.214542
0.032348,2.213759
0.032360,2.212977
0.032371,2.212196
0.032383,2.211415
0.032394,2.210634
0.032406,2.209854
0.032418,2.209074
0.032429,2.208295
0.032441,2.207516
0.032453,2.206738
0.032464,2.205960
0.032476,2.205183
0.032487,2.204406
0.032499,2.203630
0.032511,2.202854
0.032522,2.202078
0.032534,2.201304
0.032546,2.200529
0.032557,2.199755
0.032569,2.198981
0.032580,2.198208
0.032592,2.197436
0.032604,2.196664
0.032615,2.195892
0.032627,2.195121
0.032639,2.194350
0.032650,2.193580
0.032662,2.192810
0.032674,2.192040
0.032685,2.191271
0.032697,2.190503
0.032709,2.189735
0.032720,2.188967
0.032732,2.188200
0.032743,2.187434
0.032755,2.186668
0.032767,2.185902
0.032778,2.185137
0.032790,2.184372
0.032802,2.183608
0.032813,2.182844
0.032825,2.182080
0.032837,2.181317
0.032848,2.180555
0.032860,2.179793
0.032872,2.179031
0.032883,2.178270
0.032895,2.177509
0.032907,2.176749
0.032918,2.175989
0.032930,2.175230
0.032942,2.174471
0.032953,2.173713
0.032965,2.172955
0.032977,2.172197
0.032988,2.171440
0.033000,2.170684
0.033012,2.169928
0.033024,2.169172
0.033035,2.168417
0.033047,2.167662
0.033059,2.166908
0.033070,2.166154
0.033082,2.165400
0.033094,2.164647
0.033105,2.163895
0.033117,2.163143
0.033129,2.162391
0.033140,2.161640
0.033152,2.160889
0.033164,2.160139
0.033175,2.159389
0.033187,2.158640
0.033199,2.157891
0.033211,2.157142
0.033222,2.156394
0.033234,2.155646
0.033246,2.154899
0.033257,2.154152
0.033269,2.153406
0.033281,2.152660
0.033293,2.151915
0.033304,2.151170
0.033316,2.150425
0.033328,2.149681
0.033339,2.148938
0.033351,2.148194
0.033363,2.147452
0.033375,2.146709
0.033386,2.145967
0.033398,2.145226
0.033410,2.144485
0.033421,2.143744
0.033433,2.143004
0.033445,2.142264
0.033457,2.141525
0.033468,2.140786
0.033480,2.140048
0.033492,2.139310
0.033503,2.138572
0.033515,2.137835
0.033527,2.137099
0.033539,2.136363
0.033550,2.135627
0.033562,2.134891
0.033574,2.134156
0.033586,2.133422
0.033597,2.132688
0.033609,2.131954
0.033621,2.131221
0.033633,2.130488
0.033644,2.129756
0.033656,2.129024
0.033668,2.128293
0.033680,2.127562
0.033691,2.126831
0.033703,2.126101
0.033715,2.125371
0.033727,2.124642
0.033738,2.123913
0.033750,2.123185
0.033762,2.122457
0.033774,2.121729
0.033785,2.121002
0.033797,2.120275
0.033809,2.119549
0.033821,2.118823
0.033832,2.118097
0.033844,2.117372
0.033856,2.116648
0.033868,2.115923
0.033880,2.115200
0.033891,2.114476
0.033903,2.113753
0.033915,2.113031
0.033927,2.112309
0.033938,2.111587
0.033950,2.110866
0.033962,2.110145
0.033974,2.109425
0.033986,2.108705
0.033997,2.107985
0.034009,2.107266
0.034021,2.106547
0.034033,2.105829
0.034044,2.105111
0.034056,2.104394
0.034068,2.103677
0.034080,2.102960
0.034092,2.102244
0.034103,2.101528
0.034115,2.100813
0.034127,2.100098
0.034139,2.099383
0.034151,2.098669
0.034162,2.097956
0.034174,2.097242
0.034186,2.096529
0.034198,2.095817
0.034210,2.095105
0.034221,2.094393
0.034233,2.093682
0.034245,2.092971
0.034257,2.092261
0.034269,2.091551
0.034280,2.090841
0.034292,2.090132
0.034304,2.089424
0.034316,2.088715
0.034328,2.088007
0.034340,2.087300
0.034351,2.086593
0.034363,2.085886
0.034375,2.085180
0.034387,2.084474
0.034399,2.083769
0.034410,2.083064
0.034422,2.082359
0.034434,2.081655
0.034446,2.080951
0.034458,2.080247
0.034470,2.079544
0.034481,2.078842
0.034493,2.078140
0.034505,2.077438
0.034517,2.076737
0.034529,2.076036
0.034541,2.075335
0.034552,2.074635
0.034564,2.073935
0.034576,2.073236
0.034588,2.072537
0.034600,2.071838
0.034612,2.071140
0.034624,2.070442
0.034635,2.069745
0.034647,2.069048
0.034659,2.068352
0.034671,2.067655
0.034683,2.066960
0.034695,2.066264
0.034706,2.065569
0.034718,2.064875
0.034730,2.064181
0.034742,2.063487
0.034754,2.062794
0.034766,2.062101
0.034778,2.061408
0.034789,2.060716
0.034801,2.060024
0.034813,2.059333
0.034825,2.058642
0.034837,2.057952
0.034849,2.057261
0.034861,2.056572
0.034873,2.055882
0.034884,2.055193
0.034896,2.054505
0.034908,2.053817
0.034920,2.053129
0.034932,2.052441
0.034944,2.051754
0.034956,2.051068
0.034968,2.050382
0.034979,2.049696
0.034991,2.049010
0.035003,2.048325
0.035015,2.047641
0.035027,2.046957
0.035039,2.046273
0.035051,2.045589
0.035063,2.044906
0.035075,2.044223
0.035086,2.043541
0.035098,2.042859
0.035110,2.042178
0.035122,2.041497
0.035134,2.040816
0.035146,2.040136
0.035158,2.039456
0.035170,2.038776
0.035182,2.038097
0.035194,2.037418
0.035205,2.036740
0.035217,2.036062
0.035229,2.035384
0.035241,2.034707
0.035253,2.034030
0.035265,2.033354
0.035277,2.032677
0.035289,2.032002
0.035301,2.031326
0.035313,2.030651
0.035325,2.029977
0.035336,2.029303
0.035348,2.028629
0.035360,2.027956
0.035372,2.027283
0.035384,2.026610
0.035396,2.025938
0.035408,2.025266
0.035420,2.024594
0.035432,2.023923
0.035444,2.023252
0.035456,2.022582
0.035468,2.021912
0.035480,2.021243
0.035492,2.020573
0.035503,2.019905
0.035515,2.019236
0.035527,2.018568
0.035539,2.017900
0.035551,2.017233
0.035563,2.016566
0.035575,2.015900
0.035587,2.015233
0.035599,2.014568
0.035611,2.013902
0.035623,2.013237
0.035635,2.012572
0.035647,2.011908
0.035659,2.011244
0.035671,2.010581
0.035683,2.009917
0.035695,2.009255
0.035707,2.008592
0.035719,2.007930
0.035730,2.007268
0.035742,2.006607
0.035754,2.005946
0.035766,2.005286
0.035778,2.004626
0.035790,2.003966
0.035802,2.003306
0.035814,2.002647
0.035826,2.001988
0.035838,2.001330
0.035850,2.000672
0.035862,2.000015
0.035874,1.999357
0.035886,1.998701
0.035898,1.998044
0.035910,1.997388
0.035922,1.996732
0.035934,1.996077
0.035946,1.995422
0.035958,1.994767
0.035970,1.994113
0.035982,1.993459
0.035994,1.992805
0.036006,1.992152
0.036018,1.991500
0.036030,1.990847
0.036042,1.990195
0.036054,1.989543
0.036066,1.988892
0.036078,1.988241
0.036090,1.987590
0.036102,1.986940
0.036114,1.986290
0.036126,1.985641
0.036138,1.984992
0.036150,1.984343
0.036162,1.983694
0.036174,1.983046
0.036186,1.982399
0.036198,1.981751
0.036210,1.981104
0.036222,1.980458
0.036234,1.979811
0.036246,1.979166
0.036258,1.978520
0.036270,1.977875
0.036282,1.977230
0.036294,1.976586
0.036306,1.975941
0.036318,1.975298
0.036330,1.974654
0.036342,1.974011
0.036354,1.973369
0.036366,1.972726
0.036378,1.972084
0.036390,1.971443
0.036402,1.970802
0.036414,1.970161
0.036426,1.969520
0.036438,1.968880
0.036450,1.968240
0.036462,1.967601
0.036474,1.966962
0.036486,1.966323
0.036498,1.965685
0.036510,1.965047
0.036522,1.964409
0.036534,1.963772
0.036546,1.963135
0.036558,1.962498
0.036570,1.961862
0.036583,1.961226
0.036595,1.960590
0.036607,1.959955
0.036619,1.959320
0.036631,1.958686
0.036643,1.958052
0.036655,1.957418
0.036667,1.956784
0.036679,1.956151
0.036691,1.955519
0.036703,1.954886
0.036715,1.954254
0.036727,1.953622
0.036739,1.952991
0.036751,1.952360
0.036763,1.951730
0.036775,1.951099
0.036787,1.950469
0.036799,1.949840
0.036812,1.949210
0.036824,1.948582
0.036836,1.947953
0.036848,1.947325
0.036860,1.946697
0.036872,1.946069
0.036884,1.945442
0.036896,1.944815
0.036908,1.944189
0.036920,1.943563
0.036932,1.942937
0.036944,1.942312
0.036956,1.941687
0.036968,1.941062
0.036981,1.940437
0.036993,1.939813
0.037005,1.939190
0.037017,1.938566
0.037029,1.937943
0.037041,1.937321
0.037053,1.936698
0.037065,1.936076
0.037077,1.935455
0.037089,1.934833
0.037101,1.934212
0.037114,1.933592
0.037126,1.932971
0.037138,1.932351
0.037150,1.931732
0.037162,1.931112
0.037174,1.930494
0.037186,1.929875
0.037198,1.929257
0.037210,1.928639
0.037222,1.928021
0.037235,1.927404
0.037247,1.926787
0.037259,1.926170
0.037271,1.925554
0.037283,1.924938
0.037295,1.924323
0.037307,1.923708
0.037319,1.923093
0.037331,1.922478
0.037344,1.921864
0.037356,1.921250
0.037368,1.920637
0.037380,1.920023
0.037392,1.919411
0.037404,1.918798
0.037416,1.918186
0.037428,1.917574
0.037441,1.916962
0.037453,1.916351
0.037465,1.915740
0.037477,1.915130
0.037489,1.914520
0.037501,1.913910
0.037513,1.913300
0.037525,1.912691
0.037538,1.912082
0.037550,1.911474
0.037562,1.910865
0.037574,1.910258
0.037586,1.909650
0.037598,1.909043
0.037610,1.908436
0.037623,1.907829
0.037635,1.907223
0.037647,1.906617
0.037659,1.906012
0.037671,1.905407
0.037683,1.904802
0.037695,1.904197
0.037708,1.903593
0.037720,1.902989
0.037732,1.902385
0.037744,1.901782
0.037756,1.901179
0.037768,1.900577
0.037780,1.899974
0.037793,1.899372
0.037805,1.898771
0.037817,1.898169
0.037829,1.897568
0.037841,1.896968
0.037853,1.896367
0.037866,1.895767
0.037878,1.895168
0.037890,1.894568
0.037902,1.893969
0.037914,1.893371
0.037926,1.892772
0.037939,1.892174
0.037951,1.891577
0.037963,1.890979
0.037975,1.890382
0.037987,1.889785
0.038000,1.889189
0.038012,1.888593
0.038024,1.887997
0.038036,1.887402
0.038048,1.886806
0.038060,1.886212
0.038073,1.885617
0.038085,1.885023
0.038097,1.884429
0.038109,1.883836
0.038121,1.883242
0.038134,1.882649
0.038146,1.882057
0.038158,1.881465
0.038170,1.880873
0.038182,1.880281
0.038195,1.879690
0.038207,1.879099
0.038219,1.878508
0.038231,1.877918
0.038243,1.877328
0.038256,1.876738
0.038268,1.876148
0.038280,1.875559
0.038292,1.874971
0.038304,1.874382
0.038317,1.873794
0.038329,1.873206
0.038341,1.872619
0.038353,1.872032
0.038365,1.871445
0.038378,1.870858
0.038390,1.870272
0.038402,1.869686
0.038414,1.869100
0.038427,1.868515
0.038439,1.867930
0.038451,1.867345
0.038463,1.866761
0.038475,1.866177
0.038488,1.865593
0.038500,1.865010
0.038512,1.864427
0.038524,1.863844
0.038537,1.863261
0.038549,1.862679
0.038561,1.862097
0.038573,1.861516
0.038585,1.860935
0.038598,1.860354
0.038610,1.859773
0.038622,1.859193
0.038634,1.858613
0.038647,1.858033
0.038659,1.857454
0.038671,1.856875
0.038683,1.856296
0.038696,1.855717
0.038708,1.855139
0.038720,1.854561
0.038732,1.853984
0.038745,1.853407
0.038757,1.852830
0.038769,1.852253
0.038781,1.851677
0.038794,1.851101
0.038806,1.850525
0.038818,1.849950
0.038830,1.849375
0.038843,1.848800
0.038855,1.848225
0.038867,1.847651
0.038879,1.847077
0.038892,1.846504
0.038904,1.845931
0.038916,1.845358
0.038928,1.844785
0.038941,1.844213
0.038953,1.843641
0.038965,1.843069
0.038978,1.842498
0.038990,1.841926
0.039002,1.841356
0.039014,1.840785
0.039027,1.840215
0.039039,1.839645
0.039051,1.839075
0.039063,1.838506
0.039076,1.837937
0.039088,1.837368
0.039100,1.836800
0.039113,1.836232
0.039125,1.835664
0.039137,1.835097
0.039149,1.834529
0.039162,1.833963
0.039174,1.833396
0.039186,1.832830
0.039199,1.832264
0.039211,1.831698
0.039223,1.831133
0.039236,1.830567
0.039248,1.830003
0.039260,1.829438
0.039272,1.828874
0.039285,1.828310
0.039297,1.827746
0.039309,1.827183
0.039322,1.826620
0.039334,1.826057
0.039346,1.825495
0.039359,1.824933
0.039371,1.824371
0.039383,1.823810
0.039395,1.823248
0.039408,1.822687
0.039420,1.822127
0.039432,1.821566
0.039445,1.821006
0.039457,1.820447
0.039469,1.819887
0.039482,1.819328
0.039494,1.818769
0.039506,1.818210
0.039519,1.817652
0.039531,1.817094
0.039543,1.816536
0.039556,1.815979
0.039568,1.815422
0.039580,1.814865
0.039593,1.814309
0.039605,1.813752
0.039617,1.813196
0.039630,1.812641
0.039642,1.812085
0.039654,1.811530
0.039667,1.810976
0.039679,1.810421
0.039691,1.809867
0.039704,1.809313
0.039716,1.808759
0.039728,1.808206
0.039741,1.807653
0.039753,1.807100
0.039765,1.806548
0.039778,1.805996
0.039790,1.805444
0.039802,1.804892
0.039815,1.804341
0.039827,1.803790
0.039839,1.803239
0.039852,1.802689
0.039864,1.802138
0.039876,1.801589
0.039889,1.801039
0.039901,1.800490
0.039914,1.799941
0.039926,1.799392
0.039938,1.798843
0.039951,1.798295
0.039963,1.797747
0.039975,1.797200
0.039988,1.796653
0.040000,1.796106
0.040012,1.795559
0.040025,1.795012
0.040037,1.794466
0.040050,1.793920
0.040062,1.793375
0.040074,1.792830
0.040087,1.792285
0.040099,1.791740
0.040111,1.791195
0.040124,1.790651
0.040136,1.790107
0.040149,1.789564
0.040161,1.789020
0.040173,1.788477
0.040186,1.787935
0.040198,1.787392
0.040210,1.786850
0.040223,1.786308
0.040235,1.785766
0.040248,1.785225
0.040260,1.784684
0.040272,1.784143
0.040285,1.783603
0.040297,1.783063
0.040310,1.782523
0.040322,1.781983
0.040334,1.781444
0.040347,1.780904
0.040359,1.780366
0.040372,1.779827
0.040384,1.779289
0.040396,1.778751
0.040409,1.778213
0.040421,1.777676
0.040434,1.777138
0.040446,1.776602
0.040458,1.776065
0.040471,1.775529
0.040483,1.774993
0.040496,1.774457
0.040508,1.773921
0.040520,1.773386
0.040533,1.772851
0.040545,1.772317
0.040558,1.771782
0.040570,1.771248
0.040583,1.770714
0.040595,1.770181
0.040607,1.769647
0.040620,1.769114
0.040632,1.768582
0.040645,1.768049
0.040657,1.767517
0.040669,1.766985
0.040682,1.766453
0.040694,1.765922
0.040707,1.765391
0.040719,1.764860
0.040732,1.764330
0.040744,1.763799
0.040756,1.763269
0.040769,1.762740
0.040781,1.762210
0.040794,1.761681
0.040806,1.761152
0.040819,1.760624
0.040831,1.760095
0.040844,1.759567
0.040856,1.759039
0.040868,1.758512
0.040881,1.757984
0.040893,1.757457
0.040906,1.756931
0.040918,1.756404
0.040931,1.755878
0.040943,1.755352
0.040956,1.754826
0.040968,1.754301
0.040981,1.753776
0.040993,1.753251
0.041005,1.752726
0.041018,1.752202
0.041030,1.751678
0.041043,1.751154
0.041055,1.750631
0.041068,1.750108
0.041080,1.749585
0.041093,1.749062
0.041105,1.748539
0.041118,1.748017
0.041130,1.747495
0.041143,1.746974
0.041155,1.746452
0.041167,1.745931
0.041180,1.745410
0.041192,1.744890
0.041205,1.744370
0.041217,1.743850
0.041230,1.743330
0.041242,1.742810
0.041255,1.742291
0.041267,1.741772
0.041280,1.741253
0.041292,1.740735
0.041305,1.740217
0.041317,1.739699
0.041330,1.739181
0.041342,1.738664
0.041355,1.738147
0.041367,1.737630
0.041380,1.737113
0.041392,1.736597
0.041405,1.736081
0.041417,1.735565
0.041430,1.735049
0.041442,1.734534
0.041455,1.734019
0.041467,1.733504
0.041480,1.732990
0.041492,1.732475
0.041505,1.731961
0.041517,1.731448
0.041530,1.730934
0.041542,1.730421
0.041555,1.729908
0.041567,1.729395
0.041580,1.728883
0.041592,1.728371
0.041605,1.727859
0.041617,1.727347
0.041630,1.726836
0.041642,1.726325
0.041655,1.725814
0.041667,1.725303
0.041680,1.724793
0.041692,1.724283
0.041705,1.723773
0.041717,1.723263
0.041730,1.722754
0.041742,1.722245
0.041755,1.721736
0.041767,1.721228
0.041780,1.720719
0.041792,1.720211
0.041805,1.719704
0.041818,1.719196
0.041830,1.718689
0.041843,1.718182
0.041855,1.717675
0.041868,1.717169
0.041880,1.716662
0.041893,1.716156
0.041905,1.715651
0.041918,1.715145
0.041930,1.714640
0.041943,1.714135
0.041955,1.713630
0.041968,1.713126
0.041981,1.712622
0.041993,1.712118
0.042006,1.711614
0.042018,1.711110
0.042031,1.710607
0.042043,1.710104
0.042056,1.709602
0.042068,1.709099
0.042081,1.708597
0.042093,1.708095
0.042106,1.707593
0.042119,1.707092
0.042131,1.706591
0.042144,1.706090
0.042156,1.705589
0.042169,1.705089
0.042181,1.704589
0.042194,1.704089
0.042207,1.703589
0.042219,1.703090
0.042232,1.702591
0.042244,1.702092
0.042257,1.701593
0.042269,1.701095
0.042282,1.700596
0.042295,1.700099
0.042307,1.699601
0.042320,1.699104
0.042332,1.698606
0.042345,1.698109
0.042357,1.697613
0.042370,1.697116
0.042383,1.696620
0.042395,1.696124
0.042408,1.695629
0.042420,1.695133
0.042433,1.694638
0.042445,1.694143
0.042458,1.693648
0.042471,1.693154
0.042483,1.692660
0.042496,1.692166
0.042508,1.691672
0.042521,1.691179
0.042534,1.690686
0.042546,1.690193
0.042559,1.689700
0.042571,1.689207
0.042584,1.688715
0.042597,1.688223
0.042609,1.687732
0.042622,1.687240
0.042634,1.686749
0.042647,1.686258
0.042660,1.685767
0.042672,1.685277
0.042685,1.684786
0.042697,1.684296
0.042710,1.683807
0.042723,1.683317
0.042735,1.682828
0.042748,1.682339
0.042760,1.681850
0.042773,1.681361
0.042786,1.680873
0.042798,1.680385
0.042811,1.679897
0.042824,1.679410
0.042836,1.678922
0.042849,1.678435
0.042861,1.677948
0.042874,1.677462
0.042887,1.676975
0.042899,1.676489
0.042912,1.676003
0.042925,1.675518
0.042937,1.675032
0.042950,1.674547
0.042962,1.674062
0.042975,1.673578
0.042988,1.673093
0.043000,1.672609
0.043013,1.672125
0.043026,1.671641
0.043038,1.671158
0.043051,1.670675
0.043064,1.670192
0.043076,1.669709
0.043089,1.669226
0.043101,1.668744
0.043114,1.668262
0.043127,1.667780
0.043139,1.667299
0.043152,1.666817
0.043165,1.666336
0.043177,1.665855
0.043190,1.665375
0.043203,1.664894
0.043215,1.664414
0.043228,1.663934
0.043241,1.663454
0.043253,1.662975
0.043266,1.662496
0.043279,1.662017
0.043291,1.661538
0.043304,1.661060
0.043317,1.660581
0.043329,1.660103
0.043342,1.659626
0.043355,1.659148
0.043367,1.658671
0.043380,1.658194
0.043393,1.657717
0.043405,1.657240
0.043418,1.656764
0.043431,1.656288
0.043443,1.655812
0.043456,1.655336
0.043469,1.654861
0.043481,1.654385
0.043494,1.653910
0.043507,1.653436
0.043519,1.652961
0.043532,1.652487
0.043545,1.652013
0.043557,1.651539
0.043570,1.651066
0.043583,1.650592
0.043595,1.650119
0.043608,1.649646
0.043621,1.649174
0.043633,1.648701
0.043646,1.648229
0.043659,1.647757
0.043672,1.647285
0.043684,1.646814
0.043697,1.646343
0.043710,1.645872
0.043722,1.645401
0.043735,1.644930
0.043748,1.644460
0.043760,1.643990
0.043773,1.643520
0.043786,1.643050
0.043799,1.642581
0.043811,1.642112
0.043824,1.641643
0.043837,1.641174
0.043849,1.640705
0.043862,1.640237
0.043875,1.639769
0.043887,1.639301
0.043900,1.638834
0.043913,1.638366
0.043926,1.637899
0.043938,1.637432
0.043951,1.636966
0.043964,1.636499
0.043976,1.636033
0.043989,1.635567
0.044002,1.635101
0.044015,1.634636
0.044027,1.634170
0.044040,1.633705
0.044053,1.633240
0.044066,1.632776
0.044078,1.632311
0.044091,1.631847
0.044104,1.631383
0.044116,1.630920
0.044129,1.630456
0.044142,1.629993
0.044155,1.629530
0.044167,1.629067
0.044180,1.628604
0.044193,1.628142
0.044206,1.627680
0.044218,1.627218
0.044231,1.626756
0.044244,1.626295
0.044257,1.625833
0.044269,1.625372
0.044282,1.624912
0.044295,1.624451
0.044308,1.623991
0.044320,1.623531
0.044333,1.623071
0.044346,1.622611
0.044359,1.622151
0.044371,1.621692
0.044384,1.621233
0.044397,1.620774
0.044410,1.620316
0.044422,1.619857
0.044435,1.619399
0.044448,1.618941
0.044461,1.618484
0.044473,1.618026
0.044486,1.617569
0.044499,1.617112
0.044512,1.616655
0.044524,1.616199
0.044537,1.615742
0.044550,1.615286
0.044563,1.614830
0.044575,1.614375
0.044588,1.613919
0.044601,1.613464
0.044614,1.613009
0.044627,1.612554
0.044639,1.612099
0.044652,1.611645
0.044665,1.611191
0.044678,1.610737
0.044690,1.610283
0.044703,1.609830
0.044716,1.609376
0.044729,1.608923
0.044742,1.608470
0.044754,1.608018
0.044767,1.607565
0.044780,1.607113
0.044793,1.606661
0.044806,1.606209
0.044818,1.605758
0.044831,1.605307
0.044844,1.604855
0.044857,1.604405
0.044869,1.603954
0.044882,1.603503
0.044895,1.603053
0.044908,1.602603
0.044921,1.602153
0.044933,1.601704
0.044946,1.601254
0.044959,1.600805
0.044972,1.600356
0.044985,1.599907
0.044997,1.599459
0.045010,1.599011
0.045023,1.598563
0.045036,1.598115
0.045049,1.597667
0.045062,1.597220
0.045074,1.596772
0.045087,1.596325
0.045100,1.595879
0.045113,1.595432
0.045126,1.594986
0.045138,1.594539
0.045151,1.594094
0.045164,1.593648
0.045177,1.593202
0.045190,1.592757
0.045203,1.592312
0.045215,1.591867
0.045228,1.591422
0.045241,1.590978
0.045254,1.590534
0.045267,1.590090
0.045279,1.589646
0.045292,1.589202
0.045305,1.588759
0.045318,1.588316
0.045331,1.587873
0.045344,1.587430
0.045356,1.586987
0.045369,1.586545
0.045382,1.586103
0.045395,1.585661
0.045408,1.585219
0.045421,1.584778
0.045434,1.584336
0.045446,1.583895
0.045459,1.583455
0.045472,1.583014
0.045485,1.582573
0.045498,1.582133
0.045511,1.581693
0.045523,1.581253
0.045536,1.580814
0.045549,1.580374
0.045562,1.579935
0.045575,1.579496
0.045588,1.579057
0.045601,1.578619
0.045613,1.578181
0.045626,1.577742
0.045639,1.577305
0.045652,1.576867
0.045665,1.576429
0.045678,1.575992
0.045691,1.575555
0.045703,1.575118
0.045716,1.574681
0.045729,1.574245
0.045742,1.573809
0.045755,1.573372
0.045768,1.572937
0.045781,1.572501
0.045794,1.572065
0.045806,1.571630
0.045819,1.571195
0.045832,1.570760
0.045845,1.570326
0.045858,1.569891
0.045871,1.569457
0.045884,1.569023
0.045897,1.568589
0.045909,1.568156
0.045922,1.567722
0.045935,1.567289
0.045948,1.566856
0.045961,1.566423
0.045974,1.565991
0.045987,1.565558
0.046000,1.565126
0.046013,1.564694
0.046025,1.564263
0.046038,1.563831
0.046051,1.563400
0.046064,1.562969
0.046077,1.562538
0.046090,1.562107
0.046103,1.561676
0.046116,1.561246
0.046129,1.560816
0.046141,1.560386
0.046154,1.559956
0.046167,1.559527
0.046180,1.559097
0.046193,1.558668
0.046206,1.558239
0.046219,1.557811
0.046232,1.557382
0.046245,1.556954
0.046258,1.556526
0.046271,1.556098
0.046283,1.555670
0.046296,1.555243
0.046309,1.554815
0.046322,1.554388
0.046335,1.553961
0.046348,1.553535
0.046361,1.553108
0.046374,1.552682
0.046387,1.552256
0.046400,1.551830
0.046413,1.551404
0.046426,1.550979
0.046439,1.550553
0.046451,1.550128
0.046464,1.549703
0.046477,1.549279
0.046490,1.548854
0.046503,1.548430
0.046516,1.548006
0.046529,1.547582
0.046542,1.547158
0.046555,1.546735
0.046568,1.546311
0.046581,1.545888
0.046594,1.545465
0.046607,1.545043
0.046620,1.544620
0.046633,1.544198
0.046645,1.543776
0.046658,1.543354
0.046671,1.542932
0.046684,1.542511
0.046697,1.542089
0.046710,1.541668
0.046723,1.541247
0.046736,1.540826
0.046749,1.540406
0.046762,1.539986
0.046775,1.539565
0.046788,1.539145
0.046801,1.538726
0.046814,1.538306
0.046827,1.537887
0.046840,1.537468
0.046853,1.537049
0.046866,1.536630
0.046879,1.536211
0.046892,1.535793
0.046905,1.535375
0.046918,1.534957
0.046930,1.534539
0.046943,1.534121
0.046956,1.533704
0.046969,1.533287
0.046982,1.532870
0.046995,1.532453
0.047008,1.532036
0.047021,1.531620
0.047034,1.531203
0.047047,1.530787
0.047060,1.530372
0.047073,1.529956
0.047086,1.529540
0.047099,1.529125
0.047112,1.528710
0.047125,1.528295
0.047138,1.527880
0.047151,1.527466
0.047164,1.527052
0.047177,1.526637
0.047190,1.526224
0.047203,1.525810
0.047216,1.525396
0.047229,1.524983
0.047242,1.524570
0.047255,1.524157
0.047268,1.523744
0.047281,1.523331
0.047294,1.522919
0.047307,1.522507
0.047320,1.522095
0.047333,1.521683
0.047346,1.521271
0.047359,1.520860
0.047372,1.520449
0.047385,1.520038
0.047398,1.519627
0.047411,1.519216
0.047424,1.518805
0.047437,1.518395
0.047450,1.517985
0.047463,1.517575
0.047476,1.517165
0.047489,1.516756
0.047502,1.516346
0.047515,1.515937
0.047528,1.515528
0.047541,1.515120
0.047554,1.514711
0.047567,1.514302
0.047580,1.513894
0.047593,1.513486
0.047606,1.513078
0.047619,1.512671
0.047632,1.512263
0.047645,1.511856
0.047658,1.511449
0.047671,1.511042
0.047684,1.510635
0.047697,1.510229
0.047710,1.509822
0.047723,1.509416
0.047736,1.509010
0.047749,1.508604
0.047763,1.508199
0.047776,1.507793
0.047789,1.507388
0.047802,1.506983
0.047815,1.506578
0.047828,1.506174
0.047841,1.505769
0.047854,1.505365
0.047867,1.504961
0.047880,1.504557
0.047893,1.504153
0.047906,1.503749
0.047919,1.503346
0.047932,1.502943
0.047945,1.502540
0.047958,1.502137
0.047971,1.501734
0.047984,1.501332
0.047997,1.500930
0.048010,1.500528
0.048023,1.500126
0.048036,1.499724
0.048050,1.499323
0.048063,1.498921
0.048076,1.498520
0.048089,1.498119
0.048102,1.497718
0.048115,1.497318
0.048128,1.496917
0.048141,1.496517
0.048154,1.496117
0.048167,1.495717
0.048180,1.495317
0.048193,1.494918
0.048206,1.494519
0.048219,1.494119
0.048232,1.493721
0.048246,1.493322
0.048259,1.492923
0.048272,1.492525
0.048285,1.492127
0.048298,1.491728
0.048311,1.491331
0.048324,1.490933
0.048337,1.490535
0.048350,1.490138
0.048363,1.489741
0.048376,1.489344
0.048389,1.488947
0.048402,1.488551
0.048416,1.488154
0.048429,1.487758
0.048442,1.487362
0.048455,1.486966
0.048468,1.486570
0.048481,1.486175
0.048494,1.485779
0.048507,1.485384
0.048520,1.484989
0.048533,1.484595
0.048546,1.484200
0.048560,1.483806
0.048573,1.483411
0.048586,1.483017
0.048599,1.482623
0.048612,1.482230
0.048625,1.481836
0.048638,1.481443
0.048651,1.481049
0.048664,1.480656
0.048678,1.480264
0.048691,1.479871
0.048704,1.479479
0.048717,1.479086
0.048730,1.478694
0.048743,1.478302
0.048756,1.477910
0.048769,1.477519
0.048782,1.477127
0.048796,1.476736
0.048809,1.476345
0.048822,1.475954
0.048835,1.475564
0.048848,1.475173
0.048861,1.474783
0.048874,1.474393
0.048887,1.474003
0.048901,1.473613
0.048914,1.473223
0.048927,1.472834
0.048940,1.472444
0.048953,1.472055
0.048966,1.471666
0.048979,1.471278
0.048992,1.470889
0.049006,1.470501
0.049019,1.470113
0.049032,1.469724
0.049045,1.469337
0.049058,1.468949
0.049071,1.468561
0.049084,1.468174
0.049098,1.467787
0.049111,1.467400
0.049124,1.467013
0.049137,1.466626
0.049150,1.466240
0.049163,1.465854
0.049176,1.465467
0.049190,1.465082
0.049203,1.464696
0.049216,1.464310
0.049229,1.463925
0.049242,1.463539
0.049255,1.463154
0.049268,1.462769
0.049282,1.462385
0.049295,1.462000
0.049308,1.461616
0.049321,1.461232
0.049334,1.460847
0.049347,1.460464
0.049361,1.460080
0.049374,1.459696
0.049387,1.459313
0.049400,1.458930
0.049413,1.458547
0.049426,1.458164
0.049440,1.457781
0.049453,1.457399
0.049466,1.457017
0.049479,1.456634
0.049492,1.456252
0.049505,1.455871
0.049519,1.455489
0.049532,1.455107
0.049545,1.454726
0.049558,1.454345
0.049571,1.453964
0.049584,1.453583
0.049598,1.453203
0.049611,1.452822
0.049624,1.452442
0.049637,1.452062
0.049650,1.451682
0.049664,1.451302
0.049677,1.450923
0.049690,1.450543
0.049703,1.450164
0.049716,1.449785
0.049730,1.449406
0.049743,1.449027
0.049756,1.448649
0.049769,1.448270
0.049782,1.447892
0.049795,1.447514
0.049809,1.447136
0.049822,1.446758
0.049835,1.446381
0.049848,1.446003
0.049861,1.445626
0.049875,1.445249
0.049888,1.444872
0.049901,1.444496
0.049914,1.444119
0.049927,1.443743
0.049941,1.443366
0.049954,1.442990
0.049967,1.442614
0.049980,1.442239
0.049994,1.441863
0.050007,1.441488
