0.000121,3.152228
0.000242,4.791957
0.000363,6.140876
0.000484,7.300925
0.000605,8.325496
0.000726,9.245027
0.000847,10.077500
0.000968,10.833899
0.001089,11.521298
0.001210,12.144712
0.001331,12.707955
0.001452,13.213966
0.001573,13.665797
0.001694,14.066502
0.001815,14.419163
0.001936,14.726894
0.002057,14.992925
0.002178,15.220525
0.002299,15.412976
0.002420,15.573479
0.002541,15.705026
0.002662,15.810668
0.002783,15.893370
0.002904,15.955989
0.003025,16.001252
0.003146,16.031731
0.003267,16.049857
0.003388,16.057883
0.003509,16.057868
0.003630,16.051661
0.003751,16.040889
0.003873,16.026993
0.003994,16.011217
0.004115,15.994607
0.004236,15.978026
0.004357,15.962163
0.004478,15.947550
0.004599,15.934572
0.004720,15.923486
0.004841,15.914433
0.004962,15.907461
0.005083,15.902547
0.005204,15.899599
0.005325,15.898475
0.005446,15.898998
0.005567,15.900969
0.005688,15.904177
0.005809,15.908407
0.005930,15.913447
0.006051,15.919097
0.006172,15.925174
0.006293,15.931512
0.006414,15.937966
0.006535,15.944409
0.006656,15.950738
0.006777,15.956867
0.006898,15.962731
0.007019,15.968281
0.007140,15.973483
0.007261,15.978318
0.007382,15.982777
0.007503,15.986862
0.007624,15.990585
0.007745,15.993958
0.007866,15.997002
0.007987,15.999741
0.008108,16.002201
0.008229,16.004409
0.008350,16.006393
0.008471,16.008178
0.008592,16.009791
0.008713,16.011255
0.008834,16.012593
0.008955,16.013824
0.009076,16.014966
0.009197,16.016033
0.009318,16.017040
0.009439,16.017996
0.009560,16.018911
0.009681,16.019792
0.009802,16.020645
0.009923,16.021475
0.010044,16.022284
0.010165,16.023076
0.010286,16.023851
0.010407,16.024611
0.010528,16.025356
0.010649,16.026085
0.010770,16.026799
0.010891,16.027496
0.011012,16.028176
0.011133,16.028838
0.011254,16.029482
0.011375,16.030106
0.011496,16.030710
0.011617,16.031295
0.011738,16.031859
0.011859,16.032403
0.011980,16.032927
0.012101,16.033430
0.012223,16.033913
0.012344,16.034376
0.012465,16.034821
0.012586,16.035246
0.012707,16.035653
0.012828,16.036043
0.012949,16.036416
0.013070,16.036773
0.013191,16.037114
0.013312,16.037441
0.013433,16.037753
0.013554,16.038053
0.013675,16.038339
0.013796,16.038613
0.013917,16.038875
0.014038,16.039127
0.014159,16.039368
0.014280,16.039599
0.014401,16.039821
0.014522,16.040033
0.014643,16.040237
0.014764,16.040433
0.014885,16.040621
0.015006,16.040802
0.015127,16.040975
0.015248,16.041141
0.015369,16.041301
0.015490,16.041454
0.015611,16.041601
0.015732,16.041742
0.015853,16.041878
0.015974,16.042008
0.016095,16.042132
0.016216,16.042252
0.016337,16.042367
0.016458,16.042477
0.016579,16.042582
0.016700,16.042683
0.016821,16.042779
0.016942,16.042871
0.017063,16.042960
0.017184,16.043044
0.017305,16.043125
0.017426,16.043202
0.017547,16.043276
0.017668,16.043347
0.017789,16.043414
0.017910,16.043478
0.018031,16.043539
0.018152,16.043597
0.018273,16.043652
0.018394,16.043705
0.018515,16.043755
0.018636,16.043803
0.018757,16.043848
0.018878,16.043891
0.018999,16.043932
0.019120,16.043970
0.019241,16.044007
0.019362,16.044041
0.019483,16.044074
0.019604,16.044105
0.019725,16.044134
0.019846,16.044161
0.019967,16.044187
0.020088,16.044211
0.020209,16.044234
0.020330,16.044255
0.020451,16.044275
0.020573,16.044293
0.020694,16.044310
0.020814,16.044326
0.020935,16.044341
0.021056,16.044354
0.021178,16.044367
0.021299,16.044378
0.021420,16.044388
0.021541,16.044398
0.021662,16.044406
0.021783,16.044414
0.021904,16.044420
0.022025,16.044426
0.022146,16.044431
0.022267,16.044435
0.022388,16.044439
0.022509,16.044442
0.022630,16.044444
0.022751,16.044445
0.022872,16.044446
0.022993,16.044446
0.023114,16.044446
0.023235,16.044445
0.023356,16.044444
0.023477,16.044442
0.023598,16.044440
0.023719,16.044437
0.023840,16.044434
0.023961,16.044430
0.024082,16.044426
0.024203,16.044421
0.024324,16.044417
0.024445,16.044412
0.024566,16.044406
0.024687,16.044400
0.024808,16.044394
0.024929,16.044388
0.025050,16.044381
0.025171,16.044374
0.025292,16.044367
0.025413,16.044360
0.025534,16.044352
0.025655,16.044344
0.025776,16.044336
0.025897,16.044328
0.026018,16.044320
0.026139,16.044311
0.026260,16.044302
0.026381,16.044294
0.026502,16.044285
0.026623,16.044275
0.026744,16.044266
0.026865,16.044257
0.026986,16.044247
0.027107,16.044238
0.027228,16.044228
0.027349,16.044219
0.027470,16.044209
0.027591,16.044199
0.027712,16.044189
0.027833,16.044179
0.027954,16.044169
0.028075,16.044159
0.028196,16.044149
0.028317,16.044139
0.028438,16.044129
0.028559,16.044119
0.028680,16.044109
0.028801,16.044098
0.028922,16.044088
0.029043,16.044078
0.029164,16.044068
0.029285,16.044058
0.029406,16.044048
0.029528,16.044038
0.029649,16.044027
0.029770,16.044017
0.029891,16.044007
0.030012,16.043997
0.030133,16.043987
0.030254,16.043977
0.030375,16.043967
0.030496,16.043957
0.030617,16.043947
0.030738,16.043937
0.030859,16.043928
0.030980,16.043918
0.031101,16.043908
0.031222,16.043898
0.031343,16.043889
0.031464,16.043879
0.031585,16.043870
0.031706,16.043860
0.031827,16.043851
0.031948,16.043841
0.032069,16.043832
0.032190,16.043823
0.032311,16.043814
0.032432,16.043804
0.032553,16.043795
0.032674,16.043786
0.032795,16.043777
0.032916,16.043768
0.033037,16.043759
0.033158,16.043751
0.033279,16.043742
0.033400,16.043733
0.033521,16.043725
0.033642,16.043716
0.033763,16.043707
0.033884,16.043699
0.034005,16.043691
0.034126,16.043682
0.034247,16.043674
0.034368,16.043666
0.034489,16.043658
0.034610,16.043650
0.034731,16.043642
0.034852,16.043634
0.034973,16.043626
0.035094,16.043618
0.035215,16.043611
0.035336,16.043603
0.035457,16.043595
0.035578,16.043588
0.035699,16.043580
0.035820,16.043573
0.035941,16.043566
0.036062,16.043559
0.036183,16.043551
0.036304,16.043544
0.036425,16.043537
0.036546,16.043530
0.036667,16.043523
0.036788,16.043517
0.036909,16.043510
0.037030,16.043503
0.037151,16.043496
0.037272,16.043490
0.037393,16.043483
0.037514,16.043477
0.037635,16.043471
0.037756,16.043464
0.037878,16.043458
0.037999,16.043452
0.038120,16.043446
0.038241,16.043440
0.038362,16.043434
0.038483,16.043428
0.038604,16.043422
0.038725,16.043416
0.038846,16.043410
0.038967,16.043404
0.039088,16.043399
0.039209,16.043393
0.039330,16.043388
0.039451,16.043382
0.039572,16.043377
0.039693,16.043372
0.039814,16.043366
0.039935,16.043361
0.040056,16.043356
0.040177,16.043351
0.040298,16.043346
0.040419,16.043341
0.040540,16.043336
0.040661,16.043331
0.040782,16.043326
0.040903,16.043321
0.041024,16.043316
0.041145,16.043312
0.041266,16.043307
0.041387,16.043302
0.041508,16.043298
0.041629,16.043293
0.041750,16.043289
0.041871,16.043284
0.041992,16.043280
0.042113,16.043276
0.042234,16.043271
0.042355,16.043267
0.042476,16.043263
0.042597,16.043259
0.042718,16.043255
0.042839,16.043251
0.042960,16.043247
0.043081,16.043243
0.043202,16.043239
0.043323,16.043235
0.043444,16.043231
0.043565,16.043228
0.043686,16.043224
0.043807,16.043220
0.043928,16.043217
0.044049,16.043213
0.044170,16.043209
0.044291,16.043206
0.044412,16.043202
0.044533,16.043199
0.044654,16.043196
0.044775,16.043192
0.044896,16.043189
0.045017,16.043186
0.045138,16.043182
0.045259,16.043179
0.045380,16.043176
0.045501,16.043173
0.045622,16.043170
0.045743,16.043167
0.045864,16.043164
0.045985,16.043161
0.046106,16.043158
0.046228,16.043155
0.046349,16.043152
0.046470,16.043149
0.046591,16.043147
0.046712,16.043144
0.046833,16.043141
0.046954,16.043138
0.047075,16.043136
0.047196,16.043133
0.047317,16.043130
0.047438,16.043128
0.047559,16.043125
0.047680,16.043123
0.047801,16.043120
0.047922,16.043118
0.048043,16.043116
0.048164,16.043113
0.048285,16.043111
0.048406,16.043108
0.048527,16.043106
0.048648,16.043104
0.048769,16.043102
0.048890,16.043099
0.049011,16.043097
0.049132,16.043095
0.049253,16.043093
0.049374,16.043091
0.049495,16.043089
0.049616,16.043087
0.049737,16.043085
0.049858,16.043083
0.049979,16.043081
0.050100,16.043079
0.050221,16.043077
0.050342,16.043075
0.050463,16.043073
0.050584,16.043071
0.050705,16.043069
0.050826,16.043067
0.050947,16.043065
0.051068,16.043064
0.051189,16.043062
0.051310,16.043060
0.051431,16.043058
0.051552,16.043057
0.051673,16.043055
0.051794,16.043053
0.051915,16.043052
0.052036,16.043050
0.052157,16.043049
0.052278,16.043047
0.052399,16.043045
0.052520,16.043044
0.052641,16.043042
0.052762,16.043041
0.052883,16.043039
0.053004,16.043038
0.053125,16.043037
0.053246,16.043035
0.053367,16.043034
0.053488,16.043032
0.053609,16.043031
0.053730,16.043030
0.053851,16.043028
0.053972,16.043027
0.054093,16.043026
0.054214,16.043025
0.054335,16.043023
0.054456,16.043022
0.054577,16.043021
0.054699,16.043020
0.054819,16.043018
0.054940,16.043017
0.055061,16.043016
0.055182,16.043015
0.055304,16.043014
0.055425,16.043013
0.055546,16.043012
0.055667,16.043011
0.055788,16.043010
0.055909,16.043009
0.056030,16.043008
0.056151,16.043006
0.056272,16.043005
0.056393,16.043004
0.056514,16.043004
0.056635,16.043003
0.056756,16.043002
0.056877,16.043001
0.056998,16.043000
0.057119,16.042999
0.057240,16.042998
0.057361,16.042997
0.057482,16.042996
0.057603,16.042995
0.057724,16.042994
0.057845,16.042994
0.057966,16.042993
0.058087,16.042992
0.058208,16.042991
0.058329,16.042990
0.058450,16.042989
0.058571,16.042989
0.058692,16.042988
0.058813,16.042987
0.058934,16.042986
0.059055,16.042986
0.059176,16.042985
0.059297,16.042984
0.059418,16.042984
0.059539,16.042983
0.059660,16.042982
0.059781,16.042982
0.059902,16.042981
0.060023,16.042980
0.060144,16.042980
0.060265,16.042979
0.060386,16.042978
0.060507,16.042978
0.060628,16.042977
0.060749,16.042976
0.060870,16.042976
0.060991,16.042975
0.061112,16.042975
0.061233,16.042974
0.061354,16.042974
0.061475,16.042973
0.061596,16.042973
0.061717,16.042972
0.061838,16.042972
0.061959,16.042971
0.062080,16.042971
0.062201,16.042970
0.062322,16.042970
0.062443,16.042969
0.062564,16.042969
0.062685,16.042968
0.062806,16.042968
0.062927,16.042967
0.063048,16.042967
0.063169,16.042966
0.063290,16.042966
0.063411,16.042966
0.063532,16.042965
0.063654,16.042965
0.063775,16.042964
0.063896,16.042964
0.064017,16.042964
0.064138,16.042963
0.064259,16.042963
0.064380,16.042963
0.064501,16.042962
0.064622,16.042962
0.064743,16.042962
0.064864,16.042961
0.064985,16.042961
0.065106,16.042961
0.065227,16.042960
0.065348,16.042960
0.065469,16.042960
0.065590,16.042959
0.065711,16.042959
0.065832,16.042959
0.065953,16.042958
0.066074,16.042958
0.066195,16.042958
0.066316,16.042958
0.066437,16.042957
0.066558,16.042957
0.066679,16.042957
0.066800,16.042957
0.066921,16.042956
0.067042,16.042956
0.067163,16.042956
0.067284,16.042956
0.067405,16.042955
0.067526,16.042955
0.067647,16.042955
0.067768,16.042955
0.067889,16.042954
0.068010,16.042954
0.068131,16.042954
0.068252,16.042954
0.068373,16.042954
0.068494,16.042953
0.068615,16.042953
0.068736,16.042953
0.068857,16.042953
0.068978,16.042953
0.069099,16.042953
0.069220,16.042952
0.069341,16.042952
0.069462,16.042952
0.069583,16.042952
0.069704,16.042952
0.069825,16.042952
0.069946,16.042952
0.070067,16.042951
0.070188,16.042951
0.070309,16.042951
0.070430,16.042951
0.070551,16.042951
0.070672,16.042951
0.070793,16.042951
0.070914,16.042951
0.071035,16.042951
0.071156,16.042950
0.071277,16.042950
0.071398,16.042950
0.071519,16.042950
0.071640,16.042950
0.071761,16.042950
0.071882,16.042950
0.072004,16.042950
0.072125,16.042950
0.072246,16.042950
0.072367,16.042950
0.072488,16.042950
0.072609,16.042949
0.072730,16.042949
0.072851,16.042949
0.072972,16.042949
0.073093,16.042949
0.073214,16.042949
0.073335,16.042949
0.073456,16.042949
0.073577,16.042949
0.073698,16.042949
0.073819,16.042949
0.073940,16.042949
0.074061,16.042949
0.074182,16.042949
0.074303,16.042949
0.074424,16.042949
0.074545,16.042949
0.074666,16.042949
0.074787,16.042949
0.074908,16.042949
0.075029,16.042949
0.075150,16.042949
0.075271,16.042949
0.075392,16.042949
0.075513,16.042949
0.075634,16.042948
0.075755,16.042948
0.075876,16.042948
0.075997,16.042948
0.076118,16.042948
0.076239,16.042948
0.076360,16.042948
0.076481,16.042948
0.076602,16.042948
0.076723,16.042948
0.076844,16.042948
0.076965,16.042949
0.077086,16.042949
0.077207,16.042949
0.077328,16.042949
0.077449,16.042949
0.077570,16.042949
0.077691,16.042949
0.077812,16.042949
0.077933,16.042949
0.078054,16.042949
0.078175,16.042949
0.078296,16.042949
0.078417,16.042949
0.078538,16.042949
0.078659,16.042949
0.078780,16.042949
0.078901,16.042949
0.079022,16.042949
0.079143,16.042949
0.079264,16.042949
0.079385,16.042949
0.079506,16.042949
0.079627,16.042949
0.079748,16.042949
0.079869,16.042949
0.079990,16.042949
0.080111,16.042949
0.080232,16.042949
0.080354,16.042949
0.080475,16.042949
0.080596,16.042950
0.080717,16.042950
0.080838,16.042950
0.080959,16.042950
0.081080,16.042950
0.081201,16.042950
0.081322,16.042950
0.081443,16.042950
0.081564,16.042950
0.081685,16.042950
0.081806,16.042950
0.081927,16.042950
0.082048,16.042950
0.082169,16.042950
0.082290,16.042950
0.082411,16.042950
0.082532,16.042950
0.082653,16.042951
0.082774,16.042951
0.082895,16.042951
0.083016,16.042951
0.083137,16.042951
0.083258,16.042951
0.083379,16.042951
0.083500,16.042951
0.083621,16.042951
0.083742,16.042951
0.083863,16.042951
0.083984,16.042951
0.084105,16.042951
0.084226,16.042952
0.084347,16.042952
0.084468,16.042952
0.084589,16.042952
0.084710,16.042952
0.084831,16.042952
0.084952,16.042952
0.085073,16.042952
0.085194,16.042952
0.085315,16.042952
0.085436,16.042952
0.085557,16.042952
0.085678,16.042952
0.085799,16.042953
0.085920,16.042953
0.086041,16.042953
0.086162,16.042953
0.086283,16.042953
0.086404,16.042953
0.086525,16.042953
0.086646,16.042953
0.086767,16.042953
0.086888,16.042953
0.087009,16.042953
0.087130,16.042954
0.087251,16.042954
0.087372,16.042954
0.087493,16.042954
0.087614,16.042954
0.087735,16.042954
0.087856,16.042954
0.087977,16.042954
0.088098,16.042954
0.088219,16.042954
0.088340,16.042954
0.088461,16.042955
0.088582,16.042955
0.088703,16.042955
0.088824,16.042955
0.088945,16.042955
0.089066,16.042955
0.089187,16.042955
0.089309,16.042955
0.089430,16.042955
0.089551,16.042955
0.089672,16.042956
0.089793,16.042956
0.089914,16.042956
0.090035,16.042956
0.090156,16.042956
0.090277,16.042956
0.090398,16.042956
0.090519,16.042956
0.090640,16.042956
0.090761,16.042956
0.090882,16.042956
0.091003,16.042957
0.091124,16.042957
0.091245,16.042957
0.091366,16.042957
0.091487,16.042957
0.091608,16.042957
0.091729,16.042957
0.091850,16.042957
0.091971,16.042957
0.092092,16.042957
0.092213,16.042958
0.092334,16.042958
0.092455,16.042958
0.092576,16.042958
0.092697,16.042958
0.092818,16.042958
0.092939,16.042958
0.093060,16.042958
0.093181,16.042958
0.093302,16.042959
0.093423,16.042959
0.093544,16.042959
0.093665,16.042959
0.093786,16.042959
0.093907,16.042959
0.094028,16.042959
0.094149,16.042959
0.094270,16.042959
0.094391,16.042959
0.094512,16.042960
0.094633,16.042960
0.094754,16.042960
0.094875,16.042960
0.094996,16.042960
0.095117,16.042960
0.095238,16.042960
0.095359,16.042960
0.095480,16.042960
0.095601,16.042960
0.095722,16.042961
0.095843,16.042961
0.095964,16.042961
0.096085,16.042961
0.096206,16.042961
0.096327,16.042961
0.096448,16.042961
0.096569,16.042961
0.096690,16.042961
0.096811,16.042961
0.096932,16.042962
0.097053,16.042962
0.097174,16.042962
0.097295,16.042962
0.097416,16.042962
0.097537,16.042962
0.097659,16.042962
0.097780,16.042962
0.097901,16.042962
0.098022,16.042962
0.098143,16.042963
0.098264,16.042963
0.098385,16.042963
0.098506,16.042963
0.098627,16.042963
0.098748,16.042963
0.098869,16.042963
0.098990,16.042963
0.099111,16.042963
0.099232,16.042963
0.099353,16.042964
0.099474,16.042964
0.099595,16.042964
0.099716,16.042964
0.099837,16.042964
0.099958,16.042964
0.100079,16.042964
0.100200,16.042964
0.100321,16.042964
0.100442,16.042964
0.100563,16.042965
0.100684,16.042965
0.100805,16.042965
0.100926,16.042965
0.101047,16.042965
0.101168,16.042965
0.101289,16.042965
0.101410,16.042965
0.101531,16.042965
0.101652,16.042965
0.101773,16.042966
0.101894,16.042966
0.102015,16.042966
0.102136,16.042966
0.102257,16.042966
0.102378,16.042966
0.102499,16.042966
0.102620,16.042966
0.102741,16.042966
0.102862,16.042966
0.102983,16.042967
0.103104,16.042967
0.103225,16.042967
0.103346,16.042967
0.103467,16.042967
0.103588,16.042967
0.103709,16.042967
0.103830,16.042967
0.103951,16.042967
0.104072,16.042967
0.104193,16.042967
0.104314,16.042968
0.104435,16.042968
0.104556,16.042968
0.104677,16.042968
0.104798,16.042968
0.104919,16.042968
0.105040,16.042968
0.105161,16.042968
0.105282,16.042968
0.105403,16.042968
0.105524,16.042968
0.105645,16.042969
0.105766,16.042969
0.105887,16.042969
0.106009,16.042969
0.106130,16.042969
0.106251,16.042969
0.106372,16.042969
0.106493,16.042969
0.106614,16.042969
0.106735,16.042969
0.106856,16.042969
0.106977,16.042970
0.107098,16.042970
0.107219,16.042970
0.107340,16.042970
0.107461,16.042970
0.107582,16.042970
0.107703,16.042970
0.107824,16.042970
0.107945,16.042970
0.108066,16.042970
0.108187,16.042970
0.108308,16.042971
0.108429,16.042971
0.108550,16.042971
0.108671,16.042971
0.108792,16.042971
0.108913,16.042971
0.109034,16.042971
0.109155,16.042971
0.109276,16.042971
0.109397,16.042971
0.109518,16.042971
0.109639,16.042972
0.109760,16.042972
0.109881,16.042972
0.110002,16.042972
0.110123,16.042972
0.110244,16.042972
0.110365,16.042972
0.110486,16.042972
0.110607,16.042972
0.110728,16.042972
0.110849,16.042972
0.110970,16.042972
0.111091,16.042973
0.111212,16.042973
0.111333,16.042973
0.111454,16.042973
0.111575,16.042973
0.111696,16.042973
0.111817,16.042973
0.111938,16.042973
0.112059,16.042973
0.112180,16.042973
0.112301,16.042973
0.112422,16.042973
0.112543,16.042973
0.112664,16.042974
0.112785,16.042974
0.112906,16.042974
0.113027,16.042974
0.113148,16.042974
0.113269,16.042974
0.113390,16.042974
0.113511,16.042974
0.113632,16.042974
0.113753,16.042974
0.113874,16.042974
0.113995,16.042974
0.114116,16.042975
0.114237,16.042975
0.114358,16.042975
0.114480,16.042975
0.114601,16.042975
0.114722,16.042975
0.114843,16.042975
0.114964,16.042975
0.115085,16.042975
0.115206,16.042975
0.115327,16.042975
0.115448,16.042975
0.115569,16.042975
0.115690,16.042975
0.115811,16.042976
0.115932,16.042976
0.116053,16.042976
0.116174,16.042976
0.116295,16.042976
0.116416,16.042976
0.116537,16.042976
0.116658,16.042976
0.116779,16.042976
0.116900,16.042976
0.117021,16.042976
0.117142,16.042976
0.117263,16.042976
0.117384,16.042976
0.117505,16.042977
0.117626,16.042977
0.117747,16.042977
0.117868,16.042977
0.117989,16.042977
0.118110,16.042977
0.118231,16.042977
0.118352,16.042977
0.118473,16.042977
0.118594,16.042977
0.118715,16.042977
0.118836,16.042977
0.118957,16.042977
0.119078,16.042977
0.119199,16.042978
0.119320,16.042978
0.119441,16.042978
0.119562,16.042978
0.119683,16.042978
0.119804,16.042978
0.119925,16.042978
0.120046,16.042978
0.120167,16.042978
0.120288,16.042978
0.120409,16.042978
0.120530,16.042978
0.120651,16.042978
0.120772,16.042978
0.120893,16.042978
0.121014,16.042979
0.121135,16.042979
0.121256,16.042979
0.121377,16.042979
0.121498,16.042979
0.121619,16.042979
0.121740,16.042979
0.121861,16.042979
0.121982,16.042979
0.122103,16.042979
0.122224,16.042979
0.122345,16.042979
0.122466,16.042979
0.122587,16.042979
0.122708,16.042979
0.122829,16.042979
0.122950,16.042980
0.123071,16.042980
0.123192,16.042980
0.123313,16.042980
0.123435,16.042980
0.123556,16.042980
0.123677,16.042980
0.123798,16.042980
0.123919,16.042980
0.124040,16.042980
0.124161,16.042980
0.124282,16.042980
0.124403,16.042980
0.124524,16.042980
0.124645,16.042980
0.124766,16.042980
0.124887,16.042980
0.125008,16.042981
0.125129,16.042981
0.125250,16.042981
0.125371,16.042981
0.125492,16.042981
0.125613,16.042981
0.125734,16.042981
0.125855,16.042981
0.125976,16.042981
0.126097,16.042981
0.126218,16.042981
0.126339,16.042981
0.126460,16.042981
0.126581,16.042981
0.126702,16.042981
0.126823,16.042981
0.126944,16.042981
0.127065,16.042982
0.127186,16.042982
0.127307,16.042982
0.127428,16.042982
0.127549,16.042982
0.127670,16.042982
0.127791,16.042982
0.127912,16.042982
0.128033,16.042982
0.128154,16.042982
0.128275,16.042982
0.128396,16.042982
0.128517,16.042982
0.128638,16.042982
0.128759,16.042982
0.128880,16.042982
0.129001,16.042982
0.129122,16.042982
0.129243,16.042982
0.129364,16.042983
0.129485,16.042983
0.129606,16.042983
0.129727,16.042983
0.129848,16.042983
0.129969,16.042983
0.130090,16.042983
0.130211,16.042983
0.130332,16.042983
0.130453,16.042983
0.130574,16.042983
0.130695,16.042983
0.130816,16.042983
0.130937,16.042983
0.131058,16.042983
0.131179,16.042983
0.131300,16.042983
0.131421,16.042983
0.131542,16.042983
0.131663,16.042983
0.131785,16.042984
0.131906,16.042984
0.132027,16.042984
0.132148,16.042984
0.132269,16.042984
0.132390,16.042984
0.132511,16.042984
0.132632,16.042984
0.132753,16.042984
0.132874,16.042984
0.132995,16.042984
0.133116,16.042984
0.133237,16.042984
0.133358,16.042984
0.133479,16.042984
0.133600,16.042984
0.133721,16.042984
0.133842,16.042984
0.133963,16.042984
0.134084,16.042984
0.134205,16.042984
0.134326,16.042985
0.134447,16.042985
0.134568,16.042985
0.134689,16.042985
0.134810,16.042985
0.134931,16.042985
0.135052,16.042985
0.135173,16.042985
0.135294,16.042985
0.135415,16.042985
0.135536,16.042985
0.135657,16.042985
0.135778,16.042985
0.135899,16.042985
0.136020,16.042985
0.136141,16.042985
0.136262,16.042985
0.136383,16.042985
0.136504,16.042985
0.136625,16.042985
0.136746,16.042985
0.136867,16.042985
0.136988,16.042985
0.137109,16.042985
0.137230,16.042986
0.137351,16.042986
0.137472,16.042986
0.137593,16.042986
0.137714,16.042986
0.137835,16.042986
0.137956,16.042986
0.138077,16.042986
0.138198,16.042986
0.138319,16.042986
0.138440,16.042986
0.138561,16.042986
0.138682,16.042986
0.138803,16.042986
0.138924,16.042986
0.139045,16.042986
0.139166,16.042986
0.139287,16.042986
0.139408,16.042986
0.139529,16.042986
0.139650,16.042986
0.139771,16.042986
0.139892,16.042986
0.140013,16.042986
0.140135,16.042986
0.140256,16.042987
0.140377,16.042987
0.140498,16.042987
0.140619,16.042987
0.140740,16.042987
0.140861,16.042987
0.140982,16.042987
0.141103,16.042987
0.141224,16.042987
0.141345,16.042987
0.141466,16.042987
0.141587,16.042987
0.141708,16.042987
0.141829,16.042987
0.141950,16.042987
0.142071,16.042987
0.142192,16.042987
0.142313,16.042987
0.142434,16.042987
0.142555,16.042987
0.142676,16.042987
0.142797,16.042987
0.142918,16.042987
0.143039,16.042987
0.143160,16.042987
0.143281,16.042987
0.143402,16.042987
0.143523,16.042987
0.143644,16.042988
0.143765,16.042988
0.143886,16.042988
0.144007,16.042988
0.144128,16.042988
0.144249,16.042988
0.144370,16.042988
0.144491,16.042988
0.144612,16.042988
0.144733,16.042988
0.144854,16.042988
0.144975,16.042988
0.145096,16.042988
0.145217,16.042988
0.145338,16.042988
0.145459,16.042988
0.145580,16.042988
0.145701,16.042988
0.145822,16.042988
0.145943,16.042988
0.146064,16.042988
0.146185,16.042988
0.146306,16.042988
0.146427,16.042988
0.146548,16.042988
0.146669,16.042988
0.146790,16.042988
0.146911,16.042988
0.147032,16.042988
0.147153,16.042988
0.147274,16.042988
0.147395,16.042989
0.147516,16.042989
0.147637,16.042989
0.147758,16.042989
0.147879,16.042989
0.148000,16.042989
0.148121,16.042989
0.148242,16.042989
0.148363,16.042989
0.148485,16.042989
0.148606,16.042989
0.148727,16.042989
0.148848,16.042989
0.148969,16.042989
0.149090,16.042989
0.149211,16.042989
0.149332,16.042989
0.149453,16.042989
0.149574,16.042989
0.149695,16.042989
0.149816,16.042989
0.149937,16.042989
0.150058,16.042989
0.150179,16.042989
0.150300,16.042989
0.150421,16.042989
0.150542,16.042989
0.150663,16.042989
0.150784,16.042989
0.150905,16.042989
0.151026,16.042989
0.151147,16.042989
0.151268,16.042989
0.151389,16.042989
0.151510,16.042989
0.151631,16.042989
0.151752,16.042990
0.151873,16.042990
0.151994,16.042990
0.152115,16.042990
0.152236,16.042990
0.152357,16.042990
0.152478,16.042990
0.152599,16.042990
0.152720,16.042990
0.152841,16.042990
0.152962,16.042990
0.153083,16.042990
0.153204,16.042990
0.153325,16.042990
0.153446,16.042990
0.153567,16.042990
0.153688,16.042990
0.153809,16.042990
0.153930,16.042990
0.154051,16.042990
0.154172,16.042990
0.154293,16.042990
0.154414,16.042990
0.154535,16.042990
0.154656,16.042990
0.154777,16.042990
0.154898,16.042990
0.155019,16.042990
0.155140,16.042990
0.155261,16.042990
0.155382,16.042990
0.155503,16.042990
0.155624,16.042990
0.155745,16.042990
0.155866,16.042990
0.155987,16.042990
0.156108,16.042990
0.156229,16.042990
0.156350,16.042990
0.156471,16.042990
0.156592,16.042990
0.156713,16.042991
0.156834,16.042991
0.156955,16.042991
0.157076,16.042991
0.157197,16.042991
0.157318,16.042991
0.157439,16.042991
0.157561,16.042991
0.157682,16.042991
0.157803,16.042991
0.157924,16.042991
0.158045,16.042991
0.158166,16.042991
0.158287,16.042991
0.158408,16.042991
0.158529,16.042991
0.158650,16.042991
0.158771,16.042991
0.158892,16.042991
0.159013,16.042991
0.159134,16.042991
0.159255,16.042991
0.159376,16.042991
0.159497,16.042991
0.159618,16.042991
0.159739,16.042991
0.159860,16.042991
0.159981,16.042991
0.160102,16.042991
0.160223,16.042991
0.160344,16.042991
0.160465,16.042991
0.160586,16.042991
0.160707,16.042991
0.160828,16.042991
0.160949,16.042991
0.161070,16.042991
0.161191,16.042991
0.161312,16.042991
0.161433,16.042991
0.161554,16.042991
0.161675,16.042991
0.161796,16.042991
0.161917,16.042991
0.162038,16.042991
0.162159,16.042991
0.162280,16.042991
0.162401,16.042991
0.162522,16.042991
0.162643,16.042991
0.162764,16.042992
0.162885,16.042992
0.163006,16.042992
0.163127,16.042992
0.163248,16.042992
0.163369,16.042992
0.163490,16.042992
0.163611,16.042992
0.163732,16.042992
0.163853,16.042992
0.163974,16.042992
0.164095,16.042992
0.164216,16.042992
0.164337,16.042992
0.164458,16.042992
0.164579,16.042992
0.164700,16.042992
0.164821,16.042992
0.164942,16.042992
0.165063,16.042992
0.165184,16.042992
0.165305,16.042992
0.165426,16.042992
0.165547,16.042992
0.165668,16.042992
0.165789,16.042992
0.165911,16.042992
0.166032,16.042992
0.166153,16.042992
0.166274,16.042992
0.166395,16.042992
0.166516,16.042992
0.166637,16.042992
0.166758,16.042992
0.166879,16.042992
0.167000,16.042992
0.167121,16.042992
0.167242,16.042992
0.167363,16.042992
0.167484,16.042992
0.167605,16.042992
0.167726,16.042992
0.167847,16.042992
0.167968,16.042992
0.168089,16.042992
0.168210,16.042992
0.168331,16.042992
0.168452,16.042992
0.168573,16.042992
0.168694,16.042992
0.168815,16.042992
0.168936,16.042992
0.169057,16.042992
0.169178,16.042992
0.169299,16.042992
0.169420,16.042992
0.169541,16.042992
0.169662,16.042992
0.169783,16.042992
0.169904,16.042992
0.170025,16.042992
0.170146,16.042992
0.170267,16.042992
0.170388,16.042992
0.170509,16.042992
0.170630,16.042993
0.170751,16.042993
0.170872,16.042993
0.170993,16.042993
0.171114,16.042993
0.171235,16.042993
0.171356,16.042993
0.171477,16.042993
0.171598,16.042993
0.171719,16.042993
0.171840,16.042993
0.171961,16.042993
0.172082,16.042993
0.172203,16.042993
0.172324,16.042993
0.172445,16.042993
0.172566,16.042993
0.172687,16.042993
0.172808,16.042993
0.172929,16.042993
0.173050,16.042993
0.173171,16.042993
0.173292,16.042993
0.173413,16.042993
0.173534,16.042993
0.173655,16.042993
0.173776,16.042993
0.173897,16.042993
0.174018,16.042993
0.174139,16.042993
0.174261,16.042993
0.174382,16.042993
0.174503,16.042993
0.174624,16.042993
0.174745,16.042993
0.174866,16.042993
0.174987,16.042993
0.175108,16.042993
0.175229,16.042993
0.175350,16.042993
0.175471,16.042993
0.175592,16.042993
0.175713,16.042993
0.175834,16.042993
0.175955,16.042993
0.176076,16.042993
0.176197,16.042993
0.176318,16.042993
0.176439,16.042993
0.176560,16.042993
0.176681,16.042993
0.176802,16.042993
0.176923,16.042993
0.177044,16.042993
0.177165,16.042993
0.177286,16.042993
0.177407,16.042993
0.177528,16.042993
0.177649,16.042993
0.177770,16.042993
0.177891,16.042993
0.178012,16.042993
0.178133,16.042993
0.178254,16.042993
0.178375,16.042993
0.178496,16.042993
0.178617,16.042993
0.178738,16.042993
0.178859,16.042993
0.178980,16.042993
0.179101,16.042993
0.179222,16.042993
0.179343,16.042993
0.179464,16.042993
0.179585,16.042993
0.179706,16.042993
0.179827,16.042993
0.179948,16.042993
0.180069,16.042993
0.180190,16.042993
0.180311,16.042993
0.180432,16.042993
0.180553,16.042993
0.180674,16.042993
0.180795,16.042993
0.180916,16.042993
0.181037,16.042993
0.181158,16.042993
0.181279,16.042993
0.181400,16.042993
0.181521,16.042993
0.181642,16.042993
0.181763,16.042993
0.181884,16.042993
0.182005,16.042994
0.182126,16.042994
0.182247,16.042994
0.182368,16.042994
0.182489,16.042994
0.182611,16.042994
0.182732,16.042994
0.182853,16.042994
0.182974,16.042994
0.183095,16.042994
0.183216,16.042994
0.183337,16.042994
0.183458,16.042994
0.183579,16.042994
0.183700,16.042994
0.183821,16.042994
0.183942,16.042994
0.184063,16.042994
0.184184,16.042994
0.184305,16.042994
0.184426,16.042994
0.184547,16.042994
0.184668,16.042994
0.184789,16.042994
0.184910,16.042994
0.185031,16.042994
0.185152,16.042994
0.185273,16.042994
0.185394,16.042994
0.185515,16.042994
0.185636,16.042994
0.185757,16.042994
0.185878,16.042994
0.185999,16.042994
0.186120,16.042994
0.186241,16.042994
0.186362,16.042994
0.186483,16.042994
0.186604,16.042994
0.186725,16.042994
0.186846,16.042994
0.186967,16.042994
0.187088,16.042994
0.187209,16.042994
0.187330,16.042994
0.187451,16.042994
0.187572,16.042994
0.187693,16.042994
0.187814,16.042994
0.187935,16.042994
0.188056,16.042994
0.188177,16.042994
0.188298,16.042994
0.188419,16.042994
0.188540,16.042994
0.188661,16.042994
0.188782,16.042994
0.188903,16.042994
0.189024,16.042994
0.189145,16.042994
0.189266,16.042994
0.189387,16.042994
0.189508,16.042994
0.189629,16.042994
0.189750,16.042994
0.189871,16.042994
0.189992,16.042994
0.190113,16.042994
0.190234,16.042994
0.190355,16.042994
0.190476,16.042994
0.190597,16.042994
0.190718,16.042994
0.190839,16.042994
0.190960,16.042994
0.191081,16.042994
0.191202,16.042994
0.191323,16.042994
0.191444,16.042994
0.191566,16.042994
0.191687,16.042994
0.191808,16.042994
0.191929,16.042994
0.192050,16.042994
0.192171,16.042994
0.192292,16.042994
0.192413,16.042994
0.192534,16.042994
0.192655,16.042994
0.192776,16.042994
0.192897,16.042994
0.193018,16.042994
0.193139,16.042994
0.193260,16.042994
0.193381,16.042994
0.193502,16.042994
0.193623,16.042994
0.193744,16.042994
0.193865,16.042994
0.193986,16.042994
0.194107,16.042994
0.194228,16.042994
0.194349,16.042994
0.194470,16.042994
0.194591,16.042994
0.194712,16.042994
0.194833,16.042994
0.194954,16.042994
0.195075,16.042994
0.195196,16.042994
0.195317,16.042994
0.195438,16.042994
0.195559,16.042994
0.195680,16.042994
0.195801,16.042994
0.195922,16.042994
0.196043,16.042994
0.196164,16.042994
0.196285,16.042994
0.196406,16.042994
0.196527,16.042994
0.196648,16.042994
0.196769,16.042994
0.196890,16.042994
0.197011,16.042994
0.197132,16.042994
0.197253,16.042994
0.197374,16.042994
0.197495,16.042994
0.197616,16.042994
0.197737,16.042994
0.197858,16.042994
0.197979,16.042994
0.198100,16.042994
0.198221,16.042994
0.198342,16.042994
0.198463,16.042994
0.198584,16.042994
0.198705,16.042994
0.198826,16.042994
0.198947,16.042994
0.199068,16.042994
0.199189,16.042994
0.199310,16.042994
0.199431,16.042994
0.199552,16.042994
0.199673,16.042994
0.199794,16.042994
0.199916,16.042994
0.200037,16.042994
0.200158,16.042994
0.200279,16.042994
0.200400,16.042994
0.200521,16.042994
0.200642,16.042994
0.200763,16.042994
0.200884,16.042994
0.201005,16.042994
0.201126,16.042994
0.201247,16.042994
0.201368,16.042995
0.201489,16.042995
0.201610,16.042995
0.201731,16.042995
0.201852,16.042995
0.201973,16.042995
0.202094,16.042995
0.202215,16.042995
0.202336,16.042995
0.202457,16.042995
0.202578,16.042995
0.202699,16.042995
0.202820,16.042995
0.202941,16.042995
0.203062,16.042995
0.203183,16.042995
0.203304,16.042995
0.203425,16.042995
0.203546,16.042995
0.203667,16.042995
0.203788,16.042995
0.203909,16.042995
0.204030,16.042995
0.204151,16.042995
0.204272,16.042995
0.204393,16.042995
0.204514,16.042995
0.204635,16.042995
0.204756,16.042995
0.204877,16.042995
0.204998,16.042995
0.205119,16.042995
0.205240,16.042995
0.205361,16.042995
0.205482,16.042995
0.205603,16.042995
0.205724,16.042995
0.205845,16.042995
0.205966,16.042995
0.206087,16.042995
0.206208,16.042995
0.206329,16.042995
0.206450,16.042995
0.206571,16.042995
0.206692,16.042995
0.206813,16.042995
0.206934,16.042995
0.207055,16.042995
0.207176,16.042995
0.207297,16.042995
0.207418,16.042995
0.207539,16.042995
0.207660,16.042995
0.207781,16.042995
0.207902,16.042995
0.208023,16.042995
0.208144,16.042995
0.208266,16.042995
0.208387,16.042995
0.208508,16.042995
0.208629,16.042995
0.208750,16.042995
0.208871,16.042995
0.208992,16.042995
0.209113,16.042995
0.209234,16.042995
0.209355,16.042995
0.209476,16.042995
0.209597,16.042995
0.209718,16.042995
0.209839,16.042995
0.209960,16.042995
0.210081,16.042995
0.210202,16.042995
0.210323,16.042995
0.210444,16.042995
0.210565,16.042995
0.210686,16.042995
0.210807,16.042995
0.210928,16.042995
0.211049,16.042995
0.211170,16.042995
0.211291,16.042995
0.211412,16.042995
0.211533,16.042995
0.211654,16.042995
0.211775,16.042995
0.211896,16.042995
0.212017,16.042995
0.212138,16.042995
0.212259,16.042995
0.212380,16.042995
0.212501,16.042995
0.212622,16.042995
0.212743,16.042995
0.212864,16.042995
0.212985,16.042995
0.213106,16.042995
0.213227,16.042995
0.213348,16.042995
0.213469,16.042995
0.213590,16.042995
0.213711,16.042995
0.213832,16.042995
0.213953,16.042995
0.214074,16.042995
0.214195,16.042995
0.214316,16.042995
0.214437,16.042995
0.214558,16.042995
0.214679,16.042995
0.214800,16.042995
0.214921,16.042995
0.215042,16.042995
0.215163,16.042995
0.215284,16.042995
0.215405,16.042995
0.215526,16.042995
0.215647,16.042995
0.215768,16.042995
0.215889,16.042995
0.216010,16.042995
0.216131,16.042995
0.216252,16.042995
0.216373,16.042995
0.216494,16.042995
0.216616,16.042995
0.216737,16.042995
0.216858,16.042995
0.216979,16.042995
0.217100,16.042995
0.217220,16.042995
0.217342,16.042995
0.217463,16.042995
0.217584,16.042995
0.217705,16.042995
0.217826,16.042995
0.217947,16.042995
0.218068,16.042995
0.218189,16.042995
0.218310,16.042995
0.218431,16.042995
0.218552,16.042995
0.218673,16.042995
0.218794,16.042995
0.218915,16.042995
0.219036,16.042995
0.219157,16.042995
0.219278,16.042995
0.219399,16.042995
0.219520,16.042995
0.219641,16.042995
0.219762,16.042995
0.219883,16.042995
0.220004,16.042995
0.220125,16.042995
0.220246,16.042995
0.220367,16.042995
0.220488,16.042995
0.220609,16.042995
0.220730,16.042995
0.220851,16.042995
0.220972,16.042995
0.221093,16.042995
0.221214,16.042995
0.221335,16.042995
0.221456,16.042995
0.221577,16.042995
0.221698,16.042995
0.221819,16.042995
0.221940,16.042995
0.222061,16.042995
0.222182,16.042995
0.222303,16.042995
0.222424,16.042995
0.222545,16.042995
0.222666,16.042995
0.222787,16.042995
0.222908,16.042995
0.223029,16.042995
0.223150,16.042995
0.223271,16.042995
0.223392,16.042995
0.223513,16.042995
0.223634,16.042995
0.223755,16.042995
0.223876,16.042995
0.223997,16.042995
0.224118,16.042995
0.224239,16.042995
0.224360,16.042995
0.224481,16.042995
0.224602,16.042995
0.224723,16.042995
0.224844,16.042995
0.224965,16.042995
0.225086,16.042995
0.225207,16.042995
0.225328,16.042995
0.225449,16.042995
0.225570,16.042995
0.225692,16.042995
0.225813,16.042995
0.225934,16.042995
0.226055,16.042995
0.226176,16.042995
0.226297,16.042995
0.226418,16.042995
0.226539,16.042995
0.226660,16.042995
0.226781,16.042995
0.226902,16.042995
0.227023,16.042995
0.227144,16.042995
0.227265,16.042995
0.227386,16.042995
0.227507,16.042995
0.227628,16.042995
0.227749,16.042995
0.227870,16.042995
0.227991,16.042995
0.228112,16.042995
0.228233,16.042995
0.228354,16.042995
0.228475,16.042995
0.228596,16.042995
0.228717,16.042995
0.228838,16.042995
0.228959,16.042995
0.229080,16.042995
0.229201,16.042995
0.229322,16.042995
0.229443,16.042995
0.229564,16.042995
0.229685,16.042995
0.229806,16.042995
0.229927,16.042995
0.230048,16.042995
0.230169,16.042995
0.230290,16.042995
0.230411,16.042995
0.230532,16.042995
0.230653,16.042995
0.230774,16.042995
0.230895,16.042995
0.231016,16.042995
0.231137,16.042995
0.231258,16.042995
0.231379,16.042995
0.231500,16.042995
0.231621,16.042995
0.231742,16.042995
0.231863,16.042995
0.231984,16.042995
0.232105,16.042995
0.232226,16.042995
0.232347,16.042995
0.232468,16.042995
0.232589,16.042995
0.232710,16.042995
0.232831,16.042995
0.232952,16.042995
0.233073,16.042995
0.233194,16.042995
0.233315,16.042995
0.233436,16.042995
0.233557,16.042995
0.233678,16.042995
0.233799,16.042995
0.233920,16.042995
0.234042,16.042995
0.234163,16.042995
0.234284,16.042995
0.234405,16.042995
0.234526,16.042995
0.234647,16.042995
0.234768,16.042995
0.234889,16.042995
0.235010,16.042995
0.235131,16.042995
0.235252,16.042995
0.235373,16.042995
0.235494,16.042995
0.235615,16.042995
0.235736,16.042995
0.235857,16.042995
0.235978,16.042995
0.236099,16.042995
0.236220,16.042995
0.236341,16.042995
0.236462,16.042995
0.236583,16.042995
0.236704,16.042995
0.236825,16.042995
0.236946,16.042995
0.237067,16.042995
0.237188,16.042995
0.237309,16.042995
0.237430,16.042995
0.237551,16.042995
0.237672,16.042995
0.237793,16.042995
0.237914,16.042995
0.238035,16.042995
0.238156,16.042995
0.238277,16.042995
0.238398,16.042995
0.238519,16.042995
0.238640,16.042995
0.238761,16.042995
0.238882,16.042995
0.239003,16.042995
0.239124,16.042995
0.239245,16.042995
0.239366,16.042995
0.239487,16.042995
0.239608,16.042995
0.239729,16.042995
0.239850,16.042995
0.239971,16.042995
0.240092,16.042995
0.240213,16.042995
0.240334,16.042995
0.240455,16.042995
0.240576,16.042995
0.240697,16.042995
0.240818,16.042995
0.240939,16.042995
0.241060,16.042995
0.241181,16.042995
0.241302,16.042995
0.241423,16.042995
0.241544,16.042995
0.241665,16.042995
0.241786,16.042995
0.241907,16.042995
0.242028,16.042995
0.242149,16.042995
0.242270,16.042995
0.242392,16.042995
0.242513,16.042995
0.242634,16.042995
0.242755,16.042995
0.242876,16.042995
0.242997,16.042995
0.243118,16.042995
0.243239,16.042995
0.243360,16.042995
0.243481,16.042995
0.243602,16.042995
0.243723,16.042995
0.243844,16.042995
0.243965,16.042995
0.244086,16.042995
0.244207,16.042995
0.244328,16.042995
0.244449,16.042995
0.244570,16.042995
0.244691,16.042995
0.244812,16.042995
0.244933,16.042995
0.245054,16.042995
0.245175,16.042995
0.245296,16.042995
0.245417,16.042995
0.245538,16.042995
0.245659,16.042995
0.245780,16.042995
0.245901,16.042995
0.246022,16.042995
0.246143,16.042995
0.246264,16.042995
0.246385,16.042995
0.246506,16.042995
0.246627,16.042995
0.246748,16.042995
0.246869,16.042995
0.246990,16.042995
0.247111,16.042995
0.247232,16.042995
0.247353,16.042995
0.247474,16.042995
0.247595,16.042995
0.247716,16.042995
0.247837,16.042995
0.247958,16.042995
0.248079,16.042995
0.248200,16.042995
0.248321,16.042995
0.248442,16.042995
0.248563,16.042995
0.248684,16.042995
0.248805,16.042995
0.248926,16.042995
0.249047,16.042995
0.249168,16.042995
0.249289,16.042995
0.249410,16.042995
0.249531,16.042995
0.249652,16.042995
0.249773,16.042995
0.249894,16.042995
0.250015,16.042995
0.250136,16.042995
0.250257,16.042995
0.250378,16.042995
0.250499,16.042995
0.250620,16.042995
0.250742,16.042995
0.250863,16.042995
0.250984,16.042995
0.251105,16.042995
0.251225,16.042995
0.251346,16.042995
0.251468,16.042995
0.251589,16.042995
0.251710,16.042995
0.251831,16.042995
0.251952,16.042995
0.252073,16.042995
0.252194,16.042995
0.252315,16.042995
0.252436,16.042995
0.252557,16.042995
0.252678,16.042995
0.252799,16.042995
0.252920,16.042995
0.253041,16.042995
0.253162,16.042995
0.253283,16.042995
0.253404,16.042995
0.253525,16.042995
0.253646,16.042995
0.253767,16.042995
0.253888,16.042995
0.254009,16.042995
0.254130,16.042995
0.254251,16.042995
0.254372,16.042995
0.254493,16.042995
0.254614,16.042995
0.254735,16.042995
0.254856,16.042995
0.254977,16.042995
0.255098,16.042995
0.255219,16.042995
0.255340,16.042995
0.255461,16.042995
0.255582,16.042995
0.255703,16.042995
0.255824,16.042995
0.255945,16.042995
0.256066,16.042995
0.256187,16.042995
0.256308,16.042995
0.256429,16.042995
0.256550,16.042995
0.256671,16.042995
0.256792,16.042995
0.256913,16.042995
0.257034,16.042995
0.257155,16.042995
0.257276,16.042995
0.257397,16.042995
0.257518,16.042995
0.257639,16.042995
0.257760,16.042995
0.257881,16.042995
0.258002,16.042995
0.258123,16.042995
0.258244,16.042995
0.258365,16.042995
0.258486,16.042995
0.258607,16.042995
0.258728,16.042995
0.258849,16.042995
0.258970,16.042995
0.259091,16.042995
0.259212,16.042995
0.259333,16.042995
0.259454,16.042995
0.259575,16.042995
0.259697,16.042995
0.259818,16.042995
0.259939,16.042995
0.260060,16.042995
0.260181,16.042995
0.260302,16.042995
0.260423,16.042995
0.260544,16.042995
0.260665,16.042995
0.260786,16.042995
0.260907,16.042995
0.261028,16.042995
0.261149,16.042995
0.261270,16.042995
0.261391,16.042995
0.261512,16.042995
0.261633,16.042995
0.261754,16.042995
0.261875,16.042995
0.261996,16.042995
0.262117,16.042995
0.262238,16.042995
0.262359,16.042995
0.262480,16.042995
0.262601,16.042995
0.262722,16.042995
0.262843,16.042995
0.262964,16.042995
0.263085,16.042995
0.263206,16.042995
0.263327,16.042995
0.263448,16.042995
0.263569,16.042995
0.263690,16.042995
0.263811,16.042995
0.263932,16.042995
0.264053,16.042995
0.264174,16.042995
0.264295,16.042995
0.264416,16.042995
0.264537,16.042995
0.264658,16.042995
0.264779,16.042995
0.264900,16.042995
0.265021,16.042995
0.265142,16.042995
0.265263,16.042995
0.265384,16.042995
0.265505,16.042995
0.265626,16.042995
0.265747,16.042995
0.265868,16.042995
0.265989,16.042995
0.266110,16.042995
0.266231,16.042995
0.266352,16.042995
0.266473,16.042995
0.266594,16.042995
0.266715,16.042995
0.266836,16.042995
0.266957,16.042995
0.267078,16.042995
0.267199,16.042995
0.267320,16.042995
0.267441,16.042995
0.267562,16.042995
0.267683,16.042995
0.267804,16.042995
0.267925,16.042995
0.268047,16.042995
0.268168,16.042995
0.268289,16.042995
0.268410,16.042995
0.268531,16.042995
0.268652,16.042995
0.268773,16.042995
0.268894,16.042995
0.269015,16.042995
0.269136,16.042995
0.269257,16.042995
0.269378,16.042995
0.269499,16.042995
0.269620,16.042995
0.269741,16.042995
0.269862,16.042995
0.269983,16.042995
0.270104,16.042995
0.270225,16.042995
0.270346,16.042995
0.270467,16.042995
0.270588,16.042995
0.270709,16.042995
0.270830,16.042995
0.270951,16.042995
0.271072,16.042995
0.271193,16.042995
0.271314,16.042995
0.271435,16.042995
0.271556,16.042995
0.271677,16.042995
0.271798,16.042995
0.271919,16.042995
0.272040,16.042995
0.272161,16.042995
0.272282,16.042995
0.272403,16.042995
0.272524,16.042995
0.272645,16.042995
0.272766,16.042995
0.272887,16.042995
0.273008,16.042995
0.273129,16.042995
0.273250,16.042995
0.273371,16.042995
0.273492,16.042995
0.273613,16.042995
0.273734,16.042995
0.273855,16.042995
0.273976,16.042995
0.274097,16.042995
0.274218,16.042995
0.274339,16.042995
0.274460,16.042995
0.274581,16.042995
0.274702,16.042995
0.274823,16.042995
0.274944,16.042995
0.275065,16.042995
0.275186,16.042995
0.275307,16.042995
0.275428,16.042995
0.275549,16.042995
0.275670,16.042995
0.275791,16.042995
0.275912,16.042995
0.276033,16.042995
0.276154,16.042995
0.276275,16.042995
0.276396,16.042995
0.276518,16.042995
0.276639,16.042995
0.276760,16.042995
0.276881,16.042995
0.277002,16.042995
0.277123,16.042995
0.277244,16.042995
0.277365,16.042995
0.277486,16.042995
0.277607,16.042995
0.277728,16.042995
0.277849,16.042995
0.277970,16.042995
0.278091,16.042995
0.278212,16.042995
0.278333,16.042995
0.278454,16.042995
0.278575,16.042995
0.278696,16.042995
0.278817,16.042995
0.278938,16.042995
0.279059,16.042995
0.279180,16.042995
0.279301,16.042995
0.279422,16.042995
0.279543,16.042995
0.279664,16.042995
0.279785,16.042995
0.279906,16.042995
0.280027,16.042995
0.280148,16.042995
0.280269,16.042995
0.280390,16.042995
0.280511,16.042995
0.280632,16.042995
0.280753,16.042995
0.280874,16.042995
0.280995,16.042995
0.281116,16.042995
0.281237,16.042995
0.281358,16.042995
0.281479,16.042995
0.281600,16.042995
0.281721,16.042995
0.281842,16.042995
0.281963,16.042995
0.282084,16.042995
0.282205,16.042995
0.282326,16.042995
0.282447,16.042995
0.282568,16.042995
0.282689,16.042995
0.282810,16.042995
0.282931,16.042995
0.283052,16.042995
0.283173,16.042995
0.283294,16.042995
0.283415,16.042995
0.283536,16.042995
0.283657,16.042995
0.283778,16.042995
0.283899,16.042995
0.284020,16.042995
0.284141,16.042995
0.284262,16.042995
0.284383,16.042995
0.284504,16.042995
0.284625,16.042995
0.284746,16.042995
0.284868,16.042995
0.284989,16.042995
0.285110,16.042995
0.285230,16.042995
0.285351,16.042995
0.285473,16.042995
0.285594,16.042995
0.285715,16.042995
0.285836,16.042995
0.285957,16.042995
0.286078,16.042995
0.286199,16.042995
0.286320,16.042995
0.286441,16.042995
0.286562,16.042995
0.286683,16.042995
0.286804,16.042995
0.286925,16.042995
0.287046,16.042995
0.287167,16.042995
0.287288,16.042995
0.287409,16.042995
0.287530,16.042995
0.287651,16.042995
0.287772,16.042995
0.287893,16.042995
0.288014,16.042995
0.288135,16.042995
0.288256,16.042995
0.288377,16.042995
0.288498,16.042995
0.288619,16.042995
0.288740,16.042995
0.288861,16.042995
0.288982,16.042995
0.289103,16.042995
0.289224,16.042995
0.289345,16.042995
0.289466,16.042995
0.289587,16.042995
0.289708,16.042995
0.289829,16.042995
0.289950,16.042995
0.290071,16.042995
0.290192,16.042995
0.290313,16.042995
0.290434,16.042995
0.290555,16.042995
0.290676,16.042995
0.290797,16.042995
0.290918,16.042995
0.291039,16.042995
0.291160,16.042995
0.291281,16.042995
0.291402,16.042995
0.291523,16.042995
0.291644,16.042995
0.291765,16.042995
0.291886,16.042995
0.292007,16.042995
0.292128,16.042995
0.292249,16.042995
0.292370,16.042995
0.292491,16.042995
0.292612,16.042995
0.292733,16.042995
0.292854,16.042995
0.292975,16.042995
0.293096,16.042995
0.293217,16.042995
0.293338,16.042995
0.293459,16.042995
0.293580,16.042994
0.293701,16.042994
0.293823,16.042994
0.293944,16.042994
0.294065,16.042994
0.294186,16.042994
0.294307,16.042994
0.294428,16.042994
0.294549,16.042994
0.294670,16.042994
0.294791,16.042994
0.294912,16.042994
0.295033,16.042994
0.295154,16.042994
0.295275,16.042994
0.295396,16.042994
0.295517,16.042994
0.295638,16.042994
0.295759,16.042994
0.295880,16.042994
0.296001,16.042994
0.296122,16.042994
0.296243,16.042994
0.296364,16.042994
0.296485,16.042994
0.296606,16.042994
0.296727,16.042994
0.296848,16.042994
0.296969,16.042994
0.297090,16.042994
0.297211,16.042994
0.297332,16.042994
0.297453,16.042994
0.297574,16.042994
0.297695,16.042994
0.297816,16.042994
0.297937,16.042994
0.298058,16.042994
0.298179,16.042994
0.298300,16.042994
0.298421,16.042994
0.298542,16.042994
0.298663,16.042994
0.298784,16.042994
0.298905,16.042994
0.299026,16.042994
0.299147,16.042994
0.299268,16.042994
0.299389,16.042994
0.299510,16.042994
0.299631,16.042994
0.299752,16.042994
0.299873,16.042994
0.299994,16.042994
0.300115,16.042994
0.300236,16.042994
0.300357,16.042994
0.300478,16.042994
0.300599,16.042994
0.300720,16.042994
0.300841,16.042994
0.300962,16.042994
0.301083,16.042994
0.301204,16.042994
0.301325,16.042994
0.301446,16.042994
0.301567,16.042994
0.301688,16.042994
0.301809,16.042994
0.301930,16.042994
0.302051,16.042994
0.302173,16.042994
0.302294,16.042994
0.302415,16.042994
0.302536,16.042994
0.302657,16.042994
0.302778,16.042994
0.302899,16.042994
0.303020,16.042994
0.303141,16.042994
0.303262,16.042994
0.303383,16.042994
0.303504,16.042994
0.303625,16.042994
0.303746,16.042994
0.303867,16.042994
0.303988,16.042994
0.304109,16.042994
0.304230,16.042994
0.304351,16.042994
0.304472,16.042994
0.304593,16.042994
0.304714,16.042994
0.304835,16.042994
0.304956,16.042994
0.305077,16.042994
0.305198,16.042994
0.305319,16.042994
0.305440,16.042994
0.305561,16.042994
0.305682,16.042994
0.305803,16.042994
0.305924,16.042994
0.306045,16.042994
0.306166,16.042994
0.306287,16.042994
0.306408,16.042994
0.306529,16.042994
0.306650,16.042994
0.306771,16.042994
0.306892,16.042994
0.307013,16.042994
0.307134,16.042994
0.307255,16.042994
0.307376,16.042994
0.307497,16.042994
0.307618,16.042994
0.307739,16.042994
0.307860,16.042994
0.307981,16.042994
0.308102,16.042994
0.308223,16.042994
0.308344,16.042994
0.308465,16.042994
0.308586,16.042994
0.308707,16.042994
0.308828,16.042994
0.308949,16.042994
0.309070,16.042994
0.309191,16.042994
0.309312,16.042994
0.309433,16.042994
0.309554,16.042994
0.309675,16.042994
0.309796,16.042994
0.309917,16.042994
0.310038,16.042994
0.310159,16.042994
0.310280,16.042994
0.310401,16.042994
0.310523,16.042994
0.310644,16.042994
0.310765,16.042994
0.310886,16.042994
0.311007,16.042994
0.311128,16.042994
0.311249,16.042994
0.311370,16.042994
0.311491,16.042994
0.311612,16.042994
0.311733,16.042994
0.311854,16.042994
0.311975,16.042994
0.312096,16.042994
0.312217,16.042994
0.312338,16.042994
0.312459,16.042994
0.312580,16.042994
0.312701,16.042994
0.312822,16.042994
0.312943,16.042994
0.313064,16.042994
0.313185,16.042994
0.313306,16.042994
0.313427,16.042994
0.313548,16.042994
0.313669,16.042994
0.313790,16.042994
0.313911,16.042994
0.314032,16.042994
0.314153,16.042994
0.314274,16.042994
0.314395,16.042994
0.314516,16.042994
0.314637,16.042994
0.314758,16.042994
0.314879,16.042994
0.315000,16.042994
0.315121,16.042994
0.315242,16.042994
0.315363,16.042994
0.315484,16.042994
0.315605,16.042994
0.315726,16.042994
0.315847,16.042994
0.315968,16.042994
0.316089,16.042994
0.316210,16.042994
0.316331,16.042994
0.316452,16.042994
0.316573,16.042994
0.316694,16.042994
0.316815,16.042994
0.316936,16.042994
0.317057,16.042994
0.317178,16.042994
0.317299,16.042994
0.317420,16.042994
0.317541,16.042994
0.317662,16.042994
0.317783,16.042994
0.317904,16.042994
0.318025,16.042994
0.318146,16.042994
0.318267,16.042994
0.318388,16.042994
0.318509,16.042994
0.318630,16.042994
0.318751,16.042994
0.318872,16.042994
0.318994,16.042994
0.319115,16.042994
0.319235,16.042994
0.319356,16.042994
0.319477,16.042994
0.319599,16.042994
0.319720,16.042994
0.319841,16.042994
0.319962,16.042994
0.320083,16.042994
0.320204,16.042994
0.320325,16.042994
0.320446,16.042994
0.320567,16.042994
0.320688,16.042994
0.320809,16.042994
0.320930,16.042994
0.321051,16.042994
0.321172,16.042994
0.321293,16.042994
0.321414,16.042994
0.321535,16.042994
0.321656,16.042994
0.321777,16.042994
0.321898,16.042994
0.322019,16.042994
0.322140,16.042994
0.322261,16.042994
0.322382,16.042994
0.322503,16.042994
0.322624,16.042994
0.322745,16.042994
0.322866,16.042994
0.322987,16.042994
0.323108,16.042994
0.323229,16.042994
0.323350,16.042994
0.323471,16.042994
0.323592,16.042994
0.323713,16.042994
0.323834,16.042994
0.323955,16.042994
0.324076,16.042994
0.324197,16.042994
0.324318,16.042994
0.324439,16.042994
0.324560,16.042994
0.324681,16.042994
0.324802,16.042994
0.324923,16.042994
0.325044,16.042994
0.325165,16.042994
0.325286,16.042994
0.325407,16.042994
0.325528,16.042994
0.325649,16.042994
0.325770,16.042994
0.325891,16.042994
0.326012,16.042994
0.326133,16.042994
0.326254,16.042994
0.326375,16.042994
0.326496,16.042994
0.326617,16.042994
0.326738,16.042994
0.326859,16.042994
0.326980,16.042994
0.327101,16.042994
0.327222,16.042994
0.327343,16.042994
0.327464,16.042994
0.327585,16.042994
0.327706,16.042994
0.327827,16.042994
0.327949,16.042994
0.328070,16.042994
0.328191,16.042994
0.328312,16.042994
0.328433,16.042994
0.328554,16.042994
0.328675,16.042994
0.328796,16.042994
0.328917,16.042994
0.329038,16.042994
0.329159,16.042994
0.329280,16.042994
0.329401,16.042994
0.329522,16.042994
0.329643,16.042994
0.329764,16.042994
0.329885,16.042994
0.330006,16.042994
0.330127,16.042994
0.330248,16.042994
0.330369,16.042994
0.330490,16.042994
0.330611,16.042994
0.330732,16.042994
0.330853,16.042994
0.330974,16.042994
0.331095,16.042994
0.331216,16.042994
0.331337,16.042994
0.331458,16.042994
0.331579,16.042994
0.331700,16.042994
0.331821,16.042994
0.331942,16.042994
0.332063,16.042994
0.332184,16.042994
0.332305,16.042994
0.332426,16.042994
0.332547,16.042994
0.332668,16.042994
0.332789,16.042994
0.332910,16.042994
0.333031,16.042994
0.333152,16.042994
0.333273,16.042994
0.333394,16.042994
0.333515,16.042994
0.333636,16.042994
0.333757,16.042994
0.333878,16.042994
0.333999,16.042994
0.334120,16.042994
0.334241,16.042994
0.334362,16.042994
0.334483,16.042994
0.334604,16.042994
0.334725,16.042994
0.334846,16.042994
0.334967,16.042994
0.335088,16.042994
0.335209,16.042994
0.335330,16.042994
0.335451,16.042994
0.335572,16.042994
0.335693,16.042994
0.335814,16.042994
0.335935,16.042994
0.336056,16.042994
0.336177,16.042994
0.336299,16.042994
0.336420,16.042994
0.336541,16.042994
0.336662,16.042994
0.336783,16.042994
0.336904,16.042994
0.337025,16.042994
0.337146,16.042994
0.337267,16.042994
0.337388,16.042994
0.337509,16.042994
0.337630,16.042994
0.337751,16.042994
0.337872,16.042994
0.337993,16.042994
0.338114,16.042994
0.338235,16.042994
0.338356,16.042994
0.338477,16.042994
0.338598,16.042994
0.338719,16.042994
0.338840,16.042994
0.338961,16.042994
0.339082,16.042994
0.339203,16.042994
0.339324,16.042994
0.339445,16.042994
0.339566,16.042994
0.339687,16.042994
0.339808,16.042994
0.339929,16.042994
0.340050,16.042994
0.340171,16.042994
0.340292,16.042994
0.340413,16.042994
0.340534,16.042994
0.340655,16.042994
0.340776,16.042994
0.340897,16.042994
0.341018,16.042994
0.341139,16.042994
0.341260,16.042994
0.341381,16.042994
0.341502,16.042994
0.341623,16.042994
0.341744,16.042994
0.341865,16.042994
0.341986,16.042994
0.342107,16.042994
0.342228,16.042994
0.342349,16.042994
0.342470,16.042994
0.342591,16.042994
0.342712,16.042994
0.342833,16.042994
0.342954,16.042994
0.343076,16.042994
0.343197,16.042994
0.343319,16.042994
0.343442,16.042994
0.343566,16.042994
0.343690,16.042994
0.343817,16.042994
0.343945,16.042994
0.344076,16.042994
0.344209,16.042994
0.344345,16.042994
0.344480,16.042994
0.344616,16.042994
0.344752,16.042994
0.344887,16.042994
0.345023,16.042994
0.345158,16.042994
0.345294,16.042994
0.345429,16.042994
0.345565,16.042994
0.345700,16.042994
0.345836,16.042994
0.345972,16.042994
0.346107,16.042994
0.346243,16.042994
0.346378,16.042994
0.346514,16.042994
0.346649,16.042994
0.346785,16.042994
0.346920,16.042994
0.347056,16.042994
0.347192,16.042994
0.347327,16.042994
0.347463,16.042994
0.347598,16.042994
0.347734,16.042994
0.347869,16.042994
0.348005,16.042994
0.348140,16.042994
0.348276,16.042994
0.348412,16.042994
0.348547,16.042994
0.348683,16.042994
0.348818,16.042994
0.348954,16.042994
0.349089,16.042994
0.349225,16.042994
0.349361,16.042994
0.349496,16.042994
0.349632,16.042994
0.349767,16.042994
0.349903,16.042994
0.350038,16.042994
0.350174,16.042994
0.350309,16.042994
0.350445,16.042994
0.350581,16.042994
0.350716,16.042994
0.350852,16.042994
0.350987,16.042994
0.351123,16.042994
0.351258,16.042994
0.351394,16.042994
0.351529,16.042994
0.351665,16.042994
0.351801,16.042994
0.351936,16.042994
0.352072,16.042994
0.352207,16.042994
0.352343,16.042994
0.352478,16.042994
0.352614,16.042994
0.352750,16.042994
0.352885,16.042994
0.353021,16.042994
0.353156,16.042994
0.353292,16.042994
0.353427,16.042994
0.353563,16.042994
0.353698,16.042994
0.353834,16.042994
0.353970,16.042994
0.354105,16.042994
0.354241,16.042994
0.354376,16.042994
0.354512,16.042994
0.354647,16.042994
0.354783,16.042994
0.354919,16.042994
0.355054,16.042994
0.355190,16.042994
0.355325,16.042994
0.355461,16.042994
0.355596,16.042994
0.355732,16.042994
0.355867,16.042994
0.356003,16.042994
0.356139,16.042994
0.356274,16.042994
0.356410,16.042994
0.356545,16.042994
0.356681,16.042994
0.356816,16.042994
0.356952,16.042994
0.357088,16.042994
0.357223,16.042994
0.357359,16.042994
0.357494,16.042994
0.357630,16.042994
0.357765,16.042994
0.357901,16.042994
0.358037,16.042994
0.358172,16.042994
0.358308,16.042994
0.358443,16.042994
0.358579,16.042994
0.358714,16.042994
0.358850,16.042994
0.358985,16.042994
0.359121,16.042994
0.359257,16.042994
0.359392,16.042994
0.359528,16.042994
0.359663,16.042994
0.359799,16.042994
0.359934,16.042994
0.360070,16.042994
0.360206,16.042994
0.360341,16.042994
0.360477,16.042994
0.360612,16.042994
0.360748,16.042994
0.360883,16.042994
0.361019,16.042994
0.361155,16.042994
0.361290,16.042994
0.361426,16.042994
0.361561,16.042994
0.361697,16.042994
0.361832,16.042994
0.361968,16.042994
0.362104,16.042994
0.362239,16.042994
0.362375,16.042994
0.362510,16.042994
0.362646,16.042994
0.362781,16.042994
0.362917,16.042994
0.363053,16.042994
0.363188,16.042994
0.363324,16.042994
0.363459,16.042994
0.363595,16.042994
0.363730,16.042994
0.363866,16.042994
0.364002,16.042994
0.364137,16.042994
0.364273,16.042994
0.364408,16.042994
0.364544,16.042994
0.364679,16.042994
0.364815,16.042994
0.364951,16.042994
0.365086,16.042994
0.365222,16.042994
0.365357,16.042994
0.365493,16.042994
0.365628,16.042994
0.365764,16.042994
0.365900,16.042994
0.366035,16.042994
0.366171,16.042994
0.366306,16.042994
0.366442,16.042994
0.366577,16.042994
0.366713,16.042994
0.366849,16.042994
0.366984,16.042994
0.367120,16.042994
0.367255,16.042994
0.367391,16.042994
0.367526,16.042994
0.367662,16.042994
0.367798,16.042994
0.367933,16.042994
0.368069,16.042994
0.368204,16.042994
0.368340,16.042994
0.368475,16.042994
0.368611,16.042994
0.368747,16.042994
0.368882,16.042994
0.369018,16.042994
0.369153,16.042994
0.369289,16.042994
0.369424,16.042994
0.369560,16.042994
0.369696,16.042994
0.369831,16.042994
0.369967,16.042994
0.370102,16.042994
0.370238,16.042994
0.370374,16.042994
0.370509,16.042994
0.370645,16.042994
0.370780,16.042994
0.370916,16.042994
0.371051,16.042994
0.371187,16.042994
0.371323,16.042994
0.371458,16.042994
0.371594,16.042994
0.371729,16.042994
0.371865,16.042994
0.372000,16.042994
0.372136,16.042994
0.372272,16.042994
0.372407,16.042994
0.372543,16.042994
0.372678,16.042994
0.372814,16.042994
0.372949,16.042994
0.373085,16.042994
0.373221,16.042994
0.373356,16.042994
0.373492,16.042994
0.373627,16.042994
0.373763,16.042994
0.373899,16.042994
0.374034,16.042994
0.374170,16.042994
0.374305,16.042994
0.374441,16.042994
0.374576,16.042994
0.374712,16.042994
0.374848,16.042994
0.374983,16.042994
0.375119,16.042994
0.375254,16.042994
0.375390,16.042994
0.375525,16.042994
0.375661,16.042994
0.375797,16.042994
0.375932,16.042994
0.376068,16.042994
0.376203,16.042994
0.376339,16.042994
0.376475,16.042994
0.376610,16.042994
0.376746,16.042994
0.376881,16.042994
0.377017,16.042994
0.377152,16.042994
0.377288,16.042994
0.377424,16.042994
0.377559,16.042994
0.377695,16.042994
0.377830,16.042994
0.377966,16.042994
0.378102,16.042994
0.378237,16.042994
0.378373,16.042994
0.378508,16.042994
0.378644,16.042994
0.378779,16.042994
0.378915,16.042994
0.379051,16.042994
0.379186,16.042994
0.379322,16.042994
0.379457,16.042994
0.379593,16.042994
0.379729,16.042994
0.379864,16.042994
0.380000,16.042994
0.380135,16.042994
0.380271,16.042994
0.380406,16.042994
0.380542,16.042994
0.380678,16.042994
0.380813,16.042994
0.380949,16.042994
0.381084,16.042994
0.381220,16.042994
0.381356,16.042994
0.381491,16.042994
0.381627,16.042994
0.381762,16.042994
0.381898,16.042994
0.382033,16.042994
0.382169,16.042994
0.382305,16.042994
0.382440,16.042994
0.382576,16.042994
0.382711,16.042994
0.382847,16.042994
0.382983,16.042994
0.383118,16.042994
0.383254,16.042994
0.383389,16.042994
0.383525,16.042994
0.383661,16.042994
0.383796,16.042994
0.383932,16.042994
0.384067,16.042994
0.384203,16.042994
0.384338,16.042994
0.384474,16.042994
0.384610,16.042994
0.384745,16.042994
0.384881,16.042994
0.385016,16.042994
0.385152,16.042994
0.385288,16.042994
0.385423,16.042994
0.385559,16.042994
0.385694,16.042994
0.385830,16.042994
0.385966,16.042994
0.386101,16.042994
0.386237,16.042994
0.386372,16.042994
0.386508,16.042994
0.386643,16.042994
0.386779,16.042994
0.386915,16.042994
0.387050,16.042994
0.387186,16.042994
0.387321,16.042994
0.387457,16.042994
0.387593,16.042994
0.387728,16.042994
0.387864,16.042994
0.387999,16.042994
0.388135,16.042994
0.388271,16.042994
0.388406,16.042994
0.388542,16.042994
0.388677,16.042994
0.388813,16.042994
0.388948,16.042994
0.389084,16.042994
0.389220,16.042994
0.389355,16.042994
0.389491,16.042994
0.389626,16.042994
0.389762,16.042994
0.389898,16.042994
0.390033,16.042994
0.390169,16.042994
0.390304,16.042994
0.390440,16.042994
0.390576,16.042994
0.390711,16.042994
0.390847,16.042994
0.390982,16.042994
0.391118,16.042994
0.391254,16.042994
0.391389,16.042994
0.391525,16.042994
0.391660,16.042994
0.391796,16.042994
0.391931,16.042994
0.392067,16.042994
0.392203,16.042994
0.392338,16.042994
0.392474,16.042994
0.392609,16.042994
0.392745,16.042994
0.392881,16.042994
0.393016,16.042994
0.393152,16.042994
0.393287,16.042994
0.393423,16.042994
0.393559,16.042994
0.393694,16.042994
0.393830,16.042994
0.393965,16.042994
0.394101,16.042994
0.394237,16.042994
0.394372,16.042994
0.394508,16.042994
0.394643,16.042994
0.394779,16.042994
0.394915,16.042994
0.395050,16.042994
0.395186,16.042994
0.395321,16.042994
0.395457,16.042994
0.395593,16.042994
0.395728,16.042994
0.395864,16.042994
0.395999,16.042994
0.396135,16.042994
0.396271,16.042994
0.396406,16.042994
0.396542,16.042994
0.396677,16.042994
0.396813,16.042994
0.396948,16.042994
0.397084,16.042994
0.397220,16.042994
0.397355,16.042994
0.397491,16.042994
0.397626,16.042994
0.397762,16.042994
0.397898,16.042994
0.398033,16.042994
0.398169,16.042994
0.398304,16.042994
0.398440,16.042994
0.398576,16.042994
0.398711,16.042994
0.398847,16.042994
0.398982,16.042994
0.399118,16.042994
0.399254,16.042994
0.399389,16.042994
0.399525,16.042994
0.399660,16.042994
0.399796,16.042994
0.399932,16.042994
0.400067,16.042994
0.400203,16.042994
0.400338,16.042994
0.400474,16.042994
0.400610,16.042994
0.400745,16.042994
0.400881,16.042994
0.401016,16.042994
0.401152,16.042994
0.401288,16.042994
0.401423,16.042994
0.401559,16.042994
0.401694,16.042994
0.401830,16.042994
0.401966,16.042994
0.402101,16.042994
0.402237,16.042994
0.402372,16.042994
0.402508,16.042994
0.402644,16.042994
0.402779,16.042994
0.402915,16.042994
0.403050,16.042994
0.403186,16.042994
0.403322,16.042994
0.403457,16.042994
0.403593,16.042994
0.403728,16.042994
0.403864,16.042994
0.404000,16.042994
0.404135,16.042994
0.404271,16.042994
0.404406,16.042994
0.404542,16.042994
0.404678,16.042994
0.404813,16.042994
0.404949,16.042994
0.405084,16.042994
0.405220,16.042994
0.405356,16.042994
0.405491,16.042994
0.405627,16.042994
0.405762,16.042994
0.405898,16.042994
0.406034,16.042994
0.406169,16.042994
0.406305,16.042994
0.406440,16.042994
0.406576,16.042994
0.406712,16.042994
0.406847,16.042994
0.406983,16.042994
0.407119,16.042994
0.407254,16.042994
0.407390,16.042994
0.407525,16.042994
0.407661,16.042994
0.407797,16.042994
0.407932,16.042994
0.408068,16.042994
0.408203,16.042994
0.408339,16.042994
0.408475,16.042994
0.408610,16.042994
0.408746,16.042994
0.408881,16.042994
0.409017,16.042994
0.409153,16.042994
0.409288,16.042994
0.409424,16.042994
0.409559,16.042994
0.409695,16.042994
0.409831,16.042994
0.409966,16.042994
0.410102,16.042994
0.410237,16.042994
0.410373,16.042994
0.410509,16.042994
0.410644,16.042994
0.410780,16.042994
0.410915,16.042994
0.411051,16.042994
0.411187,16.042994
0.411322,16.042994
0.411458,16.042994
0.411593,16.042994
0.411729,16.042994
0.411865,16.042994
0.412000,16.042994
0.412136,16.042994
0.412272,16.042994
0.412407,16.042994
0.412543,16.042994
0.412678,16.042994
0.412814,16.042994
0.412950,16.042994
0.413085,16.042994
0.413221,16.042994
0.413356,16.042994
0.413492,16.042994
0.413628,16.042994
0.413763,16.042994
0.413899,16.042994
0.414034,16.042994
0.414170,16.042994
0.414306,16.042994
0.414441,16.042994
0.414577,16.042994
0.414712,16.042994
0.414848,16.042994
0.414984,16.042994
0.415119,16.042994
0.415255,16.042994
0.415391,16.042994
0.415526,16.042994
0.415662,16.042994
0.415797,16.042994
0.415933,16.042994
0.416069,16.042994
0.416204,16.042994
0.416340,16.042994
0.416475,16.042994
0.416611,16.042994
0.416747,16.042994
0.416882,16.042994
0.417018,16.042994
0.417153,16.042994
0.417289,16.042994
0.417425,16.042994
0.417560,16.042994
0.417696,16.042994
0.417831,16.042994
0.417967,16.042994
0.418103,16.042994
0.418238,16.042994
0.418374,16.042994
0.418510,16.042994
0.418645,16.042994
0.418781,16.042994
0.418916,16.042994
0.419052,16.042994
0.419188,16.042994
0.419323,16.042994
0.419459,16.042994
0.419594,16.042994
0.419730,16.042994
0.419866,16.042994
0.420001,16.042994
0.420137,16.042994
0.420272,16.042994
0.420408,16.042994
0.420544,16.042994
0.420679,16.042994
0.420815,16.042994
0.420951,16.042994
0.421086,16.042994
0.421222,16.042994
0.421357,16.042994
0.421493,16.042994
0.421629,16.042994
0.421764,16.042994
0.421900,16.042994
0.422035,16.042994
0.422171,16.042994
0.422307,16.042994
0.422442,16.042994
0.422578,16.042994
0.422714,16.042994
0.422849,16.042994
0.422985,16.042994
0.423120,16.042994
0.423256,16.042994
0.423392,16.042994
0.423527,16.042994
0.423663,16.042994
0.423798,16.042994
0.423934,16.042994
0.424070,16.042994
0.424205,16.042994
0.424341,16.042994
0.424477,16.042994
0.424612,16.042994
0.424748,16.042994
0.424883,16.042994
0.425019,16.042994
0.425155,16.042994
0.425290,16.042994
0.425426,16.042994
0.425561,16.042994
0.425697,16.042994
0.425833,16.042994
0.425968,16.042994
0.426104,16.042994
0.426240,16.042994
0.426375,16.042994
0.426511,16.042994
0.426646,16.042994
0.426782,16.042994
0.426918,16.042994
0.427053,16.042994
0.427189,16.042994
0.427324,16.042994
0.427460,16.042994
0.427596,16.042994
0.427731,16.042994
0.427867,16.042994
0.428003,16.042994
0.428138,16.042994
0.428274,16.042994
0.428409,16.042994
0.428545,16.042994
0.428681,16.042994
0.428816,16.042994
0.428952,16.042994
0.429088,16.042994
0.429223,16.042994
0.429359,16.042994
0.429494,16.042994
0.429630,16.042994
0.429766,16.042994
0.429901,16.042994
0.430037,16.042994
0.430172,16.042994
0.430308,16.042994
0.430444,16.042994
0.430579,16.042994
0.430715,16.042994
0.430851,16.042994
0.430986,16.042994
0.431122,16.042994
0.431257,16.042994
0.431393,16.042994
0.431529,16.042994
0.431664,16.042994
0.431800,16.042994
0.431936,16.042994
0.432071,16.042994
0.432207,16.042994
0.432342,16.042994
0.432478,16.042994
0.432614,16.042994
0.432749,16.042994
0.432885,16.042994
0.433020,16.042994
0.433156,16.042994
0.433292,16.042994
0.433427,16.042994
0.433563,16.042994
0.433699,16.042994
0.433834,16.042994
0.433970,16.042994
0.434105,16.042994
0.434241,16.042994
0.434377,16.042994
0.434512,16.042994
0.434648,16.042994
0.434784,16.042994
0.434919,16.042994
0.435055,16.042994
0.435190,16.042994
0.435326,16.042994
0.435462,16.042994
0.435597,16.042994
0.435733,16.042994
0.435869,16.042994
0.436004,16.042994
0.436140,16.042994
0.436275,16.042994
0.436411,16.042994
0.436547,16.042994
0.436682,16.042994
0.436818,16.042994
0.436954,16.042994
0.437089,16.042994
0.437225,16.042994
0.437360,16.042994
0.437496,16.042994
0.437632,16.042994
0.437767,16.042994
0.437903,16.042994
0.438039,16.042994
0.438174,16.042994
0.438310,16.042994
0.438445,16.042994
0.438581,16.042994
0.438717,16.042994
0.438852,16.042994
0.438988,16.042994
0.439124,16.042994
0.439259,16.042994
0.439395,16.042994
0.439530,16.042994
0.439666,16.042994
0.439802,16.042994
0.439937,16.042994
0.440073,16.042994
0.440209,16.042994
0.440344,16.042994
0.440480,16.042994
0.440615,16.042994
0.440751,16.042994
0.440887,16.042994
0.441022,16.042994
0.441158,16.042994
0.441294,16.042994
0.441429,16.042994
0.441565,16.042994
0.441700,16.042994
0.441836,16.042994
0.441972,16.042994
0.442107,16.042994
0.442243,16.042994
0.442379,16.042994
0.442514,16.042994
0.442650,16.042994
0.442785,16.042994
0.442921,16.042994
0.443057,16.042994
0.443192,16.042994
0.443328,16.042994
0.443464,16.042994
0.443599,16.042994
0.443735,16.042994
0.443870,16.042994
0.444006,16.042994
0.444142,16.042994
0.444277,16.042994
0.444413,16.042994
0.444549,16.042994
0.444684,16.042994
0.444820,16.042994
0.444955,16.042994
0.445091,16.042994
0.445227,16.042994
0.445362,16.042994
0.445498,16.042994
0.445634,16.042994
0.445769,16.042994
0.445905,16.042994
0.446040,16.042994
0.446176,16.042994
0.446312,16.042994
0.446447,16.042994
0.446583,16.042994
0.446719,16.042994
0.446854,16.042994
0.446990,16.042994
0.447126,16.042994
0.447261,16.042994
0.447397,16.042994
0.447532,16.042994
0.447668,16.042994
0.447804,16.042994
0.447939,16.042994
0.448075,16.042994
0.448211,16.042994
0.448346,16.042994
0.448482,16.042994
0.448617,16.042994
0.448753,16.042994
0.448889,16.042994
0.449024,16.042994
0.449160,16.042994
0.449296,16.042994
0.449431,16.042994
0.449567,16.042994
0.449703,16.042994
0.449838,16.042994
0.449974,16.042994
0.450109,16.042994
0.450245,16.042994
0.450381,16.042994
0.450516,16.042994
0.450652,16.042994
0.450788,16.042994
0.450923,16.042994
0.451059,16.042994
0.451194,16.042994
0.451330,16.042994
0.451466,16.042994
0.451601,16.042994
0.451737,16.042994
0.451873,16.042994
0.452008,16.042994
0.452144,16.042994
0.452280,16.042994
0.452415,16.042994
0.452551,16.042994
0.452686,16.042994
0.452822,16.042994
0.452958,16.042994
0.453093,16.042994
0.453229,16.042994
0.453365,16.042994
0.453500,16.042994
0.453636,16.042994
0.453771,16.042994
0.453907,16.042994
0.454043,16.042994
0.454178,16.042994
0.454314,16.042994
0.454450,16.042993
0.454585,16.042993
0.454721,16.042993
0.454857,16.042993
0.454992,16.042993
0.455128,16.042993
0.455263,16.042993
0.455399,16.042993
0.455535,16.042993
0.455670,16.042993
0.455806,16.042993
0.455942,16.042993
0.456077,16.042993
0.456213,16.042993
0.456349,16.042993
0.456484,16.042993
0.456620,16.042993
0.456755,16.042993
0.456891,16.042993
0.457027,16.042993
0.457162,16.042993
0.457298,16.042993
0.457434,16.042993
0.457569,16.042993
0.457705,16.042993
0.457841,16.042993
0.457976,16.042993
0.458112,16.042993
0.458247,16.042993
0.458383,16.042993
0.458519,16.042993
0.458654,16.042993
0.458790,16.042993
0.458926,16.042993
0.459061,16.042993
0.459197,16.042993
0.459333,16.042993
0.459468,16.042993
0.459604,16.042993
0.459739,16.042993
0.459875,16.042993
0.460011,16.042993
0.460146,16.042993
0.460282,16.042993
0.460418,16.042993
0.460553,16.042993
0.460689,16.042993
0.460825,16.042993
0.460960,16.042993
0.461096,16.042993
0.461231,16.042993
0.461367,16.042993
0.461503,16.042993
0.461638,16.042993
0.461774,16.042993
0.461910,16.042993
0.462045,16.042993
0.462181,16.042993
0.462317,16.042993
0.462452,16.042993
0.462588,16.042993
0.462723,16.042993
0.462859,16.042993
0.462995,16.042993
0.463130,16.042993
0.463266,16.042993
0.463402,16.042993
0.463537,16.042993
0.463673,16.042993
0.463809,16.042993
0.463944,16.042993
0.464080,16.042993
0.464216,16.042993
0.464351,16.042993
0.464487,16.042993
0.464622,16.042993
0.464758,16.042993
0.464894,16.042993
0.465029,16.042993
0.465165,16.042993
0.465301,16.042993
0.465436,16.042993
0.465572,16.042993
0.465708,16.042993
0.465843,16.042993
0.465979,16.042993
0.466115,16.042993
0.466250,16.042993
0.466386,16.042993
0.466521,16.042993
0.466657,16.042993
0.466793,16.042993
0.466928,16.042993
0.467064,16.042993
0.467200,16.042993
0.467335,16.042993
0.467471,16.042993
0.467607,16.042993
0.467742,16.042993
0.467878,16.042993
0.468013,16.042993
0.468149,16.042993
0.468285,16.042993
0.468420,16.042993
0.468556,16.042993
0.468692,16.042993
0.468827,16.042993
0.468963,16.042993
0.469099,16.042993
0.469234,16.042993
0.469370,16.042993
0.469506,16.042993
0.469641,16.042993
0.469777,16.042993
0.469912,16.042993
0.470048,16.042993
0.470184,16.042993
0.470319,16.042993
0.470455,16.042993
0.470591,16.042993
0.470726,16.042993
0.470862,16.042993
0.470998,16.042993
0.471133,16.042993
0.471269,16.042993
0.471405,16.042993
0.471540,16.042993
0.471676,16.042993
0.471811,16.042993
0.471947,16.042993
0.472083,16.042993
0.472218,16.042993
0.472354,16.042993
0.472490,16.042993
0.472625,16.042993
0.472761,16.042993
0.472897,16.042993
0.473032,16.042993
0.473168,16.042993
0.473304,16.042993
0.473439,16.042993
0.473575,16.042993
0.473711,16.042993
0.473846,16.042993
0.473982,16.042993
0.474117,16.042993
0.474253,16.042993
0.474389,16.042993
0.474524,16.042993
0.474660,16.042993
0.474796,16.042993
0.474931,16.042993
0.475067,16.042993
0.475203,16.042993
0.475338,16.042993
0.475474,16.042993
0.475610,16.042993
0.475745,16.042993
0.475881,16.042993
0.476017,16.042993
0.476152,16.042993
0.476288,16.042993
0.476423,16.042993
0.476559,16.042993
0.476695,16.042993
0.476830,16.042993
0.476966,16.042993
0.477102,16.042993
0.477237,16.042993
0.477373,16.042993
0.477509,16.042993
0.477644,16.042993
0.477780,16.042993
0.477916,16.042993
0.478051,16.042993
0.478187,16.042993
0.478323,16.042993
0.478458,16.042993
0.478594,16.042993
0.478729,16.042993
0.478865,16.042993
0.479001,16.042993
0.479136,16.042993
0.479272,16.042993
0.479408,16.042993
0.479543,16.042993
0.479679,16.042993
0.479815,16.042993
0.479950,16.042993
0.480086,16.042993
0.480222,16.042993
0.480357,16.042993
0.480493,16.042993
0.480629,16.042993
0.480764,16.042993
0.480900,16.042993
0.481035,16.042993
0.481171,16.042993
0.481307,16.042993
0.481442,16.042993
0.481578,16.042993
0.481714,16.042993
0.481849,16.042993
0.481985,16.042993
0.482121,16.042993
0.482256,16.042993
0.482392,16.042993
0.482528,16.042993
0.482663,16.042993
0.482799,16.042993
0.482935,16.042993
0.483070,16.042993
0.483206,16.042993
0.483342,16.042993
0.483477,16.042993
0.483613,16.042993
0.483748,16.042993
0.483884,16.042993
0.484020,16.042993
0.484155,16.042993
0.484291,16.042992
0.484427,16.042992
0.484562,16.042992
0.484698,16.042992
0.484834,16.042992
0.484969,16.042992
0.485105,16.042992
0.485241,16.042991
0.485376,16.042991
0.485512,16.042991
0.485648,16.042991
0.485783,16.042991
0.485919,16.042990
0.486055,16.042990
0.486190,16.042990
0.486326,16.042989
0.486462,16.042989
0.486597,16.042988
0.486733,16.042988
0.486868,16.042987
0.487004,16.042987
0.487140,16.042986
0.487275,16.042986
0.487411,16.042985
0.487547,16.042984
0.487682,16.042983
0.487818,16.042982
0.487954,16.042982
0.488089,16.042981
0.488225,16.042979
0.488361,16.042978
0.488496,16.042977
0.488632,16.042976
0.488768,16.042974
0.488903,16.042973
0.489039,16.042971
0.489175,16.042969
0.489310,16.042967
0.489446,16.042965
0.489582,16.042963
0.489717,16.042961
0.489853,16.042958
0.489989,16.042955
0.490124,16.042953
0.490260,16.042950
0.490395,16.042946
0.490531,16.042943
0.490667,16.042939
0.490802,16.042935
0.490938,16.042931
0.491074,16.042926
0.491209,16.042921
0.491345,16.042916
0.491481,16.042911
0.491616,16.042905
0.491752,16.042899
0.491888,16.042892
0.492023,16.042885
0.492159,16.042878
0.492295,16.042870
0.492430,16.042861
0.492566,16.042852
0.492702,16.042843
0.492837,16.042833
0.492973,16.042822
0.493109,16.042811
0.493244,16.042799
0.493380,16.042787
0.493516,16.042773
0.493651,16.042759
0.493787,16.042744
0.493923,16.042728
0.494058,16.042712
0.494194,16.042694
0.494330,16.042675
0.494465,16.042656
0.494601,16.042635
0.494736,16.042613
0.494872,16.042590
0.495008,16.042566
0.495143,16.042540
0.495279,16.042514
0.495415,16.042485
0.495550,16.042455
0.495686,16.042424
0.495822,16.042391
0.495957,16.042356
0.496093,16.042320
0.496229,16.042281
0.496364,16.042241
0.496500,16.042199
0.496636,16.042155
0.496771,16.042108
0.496907,16.042059
0.497043,16.042008
0.497178,16.041955
0.497314,16.041898
0.497450,16.041839
0.497585,16.041778
0.497721,16.041713
0.497857,16.041646
0.497992,16.041575
0.498128,16.041501
0.498264,16.041424
0.498399,16.041344
0.498535,16.041259
0.498671,16.041171
0.498806,16.041080
0.498942,16.040984
0.499078,16.040884
0.499213,16.040780
0.499349,16.040671
0.499485,16.040557
0.499620,16.040439
0.499756,16.040316
0.499892,16.040188
0.500027,16.040055
