0.000430,1.000000
0.000859,1.000000
0.001286,1.000000
0.001711,1.000000
0.002133,1.000000
0.002553,1.000000
0.002970,1.000000
0.003383,1.000000
0.003795,1.000000
0.004204,1.000000
0.004613,1.000000
0.005021,1.000000
0.005430,1.000000
0.005839,1.000000
0.006250,1.000000
0.006661,1.000000
0.007074,1.000000
0.007486,1.000000
0.007899,1.000000
0.008312,1.000000
0.008724,1.000000
0.009136,1.000000
0.009548,1.000000
0.009961,1.000000
0.010374,1.000000
0.010787,1.000000
0.011202,1.000000
0.011618,1.000000
0.012034,1.000000
0.012451,1.000000
0.012868,1.000000
0.013285,1.000000
0.013702,1.000000
0.014118,1.000000
0.014533,1.000000
0.014948,1.000000
0.015363,1.000000
0.015778,1.000000
0.016193,1.000000
0.016608,1.000000
0.017023,1.000000
0.017438,1.000000
0.017853,1.000000
0.018269,1.000000
0.018684,1.000000
0.019100,1.000000
0.019516,1.000000
0.019932,1.000000
0.020348,1.000000
0.020764,1.000000
0.021180,1.000000
0.021595,1.000000
0.022011,1.000000
0.022426,1.000000
0.022841,1.000000
0.023256,1.000000
0.023671,1.000000
0.024086,1.000000
0.024501,1.000000
0.024916,1.000000
0.025331,1.000000
0.025746,1.000000
0.026161,1.000000
0.026576,1.000000
0.026991,1.000000
0.027405,1.000000
0.027819,1.000000
0.028232,1.000000
0.028646,1.000000
0.029060,1.000000
0.029474,1.000000
0.029888,1.000000
0.030302,1.000000
0.030716,1.000000
0.031131,1.000000
0.031545,1.000000
0.031959,1.000000
0.032374,1.000000
0.032788,1.000000
0.033201,1.000000
0.033615,1.000000
0.034029,1.000000
0.034443,1.000000
0.034857,1.000000
0.035271,1.000000
0.035685,1.000000
0.036100,1.000000
0.036514,1.000000
0.036928,1.000000
0.037343,1.000000
0.037757,1.000000
0.038171,1.000000
0.038585,1.000000
0.038999,1.000000
0.039413,1.000000
0.039827,1.000000
0.040242,1.000000
0.040656,1.000000
0.041070,1.000000
0.041485,1.000000
0.041899,1.000000
0.042313,1.000000
0.042727,1.000000
0.043142,1.000000
0.043556,1.000000
0.043970,1.000000
0.044384,1.000000
0.044798,1.000000
0.045213,1.000000
0.045627,1.000000
0.046041,1.000000
0.046455,1.000000
0.046870,1.000000
0.047284,1.000000
0.047698,1.000000
0.048112,1.000000
0.048527,1.000000
0.048941,1.000000
0.049355,1.000000
0.049769,1.000000
0.050184,1.000000
0.050598,1.000000
0.051012,1.000000
0.051427,1.000000
0.051841,1.000000
0.052255,1.000000
0.052669,1.000000
0.053084,1.000000
0.053498,1.000000
0.053912,1.000000
0.054326,1.000000
0.054740,1.000000
0.055155,1.000000
0.055569,1.000000
0.055983,1.000000
0.056398,1.000000
0.056812,1.000000
0.057226,1.000000
0.057640,1.000000
0.058054,1.000000
0.058469,1.000000
0.058883,1.000000
0.059297,1.000000
0.059711,1.000000
0.060126,1.000000
0.060540,1.000000
0.060954,1.000000
0.061369,1.000000
0.061783,1.000000
0.062197,1.000000
0.062611,1.000000
0.063025,1.000000
0.063440,1.000000
0.063854,1.000000
0.064268,1.000000
0.064682,1.000000
0.065097,1.000000
0.065511,1.000000
0.065925,1.000000
0.066340,1.000000
0.066754,1.000000
0.067168,1.000000
0.067582,1.000000
0.067996,1.000000
0.068411,1.000000
0.068825,1.000000
0.069239,1.000000
0.069653,1.000000
0.070068,1.000000
0.070482,1.000000
0.070896,1.000000
0.071310,1.000000
0.071725,1.000000
0.072139,1.000000
0.072553,1.000000
0.072967,1.000000
0.073382,1.000000
0.073796,1.000000
0.074210,1.000000
0.074624,1.000000
0.075039,1.000000
0.075453,1.000000
0.075867,1.000000
0.076281,1.000000
0.076696,1.000000
0.077110,1.000000
0.077524,1.000000
0.077938,1.000000
0.078353,1.000000
0.078767,1.000000
0.079181,1.000000
0.079595,1.000000
0.080010,1.000000
0.080424,1.000000
0.080838,1.000000
0.081252,1.000000
0.081667,1.000000
0.082081,1.000000
0.082495,1.000000
0.082909,1.000000
0.083324,1.000000
0.083738,1.000000
0.084152,1.000000
0.084566,1.000000
0.084981,1.000000
0.085395,1.000000
0.085809,1.000000
0.086223,1.000000
0.086638,1.000000
0.087052,1.000000
0.087466,1.000000
0.087880,1.000000
0.088295,1.000000
0.088709,1.000000
0.089123,1.000000
0.089537,1.000000
0.089952,1.000000
0.090366,1.000000
0.090780,1.000000
0.091194,1.000000
0.091609,1.000000
0.092023,1.000000
0.092437,1.000000
0.092851,1.000000
0.093265,1.000000
0.093680,1.000000
0.094094,1.000000
0.094508,1.000000
0.094923,1.000000
0.095337,1.000000
0.095751,1.000000
0.096165,1.000000
0.096579,1.000000
0.096994,1.000000
0.097408,1.000000
0.097822,1.000000
0.098236,1.000000
0.098651,1.000000
0.099065,1.000000
0.099479,1.000000
0.099893,1.000000
0.100308,1.000000
0.100722,1.000000
0.101136,1.000000
0.101550,1.000000
0.101965,1.000000
0.102379,1.000000
0.102793,1.000000
0.103207,1.000000
0.103622,1.000000
0.104036,1.000000
0.104450,1.000000
0.104864,1.000000
0.105279,1.000000
0.105693,1.000000
0.106107,1.000000
0.106521,1.000000
0.106936,1.000000
0.107350,1.000000
0.107764,1.000000
0.108178,1.000000
0.108593,1.000000
0.109007,1.000000
0.109421,1.000000
0.109835,1.000000
0.110250,1.000000
0.110664,1.000000
0.111078,1.000000
0.111492,1.000000
0.111907,1.000000
0.112321,1.000000
0.112735,1.000000
0.113149,1.000000
0.113564,1.000000
0.113978,1.000000
0.114392,1.000000
0.114806,1.000000
0.115221,1.000000
0.115635,1.000000
0.116049,1.000000
0.116463,1.000000
0.116878,1.000000
0.117292,1.000000
0.117706,1.000000
0.118120,1.000000
0.118535,1.000000
0.118949,1.000000
0.119363,1.000000
0.119777,1.000000
0.120192,1.000000
0.120606,1.000000
0.121020,1.000000
0.121434,1.000000
0.121849,1.000000
0.122263,1.000000
0.122677,1.000000
0.123091,1.000000
0.123506,1.000000
0.123920,1.000000
0.124334,1.000000
0.124748,1.000000
0.125163,1.000000
0.125577,1.000000
0.125991,1.000000
0.126405,1.000000
0.126820,1.000000
0.127234,1.000000
0.127648,1.000000
0.128062,1.000000
0.128477,1.000000
0.128891,1.000000
0.129305,1.000000
0.129719,1.000000
0.130134,1.000000
0.130548,1.000000
0.130962,1.000000
0.131376,1.000000
0.131790,1.000000
0.132205,1.000000
0.132619,1.000000
0.133033,1.000000
0.133447,1.000000
0.133862,1.000000
0.134276,1.000000
0.134690,1.000000
0.135104,1.000000
0.135519,1.000000
0.135933,1.000000
0.136347,1.000000
0.136761,1.000000
0.137176,1.000000
0.137590,1.000000
0.138004,1.000000
0.138418,1.000000
0.138833,1.000000
0.139247,1.000000
0.139661,1.000000
0.140075,1.000000
0.140490,1.000000
0.140904,1.000000
0.141318,1.000000
0.141732,1.000000
0.142147,1.000000
0.142561,1.000000
0.142975,1.000000
0.143389,1.000000
0.143804,1.000000
0.144218,1.000000
0.144632,1.000000
0.145046,1.000000
0.145461,1.000000
0.145875,1.000000
0.146289,1.000000
0.146703,1.000000
0.147118,1.000000
0.147532,1.000000
0.147946,1.000000
0.148360,1.000000
0.148775,1.000000
0.149189,1.000000
0.149603,1.000000
0.150017,1.000000
0.150432,1.000000
0.150846,1.000000
0.151260,1.000000
0.151674,1.000000
0.152089,1.000000
0.152503,1.000000
0.152917,1.000000
0.153331,1.000000
0.153746,1.000000
0.154160,1.000000
0.154574,1.000000
0.154988,1.000000
0.155403,1.000000
0.155817,1.000000
0.156231,1.000000
0.156645,1.000000
0.157060,1.000000
0.157474,1.000000
0.157888,1.000000
0.158302,1.000000
0.158717,1.000000
0.159131,1.000000
0.159545,1.000000
0.159959,1.000000
0.160374,1.000000
0.160788,1.000000
0.161202,1.000000
0.161616,1.000000
0.162031,1.000000
0.162445,1.000000
0.162859,1.000000
0.163273,1.000000
0.163688,1.000000
0.164102,1.000000
0.164516,1.000000
0.164930,1.000000
0.165345,1.000000
0.165759,1.000000
0.166173,1.000000
0.166587,1.000000
0.167002,1.000000
0.167416,1.000000
0.167830,1.000000
0.168244,1.000000
0.168659,1.000000
0.169073,1.000000
0.169487,1.000000
0.169901,1.000000
0.170315,1.000000
0.170730,1.000000
0.171144,1.000000
0.171558,1.000000
0.171972,1.000000
0.172387,1.000000
0.172801,1.000000
0.173215,1.000000
0.173629,1.000000
0.174044,1.000000
0.174458,1.000000
0.174872,1.000000
0.175286,1.000000
0.175701,1.000000
0.176115,1.000000
0.176529,1.000000
0.176943,1.000000
0.177358,1.000000
0.177772,1.000000
0.178186,1.000000
0.178600,1.000000
0.179015,1.000000
0.179429,1.000000
0.179843,1.000000
0.180257,1.000000
0.180672,1.000000
0.181086,1.000000
0.181500,1.000000
0.181914,1.000000
0.182329,1.000000
0.182743,1.000000
0.183157,1.000000
0.183571,1.000000
0.183986,1.000000
0.184400,1.000000
0.184814,1.000000
0.185228,1.000000
0.185643,1.000000
0.186057,1.000000
0.186471,1.000000
0.186885,1.000000
0.187300,1.000000
0.187714,1.000000
0.188128,1.000000
0.188542,1.000000
0.188957,1.000000
0.189371,1.000000
0.189785,1.000000
0.190199,1.000000
0.190614,1.000000
0.191028,1.000000
0.191442,1.000000
0.191856,1.000000
0.192271,1.000000
0.192685,1.000000
0.193099,1.000000
0.193513,1.000000
0.193928,1.000000
0.194342,1.000000
0.194756,1.000000
0.195170,1.000000
0.195585,1.000000
0.195999,1.000000
0.196413,1.000000
0.196827,1.000000
0.197242,1.000000
0.197656,1.000000
0.198070,1.000000
0.198484,1.000000
0.198899,1.000000
0.199313,1.000000
0.199727,1.000000
0.200141,1.000000
0.200556,1.000000
0.200970,1.000000
0.201384,1.000000
0.201798,1.000000
0.202213,1.000000
0.202627,1.000000
0.203041,1.000000
0.203455,1.000000
0.203870,1.000000
0.204284,1.000000
0.204698,1.000000
0.205112,1.000000
0.205527,1.000000
0.205941,1.000000
0.206355,1.000000
0.206769,1.000000
0.207184,1.000000
0.207598,1.000000
0.208012,1.000000
0.208426,1.000000
0.208840,1.000000
0.209255,1.000000
0.209669,1.000000
0.210083,1.000000
0.210497,1.000000
0.210912,1.000000
0.211326,1.000000
0.211740,1.000000
0.212154,1.000000
0.212569,1.000000
0.212983,1.000000
0.213397,1.000000
0.213811,1.000000
0.214226,1.000000
0.214640,1.000000
0.215054,1.000000
0.215468,1.000000
0.215883,1.000000
0.216297,1.000000
0.216711,1.000000
0.217125,1.000000
0.217540,1.000000
0.217954,1.000000
0.218368,1.000000
0.218782,1.000000
0.219197,1.000000
0.219611,1.000000
0.220025,1.000000
0.220439,1.000000
0.220854,1.000000
0.221268,1.000000
0.221682,1.000000
0.222096,1.000000
0.222511,1.000000
0.222925,1.000000
0.223339,1.000000
0.223753,1.000000
0.224168,1.000000
0.224582,1.000000
0.224996,1.000000
0.225410,1.000000
0.225825,1.000000
0.226239,1.000000
0.226653,1.000000
0.227067,1.000000
0.227482,1.000000
0.227896,1.000000
0.228310,1.000000
0.228724,1.000000
0.229139,1.000000
0.229553,1.000000
0.229967,1.000000
0.230381,1.000000
0.230796,1.000000
0.231210,1.000000
0.231624,1.000000
0.232038,1.000000
0.232453,1.000000
0.232867,1.000000
0.233281,1.000000
0.233695,1.000000
0.234110,1.000000
0.234524,1.000000
0.234938,1.000000
0.235352,1.000000
0.235767,1.000000
0.236181,1.000000
0.236595,1.000000
0.237009,1.000000
0.237424,1.000000
0.237838,1.000000
0.238252,1.000000
0.238666,1.000000
0.239081,1.000000
0.239495,1.000000
0.239909,1.000000
0.240323,1.000000
0.240738,1.000000
0.241152,1.000000
0.241566,1.000000
0.241980,1.000000
0.242395,1.000000
0.242809,1.000000
0.243223,1.000000
0.243637,1.000000
0.244052,1.000000
0.244466,1.000000
0.244880,1.000000
0.245294,1.000000
0.245709,1.000000
0.246123,1.000000
0.246537,1.000000
0.246951,1.000000
0.247365,1.000000
0.247780,1.000000
0.248194,1.000000
0.248608,1.000000
0.249022,1.000000
0.249437,1.000000
0.249851,1.000000
0.250265,1.000000
0.250679,1.000000
0.251094,1.000000
0.251508,1.000000
0.251922,1.000000
0.252336,1.000000
0.252751,1.000000
0.253165,1.000000
0.253579,1.000000
0.253993,1.000000
0.254408,1.000000
0.254822,1.000000
0.255236,1.000000
0.255650,1.000000
0.256065,1.000000
0.256479,1.000000
0.256893,1.000000
0.257307,1.000000
0.257722,1.000000
0.258136,1.000000
0.258550,1.000000
0.258964,1.000000
0.259379,1.000000
0.259793,1.000000
0.260207,1.000000
0.260621,1.000000
0.261036,1.000000
0.261450,1.000000
0.261864,1.000000
0.262278,1.000000
0.262693,1.000000
0.263107,1.000000
0.263521,1.000000
0.263935,1.000000
0.264350,1.000000
0.264764,1.000000
0.265178,1.000000
0.265592,1.000000
0.266007,1.000000
0.266421,1.000000
0.266835,1.000000
0.267249,1.000000
0.267664,1.000000
0.268078,1.000000
0.268492,1.000000
0.268906,1.000000
0.269321,1.000000
0.269735,1.000000
0.270149,1.000000
0.270563,1.000000
0.270978,1.000000
0.271392,1.000000
0.271806,1.000000
0.272220,1.000000
0.272635,1.000000
0.273049,1.000000
0.273463,1.000000
0.273877,1.000000
0.274292,1.000000
0.274706,1.000000
0.275120,1.000000
0.275534,1.000000
0.275949,1.000000
0.276363,1.000000
0.276777,1.000000
0.277191,1.000000
0.277606,1.000000
0.278020,1.000000
0.278434,1.000000
0.278848,1.000000
0.279263,1.000000
0.279677,1.000000
0.280091,1.000000
0.280505,1.000000
0.280920,1.000000
0.281334,1.000000
0.281748,1.000000
0.282162,1.000000
0.282577,1.000000
0.282991,1.000000
0.283405,1.000000
0.283819,1.000000
0.284234,1.000000
0.284648,1.000000
0.285062,1.000000
0.285476,1.000000
0.285890,1.000000
0.286305,1.000000
0.286719,1.000000
0.287133,1.000000
0.287547,1.000000
0.287962,1.000000
0.288376,1.000000
0.288790,1.000000
0.289204,1.000000
0.289619,1.000000
0.290033,1.000000
0.290447,1.000000
0.290861,1.000000
0.291276,1.000000
0.291690,1.000000
0.292104,1.000000
0.292518,1.000000
0.292933,1.000000
0.293347,1.000000
0.293761,1.000000
0.294175,1.000000
0.294590,1.000000
0.295004,1.000000
0.295418,1.000000
0.295832,1.000000
0.296247,1.000000
0.296661,1.000000
0.297075,1.000000
0.297489,1.000000
0.297904,1.000000
0.298318,1.000000
0.298732,1.000000
0.299146,1.000000
0.299561,1.000000
0.299975,1.000000
0.300389,1.000000
0.300803,1.000000
0.301218,1.000000
0.301632,1.000000
0.302046,1.000000
0.302460,1.000000
0.302875,1.000000
0.303289,1.000000
0.303703,1.000000
0.304117,1.000000
0.304532,1.000000
0.304946,1.000000
0.305360,1.000000
0.305774,1.000000
0.306189,1.000000
0.306603,1.000000
0.307017,1.000000
0.307431,1.000000
0.307846,1.000000
0.308260,1.000000
0.308674,1.000000
0.309088,1.000000
0.309503,1.000000
0.309917,1.000000
0.310331,1.000000
0.310745,1.000000
0.311160,1.000000
0.311574,1.000000
0.311988,1.000000
0.312402,1.000000
0.312817,1.000000
0.313231,1.000000
0.313645,1.000000
0.314059,1.000000
0.314474,1.000000
0.314888,1.000000
0.315302,1.000000
0.315716,1.000000
0.316131,1.000000
0.316545,1.000000
0.316959,1.000000
0.317373,1.000000
0.317788,1.000000
0.318202,1.000000
0.318616,1.000000
0.319030,1.000000
0.319445,1.000000
0.319859,1.000000
0.320273,1.000000
0.320687,1.000000
0.321102,1.000000
0.321516,1.000000
0.321930,1.000000
0.322344,1.000000
0.322759,1.000000
0.323173,1.000000
0.323587,1.000000
0.324001,1.000000
0.324415,1.000000
0.324830,1.000000
0.325244,1.000000
0.325658,1.000000
0.326072,1.000000
0.326487,1.000000
0.326901,1.000000
0.327315,1.000000
0.327729,1.000000
0.328144,1.000000
0.328558,1.000000
0.328972,1.000000
0.329386,1.000000
0.329801,1.000000
0.330215,1.000000
0.330629,1.000000
0.331043,1.000000
0.331458,1.000000
0.331872,1.000000
0.332286,1.000000
0.332700,1.000000
0.333115,1.000000
0.333529,1.000000
0.333943,1.000000
0.334357,1.000000
0.334772,1.000000
0.335186,1.000000
0.335600,1.000000
0.336014,1.000000
0.336429,1.000000
0.336843,1.000000
0.337257,1.000000
0.337671,1.000000
0.338086,1.000000
0.338500,1.000000
0.338914,1.000000
0.339328,1.000000
0.339743,1.000000
0.340157,1.000000
0.340571,1.000000
0.340985,1.000000
0.341400,1.000000
0.341814,1.000000
0.342228,1.000000
0.342642,1.000000
0.343057,1.000000
0.343471,1.000000
0.343885,1.000000
0.344299,1.000000
0.344714,1.000000
0.345128,1.000000
0.345542,1.000000
0.345956,1.000000
0.346371,1.000000
0.346785,1.000000
0.347199,1.000000
0.347613,1.000000
0.348028,1.000000
0.348442,1.000000
0.348856,1.000000
0.349270,1.000000
0.349685,1.000000
0.350099,1.000000
0.350513,1.000000
0.350927,1.000000
0.351342,1.000000
0.351756,1.000000
0.352170,1.000000
0.352584,1.000000
0.352999,1.000000
0.353413,1.000000
0.353827,1.000000
0.354241,1.000000
0.354656,1.000000
0.355070,1.000000
0.355484,1.000000
0.355898,1.000000
0.356313,1.000000
0.356727,1.000000
0.357141,1.000000
0.357555,1.000000
0.357970,1.000000
0.358384,1.000000
0.358798,1.000000
0.359212,1.000000
0.359627,1.000000
0.360041,1.000000
0.360455,1.000000
0.360869,1.000000
0.361284,1.000000
0.361698,1.000000
0.362112,1.000000
0.362526,1.000000
0.362940,1.000000
0.363355,1.000000
0.363769,1.000000
0.364183,1.000000
0.364597,1.000000
0.365012,1.000000
0.365426,1.000000
0.365840,1.000000
0.366254,1.000000
0.366669,1.000000
0.367083,1.000000
0.367497,1.000000
0.367911,1.000000
0.368326,1.000000
0.368740,1.000000
0.369154,1.000000
0.369568,1.000000
0.369983,1.000000
0.370397,1.000000
0.370811,1.000000
0.371225,1.000000
0.371640,1.000000
0.372054,1.000000
0.372468,1.000000
0.372882,1.000000
0.373297,1.000000
0.373711,1.000000
0.374125,1.000000
0.374539,1.000000
0.374954,1.000000
0.375368,1.000000
0.375782,1.000000
0.376196,1.000000
0.376611,1.000000
0.377025,1.000000
0.377439,1.000000
0.377853,1.000000
0.378268,1.000000
0.378682,1.000000
0.379096,1.000000
0.379510,1.000000
0.379925,1.000000
0.380339,1.000000
0.380753,1.000000
0.381167,1.000000
0.381582,1.000000
0.381996,1.000000
0.382410,1.000000
0.382824,1.000000
0.383239,1.000000
0.383653,1.000000
0.384067,1.000000
0.384481,1.000000
0.384896,1.000000
0.385310,1.000000
0.385724,1.000000
0.386138,1.000000
0.386553,1.000000
0.386967,1.000000
0.387381,1.000000
0.387795,1.000000
0.388210,1.000000
0.388624,1.000000
0.389038,1.000000
0.389452,1.000000
0.389867,1.000000
0.390281,1.000000
0.390695,1.000000
0.391109,1.000000
0.391524,1.000000
0.391938,1.000000
0.392352,1.000000
0.392766,1.000000
0.393181,1.000000
0.393595,1.000000
0.394009,1.000000
0.394423,1.000000
0.394838,1.000000
0.395252,1.000000
0.395666,1.000000
0.396080,1.000000
0.396495,1.000000
0.396909,1.000000
0.397323,1.000000
0.397737,1.000000
0.398152,1.000000
0.398566,1.000000
0.398980,1.000000
0.399394,1.000000
0.399809,1.000000
0.400223,1.000000
0.400637,1.000000
0.401051,1.000000
0.401465,1.000000
0.401880,1.000000
0.402294,1.000000
0.402708,1.000000
0.403122,1.000000
0.403537,1.000000
0.403951,1.000000
0.404365,1.000000
0.404779,1.000000
0.405194,1.000000
0.405608,1.000000
0.406022,1.000000
0.406436,1.000000
0.406851,1.000000
0.407265,1.000000
0.407679,1.000000
0.408093,1.000000
0.408508,1.000000
0.408922,1.000000
0.409336,1.000000
0.409750,1.000000
0.410165,1.000000
0.410579,1.000000
0.410993,1.000000
0.411407,1.000000
0.411822,1.000000
0.412236,1.000000
0.412650,1.000000
0.413064,1.000000
0.413479,1.000000
0.413893,1.000000
0.414307,1.000000
0.414721,1.000000
0.415136,1.000000
0.415550,1.000000
0.415964,1.000000
0.416378,1.000000
0.416793,1.000000
0.417207,1.000000
0.417621,1.000000
0.418035,1.000000
0.418450,1.000000
0.418864,1.000000
0.419278,1.000000
0.419692,1.000000
0.420107,1.000000
0.420521,1.000000
0.420935,1.000000
0.421349,1.000000
0.421764,1.000000
0.422178,1.000000
0.422592,1.000000
0.423006,1.000000
0.423421,1.000000
0.423835,1.000000
0.424249,1.000000
0.424663,1.000000
0.425078,1.000000
0.425492,1.000000
0.425906,1.000000
0.426320,1.000000
0.426735,1.000000
0.427149,1.000000
0.427563,1.000000
0.427977,1.000000
0.428392,1.000000
0.428806,1.000000
0.429220,1.000000
0.429634,1.000000
0.430049,1.000000
0.430463,1.000000
0.430877,1.000000
0.431291,1.000000
0.431706,1.000000
0.432120,1.000000
0.432534,1.000000
0.432948,1.000000
0.433363,1.000000
0.433777,1.000000
0.434191,1.000000
0.434605,1.000000
0.435020,1.000000
0.435434,1.000000
0.435848,1.000000
0.436262,1.000000
0.436677,1.000000
0.437091,1.000000
0.437505,1.000000
0.437919,1.000000
0.438334,1.000000
0.438748,1.000000
0.439162,1.000000
0.439576,1.000000
0.439990,1.000000
0.440405,1.000000
0.440819,1.000000
0.441233,1.000000
0.441647,1.000000
0.442062,1.000000
0.442476,1.000000
0.442890,1.000000
0.443304,1.000000
0.443719,1.000000
0.444133,1.000000
0.444547,1.000000
0.444961,1.000000
0.445376,1.000000
0.445790,1.000000
0.446204,1.000000
0.446618,1.000000
0.447033,1.000000
0.447447,1.000000
0.447861,1.000000
0.448275,1.000000
0.448690,1.000000
0.449104,1.000000
0.449518,1.000000
0.449932,1.000000
0.450347,1.000000
0.450761,1.000000
0.451175,1.000000
0.451589,1.000000
0.452004,1.000000
0.452418,1.000000
0.452832,1.000000
0.453246,1.000000
0.453661,1.000000
0.454075,1.000000
0.454489,1.000000
0.454903,1.000000
0.455318,1.000000
0.455732,1.000000
0.456146,1.000000
0.456560,1.000000
0.456975,1.000000
0.457389,1.000000
0.457803,1.000000
0.458217,1.000000
0.458632,1.000000
0.459046,1.000000
0.459460,1.000000
0.459874,1.000000
0.460289,1.000000
0.460703,1.000000
0.461117,1.000000
0.461531,1.000000
0.461946,1.000000
0.462360,1.000000
0.462774,1.000000
0.463188,1.000000
0.463603,1.000000
0.464017,1.000000
0.464431,1.000000
0.464845,1.000000
0.465260,1.000000
0.465674,1.000000
0.466088,1.000000
0.466502,1.000000
0.466917,1.000000
0.467331,1.000000
0.467745,1.000000
0.468159,1.000000
0.468574,1.000000
0.468988,1.000000
0.469402,1.000000
0.469816,1.000000
0.470231,1.000000
0.470645,1.000000
0.471059,1.000000
0.471473,1.000000
0.471888,1.000000
0.472302,1.000000
0.472716,1.000000
0.473130,1.000000
0.473545,1.000000
0.473959,1.000000
0.474373,1.000000
0.474787,1.000000
0.475202,1.000000
0.475616,1.000000
0.476030,1.000000
0.476444,1.000000
0.476859,1.000000
0.477273,1.000000
0.477687,1.000000
0.478101,1.000000
0.478516,1.000000
0.478930,1.000000
0.479344,1.000000
0.479758,1.000000
0.480172,1.000000
0.480587,1.000000
0.481001,1.000000
0.481415,1.000000
0.481829,1.000000
0.482244,1.000000
0.482658,1.000000
0.483072,1.000000
0.483486,1.000000
0.483901,1.000000
0.484315,1.000000
0.484729,1.000000
0.485143,1.000000
0.485558,1.000000
0.485972,1.000000
0.486386,1.000000
0.486800,1.000000
0.487215,1.000000
0.487629,1.000000
0.488043,1.000000
0.488457,1.000000
0.488872,1.000000
0.489286,1.000000
0.489700,1.000000
0.490114,1.000000
0.490529,1.000000
0.490943,1.000000
0.491357,1.000000
0.491771,1.000000
0.492186,1.000000
0.492600,1.000000
0.493014,1.000000
0.493428,1.000000
0.493843,1.000000
0.494257,1.000000
0.494671,1.000000
0.495085,1.000000
0.495500,1.000000
0.495914,1.000000
0.496328,1.000000
0.496742,1.000000
0.497157,1.000000
0.497571,1.000000
0.497985,1.000000
0.498399,1.000000
0.498814,1.000000
0.499228,1.000000
0.499642,1.000000
0.500056,1.000000
0.500471,1.000000
0.500885,1.000000
0.501299,1.000000
0.501713,1.000000
0.502128,1.000000
0.502542,1.000000
0.502956,1.000000
0.503370,1.000000
0.503785,1.000000
0.504199,1.000000
0.504613,1.000000
0.505027,1.000000
0.505442,1.000000
0.505856,1.000000
0.506270,1.000000
0.506684,1.000000
0.507099,1.000000
0.507513,1.000000
0.507927,1.000000
0.508341,1.000000
0.508756,1.000000
0.509170,1.000000
0.509584,1.000000
0.509998,1.000000
0.510413,1.000000
0.510827,1.000000
0.511241,1.000000
0.511655,1.000000
0.512070,1.000000
0.512484,1.000000
0.512898,1.000000
0.513312,1.000000
0.513727,1.000000
0.514141,1.000000
0.514555,1.000000
0.514969,1.000000
0.515384,1.000000
0.515798,1.000000
0.516212,1.000000
0.516626,1.000000
0.517041,1.000000
0.517455,1.000000
0.517869,1.000000
0.518283,1.000000
0.518697,1.000000
0.519112,1.000000
0.519526,1.000000
0.519940,1.000000
0.520354,1.000000
0.520769,1.000000
0.521183,1.000000
0.521597,1.000000
0.522011,1.000000
0.522426,1.000000
0.522840,1.000000
0.523254,1.000000
0.523668,1.000000
0.524083,1.000000
0.524497,1.000000
0.524911,1.000000
0.525325,1.000000
0.525740,1.000000
0.526154,1.000000
0.526568,1.000000
0.526982,1.000000
0.527397,1.000000
0.527811,1.000000
0.528225,1.000000
0.528639,1.000000
0.529054,1.000000
0.529468,1.000000
0.529882,1.000000
0.530296,1.000000
0.530711,1.000000
0.531125,1.000000
0.531539,1.000000
0.531953,1.000000
0.532368,1.000000
0.532782,1.000000
0.533196,1.000000
0.533610,1.000000
0.534025,1.000000
0.534439,1.000000
0.534853,1.000000
0.535267,1.000000
0.535682,1.000000
0.536096,1.000000
0.536510,1.000000
0.536924,1.000000
0.537339,1.000000
0.537753,1.000000
0.538167,1.000000
0.538581,1.000000
0.538996,1.000000
0.539410,1.000000
0.539824,1.000000
0.540238,1.000000
0.540653,1.000000
0.541067,1.000000
0.541481,1.000000
0.541895,1.000000
0.542310,1.000000
0.542724,1.000000
0.543138,1.000000
0.543552,1.000000
0.543967,1.000000
0.544381,1.000000
0.544795,1.000000
0.545209,1.000000
0.545624,1.000000
0.546038,1.000000
0.546452,1.000000
0.546866,1.000000
0.547281,1.000000
0.547695,1.000000
0.548109,1.000000
0.548523,1.000000
0.548938,1.000000
0.549352,1.000000
0.549766,1.000000
0.550180,1.000000
0.550595,1.000000
0.551009,1.000000
0.551423,1.000000
0.551837,1.000000
0.552252,1.000000
0.552666,1.000000
0.553080,1.000000
0.553494,1.000000
0.553909,1.000000
0.554323,1.000000
0.554737,1.000000
0.555151,1.000000
0.555566,1.000000
0.555980,1.000000
0.556394,1.000000
0.556808,1.000000
0.557223,1.000000
0.557637,1.000000
0.558051,1.000000
0.558465,1.000000
0.558879,1.000000
0.559294,1.000000
0.559708,1.000000
0.560122,1.000000
0.560536,1.000000
0.560951,1.000000
0.561365,1.000000
0.561779,1.000000
0.562193,1.000000
0.562608,1.000000
0.563022,1.000000
0.563436,1.000000
0.563850,1.000000
0.564265,1.000000
0.564679,1.000000
0.565093,1.000000
0.565507,1.000000
0.565922,0.999999
0.566336,0.999999
0.566750,0.999999
0.567164,0.999999
0.567579,0.999999
0.567993,0.999999
0.568407,0.999999
0.568821,0.999999
0.569236,0.999999
0.569650,0.999999
0.570064,0.999999
0.570478,0.999999
0.570893,0.999999
0.571307,0.999999
0.571721,0.999999
0.572135,0.999999
0.572550,0.999999
0.572964,0.999999
0.573378,0.999999
0.573792,0.999999
0.574207,0.999999
0.574621,0.999999
0.575035,0.999999
0.575449,0.999999
0.575864,0.999999
0.576278,0.999999
0.576692,0.999999
0.577106,0.999999
0.577521,0.999999
0.577935,0.999999
0.578349,0.999999
0.578763,0.999999
0.579178,0.999999
0.579592,0.999999
0.580006,0.999999
0.580420,0.999999
0.580835,0.999999
0.581249,0.999999
0.581663,0.999999
0.582077,0.999999
0.582492,0.999999
0.582906,0.999999
0.583320,0.999999
0.583734,0.999999
0.584149,0.999999
0.584563,0.999999
0.584977,0.999999
0.585391,0.999999
0.585806,0.999999
0.586220,0.999999
0.586634,0.999999
0.587048,0.999999
0.587463,0.999999
0.587877,0.999999
0.588291,0.999999
0.588705,0.999999
0.589120,0.999999
0.589534,0.999999
0.589948,0.999999
0.590362,0.999999
0.590777,0.999999
0.591191,0.999999
0.591605,0.999999
0.592019,0.999999
0.592434,0.999999
0.592848,0.999999
0.593262,0.999999
0.593676,0.999999
0.594091,0.999999
0.594505,0.999999
0.594919,0.999999
0.595333,0.999999
0.595748,0.999999
0.596162,0.999999
0.596576,0.999999
0.596990,0.999999
0.597405,0.999999
0.597819,0.999999
0.598233,0.999999
0.598647,0.999999
0.599061,0.999999
0.599476,0.999999
0.599890,0.999999
0.600304,0.999999
0.600718,0.999999
0.601133,0.999999
0.601547,0.999999
0.601961,0.999999
0.602375,0.999999
0.602790,0.999999
0.603204,0.999999
0.603618,0.999999
0.604032,0.999999
0.604447,0.999999
0.604861,0.999999
0.605275,0.999999
0.605689,0.999999
0.606104,0.999999
0.606518,0.999999
0.606932,0.999999
0.607346,0.999999
0.607761,0.999999
0.608175,0.999999
0.608589,0.999999
0.609003,0.999999
0.609418,0.999999
0.609832,0.999999
0.610246,0.999999
0.610660,0.999999
0.611075,0.999999
0.611489,0.999999
0.611903,0.999999
0.612317,0.999999
0.612732,0.999999
0.613146,0.999999
0.613560,0.999999
0.613974,0.999999
0.614389,0.999999
0.614803,0.999999
0.615217,0.999999
0.615631,0.999999
0.616046,0.999999
0.616460,0.999999
0.616874,0.999999
0.617288,0.999999
0.617703,0.999999
0.618117,0.999999
0.618531,0.999999
0.618945,0.999999
0.619360,0.999999
0.619774,0.999999
0.620188,0.999999
0.620602,0.999999
0.621017,0.999999
0.621431,0.999999
0.621845,0.999999
0.622259,0.999999
0.622674,0.999999
0.623088,0.999999
0.623502,0.999999
0.623916,0.999999
0.624331,0.999999
0.624745,0.999999
0.625159,0.999999
0.625573,0.999999
0.625988,0.999999
0.626402,0.999999
0.626816,0.999999
0.627230,0.999999
0.627645,0.999999
0.628059,0.999999
0.628473,0.999999
0.628887,0.999999
0.629302,0.999999
0.629716,0.999999
0.630130,0.999999
0.630544,0.999999
0.630959,0.999999
0.631373,0.999999
0.631787,0.999999
0.632201,0.999999
0.632616,0.999999
0.633030,0.999999
0.633444,0.999999
0.633858,0.999999
0.634273,0.999999
0.634687,0.999999
0.635101,0.999999
0.635515,0.999999
0.635930,0.999999
0.636344,0.999999
0.636758,0.999999
0.637172,0.999999
0.637587,0.999999
0.638001,0.999999
0.638415,0.999999
0.638829,0.999999
0.639243,0.999999
0.639658,0.999999
0.640072,0.999999
0.640486,0.999999
0.640900,0.999999
0.641315,0.999999
0.641729,0.999999
0.642143,0.999999
0.642557,0.999999
0.642972,0.999999
0.643386,0.999999
0.643800,0.999999
0.644214,0.999999
0.644629,0.999999
0.645043,0.999999
0.645457,0.999999
0.645871,0.999999
0.646286,0.999999
0.646700,0.999999
0.647114,0.999999
0.647528,0.999999
0.647943,0.999999
0.648357,0.999999
0.648771,0.999999
0.649185,0.999999
0.649600,0.999999
0.650014,0.999999
0.650428,0.999999
0.650842,0.999999
0.651257,0.999999
0.651671,0.999999
0.652085,0.999999
0.652499,0.999999
0.652914,0.999999
0.653328,0.999999
0.653742,0.999999
0.654156,0.999999
0.654571,0.999999
0.654985,0.999999
0.655399,0.999999
0.655813,0.999999
0.656228,0.999999
0.656642,0.999999
0.657056,0.999999
0.657470,0.999999
0.657885,0.999999
0.658299,0.999999
0.658713,0.999999
0.659127,0.999999
0.659542,0.999999
0.659956,0.999999
0.660370,0.999999
0.660784,0.999999
0.661199,0.999999
0.661613,0.999999
0.662027,0.999999
0.662441,0.999999
0.662856,0.999999
0.663270,0.999999
0.663684,0.999999
0.664098,0.999999
0.664513,0.999999
0.664927,0.999999
0.665341,0.999999
0.665755,0.999999
0.666170,0.999999
0.666584,0.999999
0.666998,0.999999
0.667412,0.999999
0.667827,0.999999
0.668241,0.999999
0.668655,0.999999
0.669069,0.999999
0.669484,0.999999
0.669898,0.999999
0.670312,0.999999
0.670726,0.999999
0.671141,0.999999
0.671555,0.999999
0.671969,0.999999
0.672383,0.999999
0.672798,0.999999
0.673212,0.999999
0.673626,0.999999
0.674040,0.999999
0.674455,0.999999
0.674869,0.999999
0.675283,0.999999
0.675697,0.999999
0.676112,0.999999
0.676526,0.999999
0.676940,0.999999
0.677354,0.999999
0.677769,0.999999
0.678183,0.999999
0.678597,0.999999
0.679011,0.999999
0.679425,0.999999
0.679840,0.999999
0.680254,0.999999
0.680668,0.999999
0.681082,0.999999
0.681497,0.999999
0.681911,0.999999
0.682325,0.999999
0.682739,0.999999
0.683154,0.999999
0.683568,0.999999
0.683982,0.999999
0.684396,0.999999
0.684811,0.999999
0.685225,0.999999
0.685639,0.999999
0.686053,0.999999
0.686468,0.999999
0.686882,0.999999
0.687296,0.999999
0.687710,0.999999
0.688125,0.999999
0.688539,0.999999
0.688953,0.999999
0.689367,0.999999
0.689782,0.999999
0.690196,0.999999
0.690610,0.999999
0.691024,0.999999
0.691439,0.999999
0.691853,0.999999
0.692267,0.999999
0.692681,0.999999
0.693096,0.999999
0.693510,0.999999
0.693924,0.999999
0.694338,0.999999
0.694753,0.999999
0.695167,0.999999
0.695581,0.999999
0.695995,0.999999
0.696410,0.999999
0.696824,0.999999
0.697238,0.999999
0.697652,0.999999
0.698067,0.999999
0.698481,0.999999
0.698895,0.999999
0.699309,0.999999
0.699724,0.999999
0.700138,0.999999
0.700552,0.999999
0.700966,0.999999
0.701381,0.999999
0.701795,0.999999
0.702209,0.999999
0.702623,0.999999
0.703038,0.999999
0.703452,0.999999
0.703866,0.999999
0.704280,0.999999
0.704695,0.999999
0.705109,0.999999
0.705523,0.999999
0.705937,0.999999
0.706352,0.999999
0.706766,0.999999
0.707180,0.999999
0.707594,0.999999
0.708009,0.999999
0.708423,0.999999
0.708837,0.999999
0.709251,0.999999
0.709666,0.999999
0.710080,0.999999
0.710494,0.999999
0.710908,0.999999
0.711323,0.999999
0.711737,0.999999
0.712151,0.999999
0.712565,0.999999
0.712980,0.999999
0.713394,0.999999
0.713808,0.999999
0.714222,0.999999
0.714637,0.999999
0.715051,0.999999
0.715465,0.999999
0.715879,0.999999
0.716294,0.999999
0.716708,0.999999
0.717122,0.999999
0.717536,0.999999
0.717951,0.999999
0.718365,0.999999
0.718779,0.999999
0.719193,0.999999
0.719608,0.999999
0.720022,0.999999
0.720436,0.999999
0.720850,0.999999
0.721264,0.999999
0.721679,0.999999
0.722093,0.999999
0.722507,0.999999
0.722921,0.999999
0.723336,0.999999
0.723750,0.999999
0.724164,0.999999
0.724578,0.999999
0.724993,0.999999
0.725407,0.999999
0.725821,0.999999
0.726235,0.999999
0.726650,0.999999
0.727064,0.999999
0.727478,0.999999
0.727892,0.999999
0.728307,0.999999
0.728721,0.999999
0.729135,0.999999
0.729549,0.999999
0.729964,0.999999
0.730378,0.999999
0.730792,0.999999
0.731206,0.999999
0.731621,0.999999
0.732035,0.999999
0.732449,0.999999
0.732863,0.999999
0.733278,0.999999
0.733692,0.999999
0.734106,0.999999
0.734520,0.999999
0.734935,0.999999
0.735349,0.999999
0.735763,0.999999
0.736177,0.999999
0.736592,0.999999
0.737006,0.999999
0.737420,0.999999
0.737834,0.999999
0.738249,0.999999
0.738663,0.999999
0.739077,0.999999
0.739491,0.999999
0.739906,0.999999
0.740320,0.999999
0.740734,0.999999
0.741148,0.999999
0.741563,0.999999
0.741977,0.999999
0.742391,0.999999
0.742805,0.999999
0.743220,0.999999
0.743634,0.999999
0.744048,0.999999
0.744462,0.999999
0.744877,0.999999
0.745291,0.999999
0.745705,0.999999
0.746119,0.999999
0.746534,0.999999
0.746948,0.999999
0.747362,0.999999
0.747776,0.999999
0.748191,0.999999
0.748605,0.999999
0.749019,0.999999
0.749433,0.999999
0.749848,0.999999
0.750262,0.999999
0.750676,0.999999
0.751090,0.999999
0.751505,0.999999
0.751919,0.999999
0.752333,0.999999
0.752747,0.999999
0.753162,0.999999
0.753576,0.999999
0.753990,0.999999
0.754404,0.999999
0.754819,0.999999
0.755233,0.999999
0.755647,0.999999
0.756061,0.999999
0.756476,0.999999
0.756890,0.999999
0.757304,0.999999
0.757718,0.999999
0.758133,0.999999
0.758547,0.999999
0.758961,0.999999
0.759375,0.999999
0.759790,0.999999
0.760204,0.999999
0.760618,0.999999
0.761032,0.999999
0.761446,0.999999
0.761861,0.999999
0.762275,0.999999
0.762689,0.999999
0.763103,0.999999
0.763518,0.999999
0.763932,0.999999
0.764346,0.999999
0.764760,0.999999
0.765175,0.999999
0.765589,0.999999
0.766003,0.999999
0.766417,0.999999
0.766832,0.999999
0.767246,0.999999
0.767660,0.999999
0.768074,0.999999
0.768489,0.999999
0.768903,0.999999
0.769317,0.999999
0.769731,0.999999
0.770146,0.999999
0.770560,0.999999
0.770974,0.999999
0.771388,0.999999
0.771803,0.999999
0.772217,0.999999
0.772631,0.999999
0.773045,0.999999
0.773460,0.999999
0.773874,0.999999
0.774288,0.999999
0.774702,0.999999
0.775117,0.999999
0.775531,0.999999
0.775945,0.999999
0.776359,0.999999
0.776774,0.999999
0.777188,0.999999
0.777602,0.999999
0.778016,0.999999
0.778431,0.999999
0.778845,0.999999
0.779259,0.999999
0.779673,0.999999
0.780088,0.999999
0.780502,0.999999
0.780916,0.999999
0.781330,0.999999
0.781745,0.999999
0.782159,0.999999
0.782573,0.999999
0.782987,0.999999
0.783402,0.999999
0.783816,0.999999
0.784230,0.999999
0.784644,0.999999
0.785059,0.999999
0.785473,0.999999
0.785887,0.999999
0.786301,0.999999
0.786716,0.999999
0.787130,0.999999
0.787544,0.999999
0.787958,0.999999
0.788373,0.999999
0.788787,0.999999
0.789201,0.999999
0.789615,0.999999
0.790030,0.999999
0.790444,0.999999
0.790858,0.999999
0.791272,0.999999
0.791687,0.999999
0.792101,0.999999
0.792515,0.999999
0.792929,0.999999
0.793344,0.999999
0.793758,0.999999
0.794172,0.999999
0.794586,0.999999
0.795001,0.999999
0.795415,0.999999
0.795829,0.999999
0.796243,0.999999
0.796658,0.999999
0.797072,0.999999
0.797486,0.999999
0.797900,0.999999
0.798315,0.999999
0.798729,0.999999
0.799143,0.999999
0.799557,0.999999
0.799972,0.999999
0.800386,0.999999
0.800800,0.999999
0.801214,0.999999
0.801629,0.999999
0.802043,0.999999
0.802457,0.999999
0.802871,0.999999
0.803285,0.999999
0.803700,0.999999
0.804114,0.999999
0.804528,0.999999
0.804942,0.999999
0.805357,0.999999
0.805771,0.999999
0.806185,0.999999
0.806599,0.999999
0.807014,0.999999
0.807428,0.999999
0.807842,0.999999
0.808256,0.999999
0.808671,0.999999
0.809085,0.999999
0.809499,0.999999
0.809913,0.999999
0.810328,0.999999
0.810742,0.999999
0.811156,0.999999
0.811570,0.999999
0.811985,0.999999
0.812399,0.999999
0.812813,0.999999
0.813227,0.999999
0.813642,0.999999
0.814056,0.999999
0.814470,0.999999
0.814884,0.999999
0.815299,0.999999
0.815713,0.999999
0.816127,0.999999
0.816541,0.999999
0.816956,0.999999
0.817370,0.999999
0.817784,0.999999
0.818198,0.999999
0.818613,0.999999
0.819027,0.999999
0.819441,0.999999
0.819855,0.999999
0.820270,0.999999
0.820684,0.999999
0.821098,0.999999
0.821512,0.999999
0.821927,0.999999
0.822341,0.999999
0.822755,0.999999
0.823169,0.999999
0.823584,0.999999
0.823998,0.999999
0.824412,0.999999
0.824826,0.999999
0.825241,0.999999
0.825655,0.999999
0.826069,0.999999
0.826483,0.999999
0.826898,0.999999
0.827312,0.999999
0.827726,0.999999
0.828140,0.999999
0.828555,0.999999
0.828969,0.999999
0.829383,0.999999
0.829797,0.999999
0.830212,0.999999
0.830626,0.999999
0.831040,0.999999
0.831454,0.999999
0.831869,0.999999
0.832283,0.999999
0.832697,0.999999
0.833111,0.999999
0.833526,0.999999
0.833940,0.999999
0.834354,0.999999
0.834768,0.999999
0.835183,0.999999
0.835597,0.999999
0.836011,0.999999
0.836425,0.999999
0.836840,0.999999
0.837254,0.999999
0.837668,0.999999
0.838082,0.999999
0.838497,0.999999
0.838911,0.999999
0.839325,0.999999
0.839739,0.999999
0.840154,0.999999
0.840568,0.999999
0.840982,0.999999
0.841396,0.999999
0.841811,0.999999
0.842225,0.999999
0.842639,0.999999
0.843053,0.999999
0.843468,0.999999
0.843882,0.999999
0.844296,0.999999
0.844710,0.999999
0.845124,0.999999
0.845539,0.999999
0.845953,0.999999
0.846367,0.999999
0.846781,0.999999
0.847196,0.999999
0.847610,0.999999
0.848024,0.999999
0.848438,0.999999
0.848853,0.999999
0.849267,0.999999
0.849681,0.999999
0.850095,0.999999
0.850510,0.999999
0.850924,0.999998
0.851338,0.999998
0.851752,0.999998
0.852167,0.999998
0.852581,0.999998
0.852995,0.999998
0.853409,0.999998
0.853824,0.999998
0.854238,0.999998
0.854652,0.999998
0.855066,0.999998
0.855481,0.999998
0.855895,0.999998
0.856309,0.999998
0.856723,0.999998
0.857138,0.999998
0.857552,0.999998
0.857966,0.999998
0.858380,0.999998
0.858795,0.999998
0.859209,0.999998
0.859623,0.999998
0.860037,0.999998
0.860452,0.999998
0.860866,0.999998
0.861280,0.999998
0.861694,0.999998
0.862109,0.999998
0.862523,0.999998
0.862937,0.999998
0.863351,0.999998
0.863766,0.999998
0.864180,0.999998
0.864594,0.999998
0.865008,0.999998
0.865423,0.999998
0.865837,0.999998
0.866251,0.999998
0.866665,0.999998
0.867080,0.999998
0.867494,0.999998
0.867908,0.999998
0.868322,0.999998
0.868737,0.999998
0.869151,0.999998
0.869565,0.999998
0.869979,0.999998
0.870394,0.999998
0.870808,0.999998
0.871222,0.999998
0.871636,0.999998
0.872051,0.999998
0.872465,0.999998
0.872879,0.999998
0.873293,0.999998
0.873708,0.999998
0.874122,0.999998
0.874536,0.999998
0.874950,0.999998
0.875365,0.999998
0.875779,0.999998
0.876193,0.999998
0.876607,0.999998
0.877022,0.999998
0.877436,0.999998
0.877850,0.999998
0.878264,0.999998
0.878679,0.999998
0.879093,0.999998
0.879507,0.999998
0.879921,0.999998
0.880336,0.999998
0.880750,0.999998
0.881164,0.999998
0.881578,0.999998
0.881993,0.999998
0.882407,0.999998
0.882821,0.999998
0.883235,0.999998
0.883650,0.999998
0.884064,0.999998
0.884478,0.999998
0.884892,0.999998
0.885306,0.999998
0.885721,0.999998
0.886135,0.999998
0.886549,0.999998
0.886963,0.999998
0.887378,0.999998
0.887792,0.999998
0.888206,0.999998
0.888620,0.999998
0.889035,0.999998
0.889449,0.999998
0.889863,0.999998
0.890277,0.999998
0.890692,0.999998
0.891106,0.999998
0.891520,0.999998
0.891934,0.999998
0.892349,0.999998
0.892763,0.999998
0.893177,0.999998
0.893591,0.999998
0.894006,0.999998
0.894420,0.999998
0.894834,0.999998
0.895248,0.999998
0.895663,0.999998
0.896077,0.999998
0.896491,0.999998
0.896905,0.999998
0.897320,0.999998
0.897734,0.999998
0.898148,0.999998
0.898562,0.999998
0.898977,0.999998
0.899391,0.999998
0.899805,0.999998
0.900219,0.999998
0.900634,0.999998
0.901048,0.999998
0.901462,0.999998
0.901876,0.999998
0.902291,0.999998
0.902705,0.999998
0.903119,0.999998
0.903533,0.999998
0.903948,0.999998
0.904362,0.999998
0.904776,0.999998
0.905190,0.999998
0.905605,0.999998
0.906019,0.999998
0.906433,0.999998
0.906847,0.999998
0.907262,0.999998
0.907676,0.999998
0.908090,0.999998
0.908504,0.999998
0.908919,0.999998
0.909333,0.999998
0.909747,0.999998
0.910161,0.999998
0.910576,0.999998
0.910990,0.999998
0.911404,0.999998
0.911818,0.999998
0.912233,0.999998
0.912647,0.999998
0.913061,0.999998
0.913475,0.999998
0.913890,0.999998
0.914304,0.999998
0.914718,0.999998
0.915132,0.999998
0.915547,0.999998
0.915961,0.999998
0.916375,0.999998
0.916789,0.999998
0.917204,0.999998
0.917618,0.999998
0.918032,0.999998
0.918446,0.999998
0.918861,0.999998
0.919275,0.999998
0.919689,0.999998
0.920103,0.999998
0.920518,0.999998
0.920932,0.999998
0.921346,0.999998
0.921760,0.999998
0.922175,0.999998
0.922589,0.999998
0.923003,0.999998
0.923417,0.999998
0.923832,0.999998
0.924246,0.999998
0.924660,0.999998
0.925074,0.999998
0.925489,0.999998
0.925903,0.999998
0.926317,0.999998
0.926731,0.999998
0.927145,0.999998
0.927560,0.999998
0.927974,0.999998
0.928388,0.999998
0.928802,0.999998
0.929217,0.999998
0.929631,0.999998
0.930045,0.999998
0.930459,0.999998
0.930874,0.999998
0.931288,0.999998
0.931702,0.999998
0.932116,0.999998
0.932531,0.999998
0.932945,0.999998
0.933359,0.999998
0.933773,0.999998
0.934188,0.999998
0.934602,0.999998
0.935016,0.999998
0.935430,0.999998
0.935845,0.999998
0.936259,0.999998
0.936673,0.999998
0.937087,0.999998
0.937502,0.999998
0.937916,0.999998
0.938330,0.999998
0.938744,0.999998
0.939159,0.999998
0.939573,0.999998
0.939987,0.999998
0.940401,0.999998
0.940816,0.999998
0.941230,0.999998
0.941644,0.999998
0.942058,0.999998
0.942473,0.999998
0.942887,0.999998
0.943301,0.999998
0.943715,0.999998
0.944130,0.999998
0.944544,0.999998
0.944958,0.999998
0.945372,0.999998
0.945787,0.999998
0.946201,0.999998
0.946615,0.999998
0.947029,0.999998
0.947444,0.999998
0.947858,0.999998
0.948272,0.999998
0.948686,0.999998
0.949101,0.999998
0.949515,0.999998
0.949929,0.999998
0.950343,0.999998
0.950758,0.999998
0.951172,0.999998
0.951586,0.999998
0.952000,0.999998
0.952415,0.999998
0.952829,0.999998
0.953243,0.999998
0.953657,0.999998
0.954072,0.999998
0.954486,0.999998
0.954900,0.999998
0.955314,0.999998
0.955729,0.999998
0.956143,0.999998
0.956557,0.999998
0.956971,0.999998
0.957386,0.999998
0.957800,0.999998
0.958214,0.999998
0.958628,0.999998
0.959043,0.999998
0.959457,0.999998
0.959871,0.999998
0.960285,0.999998
0.960700,0.999998
0.961114,0.999998
0.961528,0.999998
0.961942,0.999998
0.962357,0.999998
0.962771,0.999998
0.963185,0.999998
0.963599,0.999998
0.964014,0.999998
0.964428,0.999998
0.964842,0.999998
0.965256,0.999998
0.965671,0.999998
0.966085,0.999998
0.966499,0.999998
0.966913,0.999998
0.967328,0.999998
0.967742,0.999998
0.968156,0.999998
0.968570,0.999998
0.968985,0.999998
0.969399,0.999998
0.969813,0.999998
0.970227,0.999998
0.970641,0.999998
0.971056,0.999998
0.971470,0.999998
0.971884,0.999998
0.972298,0.999998
0.972713,0.999998
0.973127,0.999998
0.973541,0.999998
0.973955,0.999998
0.974370,0.999998
0.974784,0.999998
0.975198,0.999998
0.975612,0.999998
0.976027,0.999998
0.976441,0.999998
0.976855,0.999998
0.977269,0.999998
0.977684,0.999998
0.978098,0.999998
0.978512,0.999998
0.978926,0.999998
0.979341,0.999998
0.979755,0.999998
0.980169,0.999998
0.980583,0.999998
0.980998,0.999998
0.981412,0.999998
0.981826,0.999998
0.982240,0.999998
0.982655,0.999998
0.983069,0.999998
0.983483,0.999998
0.983897,0.999998
0.984312,0.999998
0.984726,0.999998
0.985140,0.999998
0.985554,0.999998
0.985969,0.999998
0.986383,0.999998
0.986797,0.999998
0.987211,0.999998
0.987626,0.999998
0.988040,0.999998
0.988454,0.999998
0.988868,0.999998
0.989283,0.999998
0.989697,0.999998
0.990111,0.999998
0.990525,0.999998
0.990940,0.999998
0.991354,0.999998
0.991768,0.999998
0.992182,0.999998
0.992597,0.999998
0.993011,0.999998
0.993425,0.999998
0.993839,0.999998
0.994254,0.999998
0.994668,0.999998
0.995082,0.999998
0.995496,0.999998
0.995911,0.999998
0.996325,0.999998
0.996739,0.999998
0.997153,0.999998
0.997568,0.999998
0.997982,0.999998
0.998396,0.999998
0.998810,0.999998
0.999225,0.999998
0.999639,0.999998
1.000053,0.999998
1.000467,0.999998
1.000882,0.999998
1.001296,0.999998
1.001710,0.999998
1.002124,0.999998
1.002539,0.999998
1.002953,0.999998
1.003367,0.999998
1.003782,0.999998
1.004196,0.999998
1.004611,0.999998
1.005025,0.999998
1.005439,0.999998
1.005854,0.999998
1.006268,0.999998
1.006683,0.999998
1.007097,0.999998
1.007512,0.999998
1.007926,0.999998
1.008341,0.999998
1.008755,0.999998
1.009169,0.999998
1.009584,0.999998
1.009998,0.999998
1.010413,0.999998
1.010827,0.999998
1.011242,0.999998
1.011656,0.999998
1.012070,0.999998
1.012485,0.999998
1.012899,0.999998
1.013313,0.999998
1.013728,0.999998
1.014142,0.999998
1.014556,0.999998
1.014970,0.999998
1.015384,0.999998
1.015798,0.999998
1.016212,0.999998
1.016626,0.999998
1.017040,0.999998
1.017454,0.999998
1.017868,0.999998
1.018281,0.999998
1.018695,0.999998
1.019108,0.999998
1.019522,0.999998
1.019935,0.999998
1.020349,0.999998
1.020762,0.999998
1.021176,0.999998
1.021589,0.999998
1.022003,0.999998
1.022416,0.999998
1.022829,0.999998
1.023242,0.999998
1.023656,0.999998
1.024069,0.999998
1.024482,0.999998
1.024896,0.999998
1.025309,0.999998
1.025722,0.999998
1.026135,0.999998
1.026548,0.999998
1.026962,0.999998
1.027375,0.999998
1.027788,0.999998
1.028201,0.999998
1.028614,0.999998
1.029028,0.999998
1.029441,0.999998
1.029854,0.999998
1.030267,0.999998
1.030680,0.999998
1.031094,0.999998
1.031507,0.999998
1.031920,0.999998
1.032333,0.999998
1.032746,0.999998
1.033160,0.999998
1.033573,0.999998
1.033986,0.999998
1.034399,0.999998
1.034813,0.999998
1.035226,0.999998
1.035639,0.999998
1.036053,0.999998
1.036466,0.999998
1.036879,0.999998
1.037292,0.999998
1.037706,0.999998
1.038119,0.999998
1.038532,0.999998
1.038945,0.999998
1.039359,0.999998
1.039772,0.999998
1.040185,0.999998
1.040599,0.999998
1.041012,0.999998
1.041425,0.999998
1.041838,0.999998
1.042252,0.999998
1.042665,0.999998
1.043078,0.999998
1.043491,0.999998
1.043905,0.999998
1.044318,0.999998
1.044731,0.999998
1.045144,0.999998
1.045558,0.999998
1.045971,0.999998
1.046384,0.999998
1.046797,0.999998
1.047211,0.999998
1.047624,0.999998
1.048037,0.999998
1.048450,0.999998
1.048864,0.999998
1.049277,0.999998
1.049690,0.999998
1.050103,0.999998
1.050517,0.999998
1.050930,0.999998
1.051343,0.999998
1.051756,0.999998
1.052170,0.999998
1.052583,0.999998
1.052996,0.999998
1.053409,0.999998
1.053823,0.999998
1.054236,0.999998
1.054649,0.999998
1.055062,0.999998
1.055476,0.999998
1.055889,0.999998
1.056302,0.999998
1.056715,0.999998
1.057129,0.999998
1.057542,0.999998
1.057955,0.999998
1.058368,0.999998
1.058782,0.999998
1.059195,0.999998
1.059608,0.999998
1.060021,0.999998
1.060435,0.999998
1.060848,0.999998
1.061261,0.999998
1.061674,0.999998
1.062088,0.999998
1.062501,0.999998
1.062914,0.999998
1.063327,0.999998
1.063741,0.999998
1.064154,0.999998
1.064567,0.999998
1.064980,0.999998
1.065394,0.999998
1.065807,0.999998
1.066220,0.999998
1.066633,0.999998
1.067047,0.999998
1.067460,0.999998
1.067873,0.999998
1.068286,0.999998
1.068700,0.999998
1.069113,0.999998
1.069526,0.999998
1.069939,0.999998
1.070353,0.999998
1.070766,0.999998
1.071179,0.999998
1.071592,0.999998
1.072006,0.999998
1.072419,0.999998
1.072832,0.999998
1.073245,0.999998
1.073659,0.999998
1.074072,0.999998
1.074485,0.999998
1.074898,0.999998
1.075312,0.999998
1.075725,0.999998
1.076138,0.999998
1.076551,0.999998
1.076965,0.999998
1.077378,0.999998
1.077791,0.999998
1.078204,0.999998
1.078618,0.999998
1.079031,0.999998
1.079444,0.999998
1.079857,0.999998
1.080271,0.999998
1.080684,0.999998
1.081097,0.999998
1.081510,0.999998
1.081924,0.999998
1.082337,0.999998
1.082750,0.999998
1.083163,0.999998
1.083577,0.999998
1.083990,0.999998
1.084403,0.999998
1.084816,0.999998
1.085230,0.999998
1.085643,0.999998
1.086056,0.999998
1.086469,0.999998
1.086883,0.999998
1.087296,0.999998
1.087709,0.999998
1.088122,0.999998
1.088536,0.999998
1.088949,0.999998
1.089362,0.999998
1.089775,0.999998
1.090189,0.999998
1.090602,0.999998
1.091015,0.999998
1.091428,0.999998
1.091842,0.999998
1.092255,0.999998
1.092668,0.999998
1.093081,0.999998
1.093495,0.999998
1.093908,0.999998
1.094321,0.999998
1.094734,0.999998
1.095148,0.999998
1.095561,0.999998
1.095974,0.999998
1.096387,0.999998
1.096801,0.999998
1.097214,0.999998
1.097627,0.999998
1.098040,0.999998
1.098454,0.999998
1.098867,0.999998
1.099280,0.999998
1.099693,0.999998
1.100107,0.999998
1.100520,0.999998
1.100933,0.999998
1.101346,0.999998
1.101760,0.999998
1.102173,0.999998
1.102586,0.999998
1.102999,0.999998
1.103413,0.999998
1.103826,0.999998
1.104239,0.999998
1.104652,0.999998
1.105066,0.999998
1.105479,0.999998
1.105892,0.999998
1.106305,0.999998
1.106719,0.999998
1.107132,0.999998
1.107545,0.999998
1.107958,0.999998
1.108372,0.999998
1.108785,0.999998
1.109198,0.999998
1.109611,0.999998
1.110025,0.999998
1.110438,0.999998
1.110851,0.999998
1.111265,0.999998
1.111678,0.999998
1.112091,0.999998
1.112504,0.999998
1.112918,0.999998
1.113331,0.999998
1.113744,0.999998
1.114157,0.999998
1.114571,0.999998
1.114984,0.999998
1.115397,0.999998
1.115810,0.999998
1.116224,0.999998
1.116637,0.999998
1.117050,0.999998
1.117463,0.999998
1.117877,0.999998
1.118290,0.999998
1.118703,0.999998
1.119116,0.999998
1.119530,0.999998
1.119943,0.999998
1.120356,0.999998
1.120769,0.999998
1.121183,0.999998
1.121596,0.999998
1.122009,0.999998
1.122422,0.999998
1.122836,0.999998
1.123249,0.999998
1.123662,0.999998
1.124075,0.999998
1.124489,0.999998
1.124902,0.999998
1.125315,0.999998
1.125728,0.999998
1.126142,0.999998
1.126555,0.999998
1.126968,0.999998
1.127381,0.999998
1.127795,0.999998
1.128208,0.999998
1.128621,0.999998
1.129034,0.999998
1.129448,0.999998
1.129861,0.999998
1.130274,0.999998
1.130687,0.999998
1.131101,0.999998
1.131514,0.999998
1.131927,0.999998
1.132340,0.999998
1.132754,0.999998
1.133167,0.999998
1.133580,0.999998
1.133993,0.999998
1.134407,0.999998
1.134820,0.999998
1.135233,0.999997
1.135646,0.999997
1.136060,0.999997
1.136473,0.999997
1.136886,0.999997
1.137299,0.999997
1.137713,0.999997
1.138126,0.999997
1.138539,0.999997
1.138952,0.999997
1.139366,0.999997
1.139779,0.999997
1.140192,0.999997
1.140605,0.999997
1.141019,0.999997
1.141432,0.999997
1.141845,0.999997
1.142258,0.999997
1.142672,0.999997
1.143085,0.999997
1.143498,0.999997
1.143911,0.999997
1.144325,0.999997
1.144738,0.999997
1.145151,0.999997
1.145564,0.999997
1.145978,0.999997
1.146391,0.999997
1.146804,0.999997
1.147217,0.999997
1.147631,0.999997
1.148044,0.999997
1.148457,0.999997
1.148870,0.999997
1.149284,0.999997
1.149697,0.999997
1.150110,0.999997
1.150523,0.999997
1.150937,0.999997
1.151350,0.999997
1.151763,0.999997
1.152176,0.999997
1.152590,0.999997
1.153003,0.999997
1.153416,0.999997
1.153829,0.999997
1.154243,0.999997
1.154656,0.999997
1.155069,0.999997
1.155482,0.999997
1.155896,0.999997
1.156309,0.999997
1.156722,0.999997
1.157135,0.999997
1.157549,0.999997
1.157962,0.999997
1.158375,0.999997
1.158788,0.999997
1.159202,0.999997
1.159615,0.999997
1.160028,0.999997
1.160441,0.999997
1.160855,0.999997
1.161268,0.999997
1.161681,0.999997
1.162094,0.999997
1.162508,0.999997
1.162921,0.999997
1.163334,0.999997
1.163747,0.999997
1.164161,0.999997
1.164574,0.999997
1.164987,0.999997
1.165400,0.999997
1.165814,0.999997
1.166227,0.999997
1.166640,0.999997
1.167053,0.999997
1.167467,0.999997
1.167880,0.999997
1.168293,0.999997
1.168706,0.999997
1.169120,0.999997
1.169533,0.999997
1.169946,0.999997
1.170359,0.999997
1.170773,0.999997
1.171186,0.999997
1.171599,0.999997
1.172012,0.999997
1.172426,0.999997
1.172839,0.999997
1.173252,0.999997
1.173665,0.999997
1.174079,0.999997
1.174492,0.999997
1.174905,0.999997
1.175318,0.999997
1.175732,0.999997
1.176145,0.999997
1.176558,0.999997
1.176971,0.999997
1.177385,0.999997
1.177798,0.999997
1.178211,0.999997
1.178624,0.999997
1.179038,0.999997
1.179451,0.999997
1.179864,0.999997
1.180277,0.999997
1.180691,0.999997
1.181104,0.999997
1.181517,0.999997
1.181930,0.999997
1.182344,0.999997
1.182757,0.999997
1.183170,0.999997
1.183583,0.999997
1.183997,0.999997
1.184410,0.999997
1.184823,0.999997
1.185236,0.999997
1.185650,0.999997
1.186063,0.999997
1.186476,0.999997
1.186889,0.999997
1.187303,0.999997
1.187716,0.999997
1.188129,0.999997
1.188542,0.999997
1.188956,0.999997
1.189369,0.999997
1.189782,0.999997
1.190196,0.999997
1.190609,0.999997
1.191022,0.999997
1.191435,0.999997
1.191849,0.999997
1.192262,0.999997
1.192675,0.999997
1.193088,0.999997
1.193502,0.999997
1.193915,0.999997
1.194328,0.999997
1.194741,0.999997
1.195155,0.999997
1.195568,0.999997
1.195981,0.999997
1.196394,0.999997
1.196808,0.999997
1.197221,0.999997
1.197634,0.999997
1.198047,0.999997
1.198461,0.999997
1.198874,0.999997
1.199287,0.999997
1.199700,0.999997
1.200114,0.999997
1.200527,0.999997
1.200940,0.999997
1.201353,0.999997
1.201767,0.999997
1.202180,0.999997
1.202593,0.999997
1.203006,0.999997
1.203420,0.999997
1.203833,0.999997
1.204246,0.999997
1.204659,0.999997
1.205073,0.999997
1.205486,0.999997
1.205899,0.999997
1.206312,0.999997
1.206726,0.999997
1.207139,0.999997
1.207552,0.999997
1.207965,0.999997
1.208379,0.999997
1.208792,0.999997
1.209205,0.999997
1.209618,0.999997
1.210032,0.999997
1.210445,0.999997
1.210858,0.999997
1.211271,0.999997
1.211685,0.999997
1.212098,0.999997
1.212511,0.999997
1.212924,0.999997
1.213338,0.999997
1.213751,0.999997
1.214164,0.999997
1.214577,0.999997
1.214991,0.999997
1.215404,0.999997
1.215817,0.999997
1.216230,0.999997
1.216644,0.999997
1.217057,0.999997
1.217470,0.999997
1.217883,0.999997
1.218297,0.999997
1.218710,0.999997
1.219123,0.999997
1.219536,0.999997
1.219950,0.999997
1.220363,0.999997
1.220776,0.999997
1.221189,0.999997
1.221603,0.999997
1.222016,0.999997
1.222429,0.999997
1.222842,0.999997
1.223256,0.999997
1.223669,0.999997
1.224082,0.999997
1.224495,0.999997
1.224909,0.999997
1.225322,0.999997
1.225735,0.999997
1.226148,0.999997
1.226562,0.999997
1.226975,0.999997
1.227388,0.999997
1.227801,0.999997
1.228215,0.999997
1.228628,0.999997
1.229041,0.999997
1.229454,0.999997
1.229868,0.999997
1.230281,0.999997
1.230694,0.999997
1.231107,0.999997
1.231521,0.999997
1.231934,0.999997
1.232347,0.999997
1.232760,0.999997
1.233174,0.999997
1.233587,0.999997
1.234000,0.999997
1.234413,0.999997
1.234827,0.999997
1.235240,0.999997
1.235653,0.999997
1.236066,0.999997
1.236480,0.999997
1.236893,0.999997
1.237306,0.999997
1.237719,0.999997
1.238133,0.999997
1.238546,0.999997
1.238959,0.999997
1.239372,0.999997
1.239786,0.999997
1.240199,0.999997
1.240612,0.999997
1.241025,0.999997
1.241439,0.999997
1.241852,0.999997
1.242265,0.999997
1.242678,0.999997
1.243092,0.999997
1.243505,0.999997
1.243918,0.999997
1.244331,0.999997
1.244745,0.999997
1.245158,0.999997
1.245571,0.999997
1.245984,0.999997
1.246398,0.999997
1.246811,0.999997
1.247224,0.999997
1.247637,0.999997
1.248051,0.999997
1.248464,0.999997
1.248877,0.999997
1.249290,0.999997
1.249704,0.999997
1.250117,0.999997
1.250530,0.999997
1.250943,0.999997
1.251357,0.999997
1.251770,0.999997
1.252183,0.999997
1.252596,0.999997
1.253010,0.999997
1.253423,0.999997
1.253836,0.999997
1.254249,0.999997
1.254663,0.999997
1.255076,0.999997
1.255489,0.999997
1.255902,0.999997
1.256316,0.999997
1.256729,0.999997
1.257142,0.999997
1.257555,0.999997
1.257969,0.999997
1.258382,0.999997
1.258795,0.999997
1.259208,0.999997
1.259622,0.999997
1.260035,0.999997
1.260448,0.999997
1.260861,0.999997
1.261275,0.999997
1.261688,0.999997
1.262101,0.999997
1.262514,0.999997
1.262928,0.999997
1.263341,0.999997
1.263754,0.999997
1.264167,0.999997
1.264581,0.999997
1.264994,0.999997
1.265407,0.999997
1.265820,0.999997
1.266234,0.999997
1.266647,0.999997
1.267060,0.999997
1.267474,0.999997
1.267887,0.999997
1.268300,0.999997
1.268713,0.999997
1.269127,0.999997
1.269540,0.999997
1.269953,0.999997
1.270366,0.999997
1.270780,0.999997
1.271193,0.999997
1.271606,0.999997
1.272019,0.999997
1.272433,0.999997
1.272846,0.999997
1.273259,0.999997
1.273672,0.999997
1.274086,0.999997
1.274499,0.999997
1.274912,0.999997
1.275325,0.999997
1.275739,0.999997
1.276152,0.999997
1.276565,0.999997
1.276978,0.999997
1.277392,0.999997
1.277805,0.999997
1.278218,0.999997
1.278631,0.999997
1.279045,0.999997
1.279458,0.999997
1.279871,0.999997
1.280284,0.999997
1.280698,0.999997
1.281111,0.999997
1.281524,0.999997
1.281937,0.999997
1.282351,0.999997
1.282764,0.999997
1.283177,0.999997
1.283590,0.999997
1.284004,0.999997
1.284417,0.999997
1.284830,0.999997
1.285243,0.999997
1.285657,0.999997
1.286070,0.999997
1.286483,0.999997
1.286896,0.999997
1.287310,0.999997
1.287723,0.999997
1.288136,0.999997
1.288549,0.999997
1.288963,0.999997
1.289376,0.999997
1.289789,0.999997
1.290202,0.999997
1.290616,0.999997
1.291029,0.999997
1.291442,0.999997
1.291855,0.999997
1.292269,0.999997
1.292682,0.999997
1.293095,0.999997
1.293508,0.999997
1.293922,0.999997
1.294335,0.999997
1.294748,0.999997
1.295161,0.999997
1.295575,0.999997
1.295988,0.999997
1.296401,0.999997
1.296814,0.999997
1.297228,0.999997
1.297641,0.999997
1.298054,0.999997
1.298467,0.999997
1.298881,0.999997
1.299294,0.999997
1.299707,0.999997
1.300120,0.999997
1.300534,0.999997
1.300947,0.999997
1.301360,0.999997
1.301773,0.999997
1.302187,0.999997
1.302600,0.999997
1.303013,0.999997
1.303426,0.999997
1.303840,0.999997
1.304253,0.999997
1.304666,0.999997
1.305079,0.999997
1.305493,0.999997
1.305906,0.999997
1.306319,0.999997
1.306732,0.999997
1.307146,0.999997
1.307559,0.999997
1.307972,0.999997
1.308385,0.999997
1.308799,0.999997
1.309212,0.999997
1.309625,0.999997
1.310038,0.999997
1.310452,0.999997
1.310865,0.999997
1.311278,0.999997
1.311691,0.999997
1.312105,0.999997
1.312518,0.999997
1.312931,0.999997
1.313344,0.999997
1.313758,0.999997
1.314171,0.999997
1.314584,0.999997
1.314997,0.999997
1.315411,0.999997
1.315824,0.999997
1.316237,0.999997
1.316650,0.999997
1.317064,0.999997
1.317477,0.999997
1.317890,0.999997
1.318303,0.999997
1.318717,0.999997
1.319130,0.999997
1.319543,0.999997
1.319956,0.999997
1.320370,0.999997
1.320783,0.999997
1.321196,0.999997
1.321609,0.999997
1.322023,0.999997
1.322436,0.999997
1.322849,0.999997
1.323262,0.999997
1.323676,0.999997
1.324089,0.999997
1.324502,0.999997
1.324915,0.999997
1.325329,0.999997
1.325742,0.999997
1.326155,0.999997
1.326568,0.999997
1.326982,0.999997
1.327395,0.999997
1.327808,0.999997
1.328221,0.999997
1.328635,0.999997
1.329048,0.999997
1.329461,0.999997
1.329874,0.999997
1.330288,0.999997
1.330701,0.999997
1.331114,0.999997
1.331527,0.999997
1.331941,0.999997
1.332354,0.999997
1.332767,0.999997
1.333180,0.999997
1.333594,0.999997
1.334007,0.999997
1.334420,0.999997
1.334833,0.999997
1.335247,0.999997
1.335660,0.999997
1.336073,0.999997
1.336486,0.999997
1.336900,0.999997
1.337313,0.999997
1.337726,0.999997
1.338139,0.999997
1.338553,0.999997
1.338966,0.999997
1.339379,0.999997
1.339792,0.999997
1.340206,0.999997
1.340619,0.999997
1.341032,0.999997
1.341445,0.999997
1.341859,0.999997
1.342272,0.999997
1.342685,0.999997
1.343099,0.999997
1.343512,0.999997
1.343925,0.999997
1.344338,0.999997
1.344752,0.999997
1.345165,0.999997
1.345578,0.999997
1.345991,0.999997
1.346405,0.999997
1.346818,0.999997
1.347231,0.999997
1.347644,0.999997
1.348058,0.999997
1.348471,0.999997
1.348884,0.999997
1.349297,0.999997
1.349711,0.999997
1.350124,0.999997
1.350537,0.999997
1.350950,0.999997
1.351364,0.999997
1.351777,0.999997
1.352190,0.999997
1.352603,0.999997
1.353017,0.999997
1.353430,0.999997
1.353843,0.999997
1.354256,0.999997
1.354670,0.999997
1.355083,0.999997
1.355496,0.999997
1.355909,0.999997
1.356323,0.999997
1.356736,0.999997
1.357149,0.999997
1.357562,0.999997
1.357976,0.999997
1.358389,0.999997
1.358802,0.999997
1.359215,0.999997
1.359629,0.999997
1.360042,0.999997
1.360455,0.999997
1.360868,0.999997
1.361282,0.999997
1.361695,0.999997
1.362108,0.999997
1.362521,0.999997
1.362935,0.999997
1.363348,0.999997
1.363761,0.999997
1.364174,0.999997
1.364588,0.999997
1.365001,0.999997
1.365414,0.999997
1.365827,0.999997
1.366241,0.999997
1.366654,0.999997
1.367067,0.999997
1.367480,0.999997
1.367894,0.999997
1.368307,0.999997
1.368720,0.999997
1.369133,0.999997
1.369547,0.999997
1.369960,0.999997
1.370373,0.999997
1.370786,0.999997
1.371200,0.999997
1.371613,0.999997
1.372026,0.999997
1.372439,0.999997
1.372853,0.999997
1.373266,0.999997
1.373679,0.999997
1.374092,0.999997
1.374506,0.999997
1.374919,0.999997
1.375332,0.999997
1.375745,0.999997
1.376159,0.999997
1.376572,0.999997
1.376985,0.999997
1.377398,0.999997
1.377812,0.999997
1.378225,0.999997
1.378638,0.999997
1.379051,0.999997
1.379465,0.999997
1.379878,0.999997
1.380291,0.999997
1.380704,0.999997
1.381118,0.999997
1.381531,0.999997
1.381944,0.999997
1.382357,0.999997
1.382771,0.999997
1.383184,0.999997
1.383597,0.999997
1.384010,0.999997
1.384424,0.999997
1.384837,0.999997
1.385250,0.999997
1.385663,0.999997
1.386077,0.999997
1.386490,0.999997
1.386903,0.999997
1.387316,0.999997
1.387730,0.999997
1.388143,0.999997
1.388556,0.999997
1.388969,0.999997
1.389383,0.999997
1.389796,0.999997
1.390209,0.999997
1.390622,0.999997
1.391036,0.999997
1.391449,0.999997
1.391862,0.999997
1.392275,0.999997
1.392689,0.999997
1.393102,0.999997
1.393515,0.999997
1.393928,0.999997
1.394342,0.999997
1.394755,0.999997
1.395168,0.999997
1.395581,0.999997
1.395995,0.999997
1.396408,0.999997
1.396821,0.999997
1.397234,0.999997
1.397648,0.999997
1.398061,0.999997
1.398474,0.999997
1.398887,0.999997
1.399301,0.999997
1.399714,0.999997
1.400127,0.999997
1.400540,0.999997
1.400954,0.999997
1.401367,0.999997
1.401780,0.999997
1.402193,0.999997
1.402607,0.999997
1.403020,0.999997
1.403433,0.999997
1.403846,0.999997
1.404260,0.999997
1.404673,0.999997
1.405086,0.999997
1.405499,0.999997
1.405913,0.999997
1.406326,0.999997
1.406739,0.999997
1.407152,0.999997
1.407566,0.999997
1.407979,0.999997
1.408392,0.999997
1.408805,0.999997
1.409219,0.999997
1.409632,0.999997
1.410045,0.999997
1.410458,0.999997
1.410872,0.999997
1.411285,0.999997
1.411698,0.999997
1.412111,0.999997
1.412525,0.999997
1.412938,0.999997
1.413351,0.999997
1.413764,0.999997
1.414178,0.999997
1.414591,0.999997
1.415004,0.999997
1.415417,0.999997
1.415831,0.999997
1.416244,0.999997
1.416657,0.999997
1.417071,0.999997
1.417484,0.999997
1.417897,0.999997
1.418310,0.999997
1.418724,0.999997
1.419137,0.999997
1.419550,0.999997
1.419963,0.999997
1.420377,0.999997
1.420790,0.999997
1.421203,0.999997
1.421616,0.999997
1.422030,0.999997
1.422443,0.999997
1.422856,0.999997
1.423269,0.999997
1.423683,0.999997
1.424096,0.999997
1.424509,0.999997
1.424922,0.999997
1.425336,0.999997
1.425749,0.999997
1.426162,0.999997
1.426575,0.999996
1.426989,0.999996
1.427402,0.999996
1.427815,0.999996
1.428228,0.999996
1.428642,0.999996
1.429055,0.999996
1.429468,0.999996
1.429881,0.999996
1.430295,0.999996
1.430708,0.999996
1.431121,0.999996
1.431534,0.999996
1.431948,0.999996
1.432361,0.999996
1.432774,0.999996
1.433187,0.999996
1.433601,0.999996
1.434014,0.999996
1.434427,0.999996
1.434840,0.999996
1.435254,0.999996
1.435667,0.999996
1.436080,0.999996
1.436493,0.999996
1.436907,0.999996
1.437320,0.999996
1.437733,0.999996
1.438146,0.999996
1.438560,0.999996
1.438973,0.999996
1.439386,0.999996
1.439799,0.999996
1.440213,0.999996
1.440626,0.999996
1.441039,0.999996
1.441452,0.999996
1.441866,0.999996
1.442279,0.999996
1.442692,0.999996
1.443105,0.999996
1.443519,0.999996
1.443932,0.999996
1.444345,0.999996
1.444758,0.999996
1.445172,0.999996
1.445585,0.999996
1.445998,0.999996
1.446411,0.999996
1.446825,0.999996
1.447238,0.999996
1.447651,0.999996
1.448064,0.999996
1.448478,0.999996
1.448891,0.999996
1.449304,0.999996
1.449717,0.999996
1.450131,0.999996
1.450544,0.999996
1.450957,0.999996
1.451370,0.999996
1.451784,0.999996
1.452197,0.999996
1.452610,0.999996
1.453023,0.999996
1.453437,0.999996
1.453850,0.999996
1.454263,0.999996
1.454676,0.999996
1.455090,0.999996
1.455503,0.999996
1.455916,0.999996
1.456329,0.999996
1.456743,0.999996
1.457156,0.999996
1.457569,0.999996
1.457982,0.999996
1.458396,0.999996
1.458809,0.999996
1.459222,0.999996
1.459635,0.999996
1.460049,0.999996
1.460462,0.999996
1.460875,0.999996
1.461288,0.999996
1.461702,0.999996
1.462115,0.999996
1.462528,0.999996
1.462941,0.999996
1.463355,0.999996
1.463768,0.999996
1.464181,0.999996
1.464594,0.999996
1.465008,0.999996
1.465421,0.999996
1.465834,0.999996
1.466247,0.999996
1.466661,0.999996
1.467074,0.999996
1.467487,0.999996
1.467900,0.999996
1.468314,0.999996
1.468727,0.999996
1.469140,0.999996
1.469553,0.999996
1.469967,0.999996
1.470380,0.999996
1.470793,0.999996
1.471206,0.999996
1.471620,0.999996
1.472033,0.999996
1.472446,0.999996
1.472859,0.999996
1.473273,0.999996
1.473686,0.999996
1.474099,0.999996
1.474512,0.999996
1.474926,0.999996
1.475339,0.999996
1.475752,0.999996
1.476165,0.999996
1.476579,0.999996
1.476992,0.999996
1.477405,0.999996
1.477818,0.999996
1.478232,0.999996
1.478645,0.999996
1.479058,0.999996
1.479471,0.999996
1.479885,0.999996
1.480298,0.999996
1.480711,0.999996
1.481124,0.999996
1.481538,0.999996
1.481951,0.999996
1.482364,0.999996
1.482777,0.999996
1.483191,0.999996
1.483604,0.999996
1.484017,0.999996
1.484430,0.999996
1.484844,0.999996
1.485257,0.999996
1.485670,0.999996
1.486083,0.999996
1.486497,0.999996
1.486910,0.999996
1.487323,0.999996
1.487736,0.999996
1.488150,0.999996
1.488563,0.999996
1.488976,0.999996
1.489389,0.999996
1.489803,0.999996
1.490216,0.999996
1.490629,0.999996
1.491043,0.999996
1.491456,0.999996
1.491869,0.999996
1.492282,0.999996
1.492696,0.999996
1.493109,0.999996
1.493522,0.999996
1.493935,0.999996
1.494349,0.999996
1.494762,0.999996
1.495175,0.999996
1.495588,0.999996
1.496002,0.999996
1.496415,0.999996
1.496828,0.999996
1.497241,0.999996
1.497655,0.999996
1.498068,0.999996
1.498481,0.999996
1.498894,0.999996
1.499308,0.999996
1.499721,0.999996
1.500134,0.999996
1.500547,0.999996
1.500961,0.999996
1.501374,0.999996
1.501787,0.999996
1.502200,0.999996
1.502614,0.999996
1.503027,0.999996
1.503440,0.999996
1.503853,0.999996
1.504267,0.999996
1.504680,0.999996
1.505093,0.999996
1.505506,0.999996
1.505920,0.999996
1.506333,0.999996
1.506746,0.999996
1.507159,0.999996
1.507573,0.999996
1.507986,0.999996
1.508399,0.999996
1.508812,0.999996
1.509226,0.999996
1.509639,0.999996
1.510052,0.999996
1.510465,0.999996
1.510879,0.999996
1.511292,0.999996
1.511705,0.999996
1.512118,0.999996
1.512532,0.999996
1.512945,0.999996
1.513358,0.999996
1.513771,0.999996
1.514185,0.999996
1.514598,0.999996
1.515011,0.999996
1.515424,0.999996
1.515838,0.999996
1.516251,0.999996
1.516664,0.999996
1.517077,0.999996
1.517491,0.999996
1.517904,0.999996
1.518317,0.999996
1.518730,0.999996
1.519144,0.999996
1.519557,0.999996
1.519970,0.999996
1.520383,0.999996
1.520797,0.999996
1.521210,0.999996
1.521623,0.999996
1.522036,0.999996
1.522450,0.999996
1.522863,0.999996
1.523276,0.999996
1.523689,0.999996
1.524103,0.999996
1.524516,0.999996
1.524929,0.999996
1.525342,0.999996
1.525756,0.999996
1.526169,0.999996
1.526582,0.999996
1.526995,0.999996
1.527409,0.999996
1.527822,0.999996
1.528235,0.999996
1.528648,0.999996
1.529062,0.999996
1.529475,0.999996
1.529888,0.999996
1.530301,0.999996
1.530715,0.999996
1.531128,0.999996
1.531541,0.999996
1.531954,0.999996
1.532368,0.999996
1.532781,0.999996
1.533194,0.999996
1.533607,0.999996
1.534021,0.999996
1.534434,0.999996
1.534847,0.999996
1.535260,0.999996
1.535674,0.999996
1.536087,0.999996
1.536500,0.999996
1.536913,0.999996
1.537327,0.999996
1.537740,0.999996
1.538153,0.999996
1.538566,0.999996
1.538980,0.999996
1.539393,0.999996
1.539806,0.999996
1.540219,0.999996
1.540633,0.999996
1.541046,0.999996
1.541459,0.999996
1.541872,0.999996
1.542286,0.999996
1.542699,0.999996
1.543112,0.999996
1.543525,0.999996
1.543939,0.999996
1.544352,0.999996
1.544765,0.999996
1.545178,0.999996
1.545592,0.999996
1.546005,0.999996
1.546418,0.999996
1.546831,0.999996
1.547245,0.999996
1.547658,0.999996
1.548071,0.999996
1.548484,0.999996
1.548898,0.999996
1.549311,0.999996
1.549724,0.999996
1.550137,0.999996
1.550551,0.999996
1.550964,0.999996
1.551377,0.999996
1.551790,0.999996
1.552204,0.999996
1.552617,0.999996
1.553030,0.999996
1.553443,0.999996
1.553857,0.999996
1.554270,0.999996
1.554683,0.999996
1.555096,0.999996
1.555510,0.999996
1.555923,0.999996
1.556336,0.999996
1.556749,0.999996
1.557163,0.999996
1.557576,0.999996
1.557989,0.999996
1.558402,0.999996
1.558816,0.999996
1.559229,0.999996
1.559642,0.999996
1.560055,0.999996
1.560469,0.999996
1.560882,0.999996
1.561295,0.999996
1.561708,0.999996
1.562122,0.999996
1.562535,0.999996
1.562948,0.999996
1.563361,0.999996
1.563775,0.999996
1.564188,0.999996
1.564601,0.999996
1.565015,0.999996
1.565428,0.999996
1.565841,0.999996
1.566254,0.999996
1.566668,0.999996
1.567081,0.999996
1.567494,0.999996
1.567907,0.999996
1.568321,0.999996
1.568734,0.999996
1.569147,0.999996
1.569560,0.999996
1.569974,0.999996
1.570387,0.999996
1.570800,0.999996
1.571213,0.999996
1.571627,0.999996
1.572040,0.999996
1.572453,0.999996
1.572866,0.999996
1.573280,0.999996
1.573693,0.999996
1.574106,0.999996
1.574519,0.999996
1.574933,0.999996
1.575346,0.999996
1.575759,0.999996
1.576172,0.999996
1.576586,0.999996
1.576999,0.999996
1.577412,0.999996
1.577825,0.999996
1.578239,0.999996
1.578652,0.999996
1.579065,0.999996
1.579478,0.999996
1.579892,0.999996
1.580305,0.999996
1.580718,0.999996
1.581131,0.999996
1.581545,0.999996
1.581958,0.999996
1.582371,0.999996
1.582784,0.999996
1.583198,0.999996
1.583611,0.999996
1.584024,0.999996
1.584437,0.999996
1.584851,0.999996
1.585264,0.999996
1.585677,0.999996
1.586090,0.999996
1.586504,0.999996
1.586917,0.999996
1.587330,0.999996
1.587743,0.999996
1.588157,0.999996
1.588570,0.999996
1.588983,0.999996
1.589396,0.999996
1.589810,0.999996
1.590223,0.999996
1.590636,0.999996
1.591049,0.999996
1.591463,0.999996
1.591876,0.999996
1.592289,0.999996
1.592702,0.999996
1.593116,0.999996
1.593529,0.999996
1.593942,0.999996
1.594355,0.999996
1.594769,0.999996
1.595182,0.999996
1.595595,0.999996
1.596008,0.999996
1.596422,0.999996
1.596835,0.999996
1.597248,0.999996
1.597661,0.999996
1.598075,0.999996
1.598488,0.999996
1.598901,0.999996
1.599314,0.999996
1.599728,0.999996
1.600141,0.999996
1.600554,0.999996
1.600967,0.999996
1.601381,0.999996
1.601794,0.999996
1.602207,0.999996
1.602620,0.999996
1.603034,0.999996
1.603447,0.999996
1.603860,0.999996
1.604273,0.999996
1.604687,0.999996
1.605100,0.999996
1.605513,0.999996
1.605926,0.999996
1.606340,0.999996
1.606753,0.999996
1.607166,0.999996
1.607579,0.999996
1.607993,0.999996
1.608406,0.999996
1.608819,0.999996
1.609232,0.999996
1.609646,0.999996
1.610059,0.999996
1.610472,0.999996
1.610885,0.999996
1.611299,0.999996
1.611712,0.999996
1.612125,0.999996
1.612538,0.999996
1.612952,0.999996
1.613365,0.999996
1.613778,0.999996
1.614191,0.999996
1.614605,0.999996
1.615018,0.999996
1.615431,0.999996
1.615844,0.999996
1.616258,0.999996
1.616671,0.999996
1.617084,0.999996
1.617497,0.999996
1.617911,0.999996
1.618324,0.999996
1.618737,0.999996
1.619150,0.999996
1.619564,0.999996
1.619977,0.999996
1.620390,0.999996
1.620803,0.999996
1.621217,0.999996
1.621630,0.999996
1.622043,0.999996
1.622456,0.999996
1.622870,0.999996
1.623283,0.999996
1.623696,0.999996
1.624109,0.999996
1.624523,0.999996
1.624936,0.999996
1.625349,0.999996
1.625762,0.999996
1.626176,0.999996
1.626589,0.999996
1.627002,0.999996
1.627415,0.999996
1.627829,0.999996
1.628242,0.999996
1.628655,0.999996
1.629068,0.999996
1.629482,0.999996
1.629895,0.999996
1.630308,0.999996
1.630721,0.999996
1.631135,0.999996
1.631548,0.999996
1.631961,0.999996
1.632374,0.999996
1.632788,0.999996
1.633201,0.999996
1.633614,0.999996
1.634027,0.999996
1.634441,0.999996
1.634854,0.999996
1.635267,0.999996
1.635680,0.999996
1.636094,0.999996
1.636507,0.999996
1.636920,0.999996
1.637334,0.999996
1.637747,0.999996
1.638160,0.999996
1.638573,0.999996
1.638987,0.999996
1.639400,0.999996
1.639813,0.999996
1.640226,0.999996
1.640640,0.999996
1.641053,0.999996
1.641466,0.999996
1.641879,0.999996
1.642293,0.999996
1.642706,0.999996
1.643119,0.999996
1.643532,0.999996
1.643946,0.999996
1.644359,0.999996
1.644772,0.999996
1.645185,0.999996
1.645599,0.999996
1.646012,0.999996
1.646425,0.999996
1.646838,0.999996
1.647252,0.999996
1.647665,0.999996
1.648078,0.999996
1.648491,0.999996
1.648905,0.999996
1.649318,0.999996
1.649731,0.999996
1.650144,0.999996
1.650558,0.999996
1.650971,0.999996
1.651384,0.999996
1.651797,0.999996
1.652211,0.999996
1.652624,0.999996
1.653037,0.999996
1.653450,0.999996
1.653864,0.999996
1.654277,0.999996
1.654690,0.999996
1.655103,0.999996
1.655517,0.999996
1.655930,0.999996
1.656343,0.999996
1.656756,0.999996
1.657170,0.999996
1.657583,0.999996
1.657996,0.999996
1.658409,0.999996
1.658823,0.999996
1.659236,0.999996
1.659649,0.999996
1.660062,0.999996
1.660476,0.999996
1.660889,0.999996
1.661302,0.999996
1.661715,0.999996
1.662129,0.999996
1.662542,0.999996
1.662955,0.999996
1.663368,0.999996
1.663782,0.999996
1.664195,0.999996
1.664608,0.999996
1.665021,0.999996
1.665435,0.999996
1.665848,0.999996
1.666261,0.999996
1.666674,0.999996
1.667088,0.999996
1.667501,0.999996
1.667914,0.999996
1.668327,0.999996
1.668741,0.999996
1.669154,0.999996
1.669567,0.999996
1.669980,0.999996
1.670394,0.999996
1.670807,0.999996
1.671220,0.999996
1.671633,0.999996
1.672047,0.999996
1.672460,0.999996
1.672873,0.999996
1.673286,0.999996
1.673700,0.999996
1.674113,0.999996
1.674526,0.999996
1.674939,0.999996
1.675353,0.999996
1.675766,0.999996
1.676179,0.999996
1.676592,0.999996
1.677006,0.999996
1.677419,0.999996
1.677832,0.999996
1.678245,0.999996
1.678659,0.999996
1.679072,0.999996
1.679485,0.999996
1.679898,0.999996
1.680312,0.999996
1.680725,0.999996
1.681138,0.999996
1.681551,0.999996
1.681965,0.999996
1.682378,0.999996
1.682791,0.999996
1.683204,0.999996
1.683618,0.999996
1.684031,0.999996
1.684444,0.999996
1.684857,0.999996
1.685271,0.999996
1.685684,0.999996
1.686097,0.999996
1.686510,0.999996
1.686924,0.999996
1.687337,0.999996
1.687750,0.999996
1.688163,0.999996
1.688577,0.999996
1.688990,0.999996
1.689403,0.999996
1.689816,0.999996
1.690230,0.999996
1.690643,0.999996
1.691056,0.999996
1.691469,0.999996
1.691883,0.999996
1.692296,0.999996
1.692709,0.999996
1.693122,0.999996
1.693536,0.999996
1.693949,0.999996
1.694362,0.999996
1.694775,0.999996
1.695189,0.999996
1.695602,0.999996
1.696015,0.999996
1.696428,0.999996
1.696842,0.999996
1.697255,0.999996
1.697668,0.999996
1.698081,0.999996
1.698495,0.999996
1.698908,0.999996
1.699321,0.999996
1.699734,0.999996
1.700148,0.999996
1.700561,0.999996
1.700974,0.999996
1.701387,0.999996
1.701801,0.999996
1.702214,0.999996
1.702627,0.999996
1.703040,0.999996
1.703454,0.999996
1.703867,0.999996
1.704280,0.999996
1.704693,0.999996
1.705107,0.999996
1.705520,0.999996
1.705933,0.999996
1.706346,0.999996
1.706760,0.999996
1.707173,0.999996
1.707586,0.999996
1.707999,0.999996
1.708413,0.999996
1.708826,0.999996
1.709239,0.999996
1.709653,0.999996
1.710066,0.999996
1.710479,0.999996
1.710892,0.999996
1.711306,0.999996
1.711719,0.999996
1.712132,0.999996
1.712545,0.999996
1.712959,0.999996
1.713372,0.999996
1.713785,0.999996
1.714198,0.999996
1.714612,0.999996
1.715025,0.999996
1.715438,0.999996
1.715851,0.999996
1.716265,0.999996
1.716678,0.999996
1.717091,0.999996
1.717504,0.999996
1.717918,0.999996
1.718331,0.999996
1.718744,0.999996
1.719157,0.999996
1.719571,0.999996
1.719984,0.999996
1.720397,0.999996
1.720810,0.999996
1.721224,0.999996
1.721637,0.999996
1.722050,0.999996
1.722463,0.999996
1.722877,0.999996
1.723290,0.999996
1.723703,0.999996
1.724116,0.999996
1.724530,0.999996
1.724943,0.999996
1.725356,0.999996
1.725769,0.999996
1.726183,0.999996
1.726596,0.999996
1.727009,0.999996
1.727422,0.999996
1.727836,0.999996
1.728249,0.999996
1.728662,0.999996
1.729075,0.999996
1.729489,0.999996
1.729902,0.999996
1.730315,0.999996
1.730728,0.999996
1.731142,0.999996
1.731555,0.999996
1.731968,0.999996
1.732381,0.999996
1.732795,0.999996
1.733208,0.999996
1.733621,0.999996
1.734034,0.999996
1.734448,0.999996
1.734861,0.999996
1.735274,0.999996
1.735687,0.999996
1.736101,0.999996
1.736514,0.999996
1.736927,0.999996
1.737340,0.999996
1.737754,0.999996
1.738167,0.999996
1.738580,0.999996
1.738993,0.999996
1.739407,0.999996
1.739820,0.999996
1.740233,0.999996
1.740646,0.999996
1.741060,0.999996
1.741473,0.999996
1.741886,0.999996
1.742299,0.999996
1.742713,0.999996
1.743126,0.999996
1.743539,0.999996
1.743952,0.999996
1.744366,0.999996
1.744779,0.999996
1.745192,0.999996
1.745605,0.999996
1.746019,0.999996
1.746432,0.999996
1.746845,0.999996
1.747258,0.999996
1.747672,0.999996
1.748085,0.999996
1.748498,0.999996
1.748911,0.999996
1.749325,0.999996
1.749738,0.999996
1.750151,0.999996
1.750564,0.999996
1.750978,0.999996
1.751391,0.999996
1.751804,0.999996
1.752217,0.999996
1.752631,0.999996
1.753044,0.999996
1.753457,0.999996
1.753870,0.999996
1.754284,0.999996
1.754697,0.999996
1.755110,0.999996
1.755523,0.999996
1.755937,0.999996
1.756350,0.999996
1.756763,0.999996
1.757176,0.999996
1.757590,0.999996
1.758003,0.999996
1.758416,0.999996
1.758829,0.999996
1.759243,0.999996
1.759656,0.999996
1.760069,0.999996
1.760482,0.999996
1.760896,0.999996
1.761309,0.999996
1.761722,0.999996
1.762135,0.999996
1.762549,0.999996
1.762962,0.999996
1.763375,0.999996
1.763788,0.999996
1.764202,0.999996
1.764615,0.999996
1.765028,0.999996
1.765441,0.999996
1.765855,0.999996
1.766268,0.999996
1.766681,0.999996
1.767094,0.999996
1.767508,0.999996
1.767921,0.999996
1.768334,0.999996
1.768747,0.999996
1.769161,0.999996
1.769574,0.999996
1.769987,0.999996
1.770400,0.999996
1.770814,0.999996
1.771227,0.999996
1.771640,0.999996
1.772053,0.999996
1.772467,0.999996
1.772880,0.999996
1.773293,0.999996
1.773706,0.999996
1.774120,0.999996
1.774533,0.999996
1.774946,0.999996
1.775359,0.999996
1.775773,0.999996
1.776186,0.999996
1.776599,0.999996
1.777012,0.999996
1.777426,0.999996
1.777839,0.999996
1.778252,0.999996
1.778665,0.999996
1.779079,0.999996
1.779492,0.999996
1.779905,0.999996
1.780318,0.999996
1.780732,0.999996
1.781145,0.999996
1.781558,0.999996
1.781972,0.999996
1.782385,0.999996
1.782798,0.999996
1.783211,0.999996
1.783625,0.999996
1.784038,0.999996
1.784451,0.999996
1.784864,0.999996
1.785278,0.999996
1.785691,0.999996
1.786104,0.999996
1.786517,0.999996
1.786931,0.999996
1.787344,0.999996
1.787757,0.999996
1.788170,0.999996
1.788584,0.999996
1.788997,0.999996
1.789410,0.999996
1.789823,0.999996
1.790237,0.999996
1.790650,0.999996
1.791063,0.999996
1.791476,0.999996
1.791890,0.999996
1.792303,0.999996
1.792716,0.999996
1.793129,0.999996
1.793543,0.999996
1.793956,0.999996
1.794369,0.999996
1.794782,0.999996
1.795196,0.999996
1.795609,0.999996
1.796022,0.999996
1.796435,0.999996
1.796849,0.999996
1.797262,0.999996
1.797675,0.999996
1.798088,0.999996
1.798502,0.999996
1.798915,0.999996
1.799328,0.999996
1.799741,0.999996
1.800155,0.999996
1.800568,0.999996
1.800981,0.999996
1.801394,0.999996
1.801808,0.999996
1.802221,0.999996
1.802634,0.999995
1.803047,0.999995
1.803461,0.999995
1.803874,0.999995
1.804287,0.999995
1.804700,0.999995
1.805114,0.999995
1.805527,0.999995
1.805940,0.999995
1.806353,0.999995
1.806767,0.999995
1.807180,0.999995
1.807593,0.999995
1.808006,0.999995
1.808420,0.999995
1.808833,0.999995
1.809246,0.999995
1.809659,0.999995
1.810073,0.999995
1.810486,0.999995
1.810899,0.999995
1.811312,0.999995
1.811726,0.999995
1.812139,0.999995
1.812552,0.999995
1.812965,0.999995
1.813379,0.999995
1.813792,0.999995
1.814205,0.999995
1.814618,0.999995
1.815032,0.999995
1.815445,0.999995
1.815858,0.999995
1.816271,0.999995
1.816685,0.999995
1.817098,0.999995
1.817511,0.999995
1.817924,0.999995
1.818338,0.999995
1.818751,0.999995
1.819164,0.999995
1.819577,0.999995
1.819991,0.999995
1.820404,0.999995
1.820817,0.999995
1.821230,0.999995
1.821644,0.999995
1.822057,0.999995
1.822470,0.999995
1.822883,0.999995
1.823297,0.999995
1.823710,0.999995
1.824123,0.999995
1.824536,0.999995
1.824950,0.999995
1.825363,0.999995
1.825776,0.999995
1.826189,0.999995
1.826603,0.999995
1.827016,0.999995
1.827429,0.999995
1.827842,0.999995
1.828256,0.999995
1.828669,0.999995
1.829082,0.999995
1.829495,0.999995
1.829909,0.999995
1.830322,0.999995
1.830735,0.999995
1.831148,0.999995
1.831562,0.999995
1.831975,0.999995
1.832388,0.999995
1.832801,0.999995
1.833215,0.999995
1.833628,0.999995
1.834041,0.999995
1.834454,0.999995
1.834868,0.999995
1.835281,0.999995
1.835694,0.999995
1.836107,0.999995
1.836521,0.999995
1.836934,0.999995
1.837347,0.999995
1.837760,0.999995
1.838174,0.999995
1.838587,0.999995
1.839000,0.999995
1.839413,0.999995
1.839827,0.999995
1.840240,0.999995
1.840653,0.999995
1.841066,0.999995
1.841480,0.999995
1.841893,0.999995
1.842306,0.999995
1.842719,0.999995
1.843133,0.999995
1.843546,0.999995
1.843959,0.999995
1.844372,0.999995
1.844786,0.999995
1.845199,0.999995
1.845612,0.999995
1.846025,0.999995
1.846439,0.999995
1.846852,0.999995
1.847265,0.999995
1.847678,0.999995
1.848092,0.999995
1.848505,0.999995
1.848918,0.999995
1.849331,0.999995
1.849745,0.999995
1.850158,0.999995
1.850571,0.999995
1.850985,0.999995
1.851398,0.999995
1.851811,0.999995
1.852224,0.999995
1.852638,0.999995
1.853051,0.999995
1.853464,0.999995
1.853877,0.999995
1.854291,0.999995
1.854704,0.999995
1.855117,0.999995
1.855530,0.999995
1.855944,0.999995
1.856357,0.999995
1.856770,0.999995
1.857183,0.999995
1.857597,0.999995
1.858010,0.999995
1.858423,0.999995
1.858836,0.999995
1.859250,0.999995
1.859663,0.999995
1.860076,0.999995
1.860489,0.999995
1.860903,0.999995
1.861316,0.999995
1.861729,0.999995
1.862142,0.999995
1.862556,0.999995
1.862969,0.999995
1.863382,0.999995
1.863795,0.999995
1.864209,0.999995
1.864622,0.999995
1.865035,0.999995
1.865448,0.999995
1.865862,0.999995
1.866275,0.999995
1.866688,0.999995
1.867101,0.999995
1.867515,0.999995
1.867928,0.999995
1.868341,0.999995
1.868754,0.999995
1.869168,0.999995
1.869581,0.999995
1.869994,0.999995
1.870407,0.999995
1.870821,0.999995
1.871234,0.999995
1.871647,0.999995
1.872060,0.999995
1.872474,0.999995
1.872887,0.999995
1.873300,0.999995
1.873713,0.999995
1.874127,0.999995
1.874540,0.999995
1.874953,0.999995
1.875366,0.999995
1.875780,0.999995
1.876193,0.999995
1.876606,0.999995
1.877019,0.999995
1.877433,0.999995
1.877846,0.999995
1.878259,0.999995
1.878672,0.999995
1.879086,0.999995
1.879499,0.999995
1.879912,0.999995
1.880325,0.999995
1.880739,0.999995
1.881152,0.999995
1.881565,0.999995
1.881978,0.999995
1.882392,0.999995
1.882805,0.999995
1.883218,0.999995
1.883631,0.999995
1.884045,0.999995
1.884458,0.999995
1.884871,0.999995
1.885284,0.999995
1.885698,0.999995
1.886111,0.999995
1.886524,0.999995
1.886937,0.999995
1.887351,0.999995
1.887764,0.999995
1.888177,0.999995
1.888590,0.999995
1.889004,0.999995
1.889417,0.999995
1.889830,0.999995
1.890243,0.999995
1.890657,0.999995
1.891070,0.999995
1.891483,0.999995
1.891896,0.999995
1.892310,0.999995
1.892723,0.999995
1.893136,0.999995
1.893549,0.999995
1.893963,0.999995
1.894376,0.999995
1.894789,0.999995
1.895202,0.999995
1.895616,0.999995
1.896029,0.999995
1.896442,0.999995
1.896855,0.999995
1.897269,0.999995
1.897682,0.999995
1.898095,0.999995
1.898508,0.999995
1.898922,0.999995
1.899335,0.999995
1.899748,0.999995
1.900161,0.999995
1.900575,0.999995
1.900988,0.999995
1.901401,0.999995
1.901814,0.999995
1.902228,0.999995
1.902641,0.999995
1.903054,0.999995
1.903467,0.999995
1.903881,0.999995
1.904294,0.999995
1.904707,0.999995
1.905120,0.999995
1.905534,0.999995
1.905947,0.999995
1.906360,0.999995
1.906773,0.999995
1.907187,0.999995
1.907600,0.999995
1.908013,0.999995
1.908426,0.999995
1.908840,0.999995
1.909253,0.999995
1.909666,0.999995
1.910079,0.999995
1.910493,0.999995
1.910906,0.999995
1.911319,0.999995
1.911732,0.999995
1.912146,0.999995
1.912559,0.999995
1.912972,0.999995
1.913385,0.999995
1.913799,0.999995
1.914212,0.999995
1.914625,0.999995
1.915038,0.999995
1.915452,0.999995
1.915865,0.999995
1.916278,0.999995
1.916691,0.999995
1.917105,0.999995
1.917518,0.999995
1.917931,0.999995
1.918344,0.999995
1.918758,0.999995
1.919171,0.999995
1.919584,0.999995
1.919997,0.999995
1.920411,0.999995
1.920824,0.999995
1.921237,0.999995
1.921651,0.999995
1.922064,0.999995
1.922477,0.999995
1.922890,0.999995
1.923304,0.999995
1.923717,0.999995
1.924130,0.999995
1.924543,0.999995
1.924957,0.999995
1.925370,0.999995
1.925783,0.999995
1.926196,0.999995
1.926610,0.999995
1.927023,0.999995
1.927436,0.999995
1.927849,0.999995
1.928263,0.999995
1.928676,0.999995
1.929089,0.999995
1.929502,0.999995
1.929916,0.999995
1.930329,0.999995
1.930742,0.999995
1.931155,0.999995
1.931569,0.999995
1.931982,0.999995
1.932395,0.999995
1.932808,0.999995
1.933222,0.999995
1.933635,0.999995
1.934048,0.999995
1.934461,0.999995
1.934875,0.999995
1.935288,0.999995
1.935701,0.999995
1.936114,0.999995
1.936528,0.999995
1.936941,0.999995
1.937354,0.999995
1.937767,0.999995
1.938181,0.999995
1.938594,0.999995
1.939007,0.999995
1.939420,0.999995
1.939834,0.999995
1.940247,0.999995
1.940660,0.999995
1.941073,0.999995
1.941487,0.999995
1.941900,0.999995
1.942313,0.999995
1.942726,0.999995
1.943140,0.999995
1.943553,0.999995
1.943966,0.999995
1.944379,0.999995
1.944793,0.999995
1.945206,0.999995
1.945619,0.999995
1.946032,0.999995
1.946446,0.999995
1.946859,0.999995
1.947272,0.999995
1.947685,0.999995
1.948099,0.999995
1.948512,0.999995
1.948925,0.999995
1.949338,0.999995
1.949752,0.999995
1.950165,0.999995
1.950578,0.999995
1.950991,0.999995
1.951405,0.999995
1.951818,0.999995
1.952231,0.999995
1.952644,0.999995
1.953058,0.999995
1.953471,0.999995
1.953884,0.999995
1.954297,0.999995
1.954711,0.999995
1.955124,0.999995
1.955537,0.999995
1.955950,0.999995
1.956364,0.999995
1.956777,0.999995
1.957190,0.999995
1.957603,0.999995
1.958017,0.999995
1.958430,0.999995
1.958843,0.999995
1.959256,0.999995
1.959670,0.999995
1.960083,0.999995
1.960496,0.999995
1.960909,0.999995
1.961323,0.999995
1.961736,0.999995
1.962149,0.999995
1.962562,0.999995
1.962976,0.999995
1.963389,0.999995
1.963802,0.999995
1.964215,0.999995
1.964629,0.999995
1.965042,0.999995
1.965455,0.999995
1.965868,0.999995
1.966282,0.999995
1.966695,0.999995
1.967108,0.999995
1.967521,0.999995
1.967935,0.999995
1.968348,0.999995
1.968761,0.999995
1.969174,0.999995
1.969588,0.999995
1.970001,0.999995
1.970414,0.999995
1.970827,0.999995
1.971241,0.999995
1.971654,0.999995
1.972067,0.999995
1.972480,0.999995
1.972894,0.999995
1.973307,0.999995
1.973720,0.999995
1.974133,0.999995
1.974547,0.999995
1.974960,0.999995
1.975373,0.999995
1.975786,0.999995
1.976200,0.999995
1.976613,0.999995
1.977026,0.999995
1.977439,0.999995
1.977853,0.999995
1.978266,0.999995
1.978679,0.999995
1.979092,0.999995
1.979506,0.999995
1.979919,0.999995
1.980332,0.999995
1.980745,0.999995
1.981159,0.999995
1.981572,0.999995
1.981985,0.999995
1.982398,0.999995
1.982812,0.999995
1.983225,0.999995
1.983638,0.999995
1.984051,0.999995
1.984465,0.999995
1.984878,0.999995
1.985291,0.999995
1.985704,0.999995
1.986118,0.999995
1.986531,0.999995
1.986944,0.999995
1.987357,0.999995
1.987771,0.999995
1.988184,0.999995
1.988597,0.999995
1.989010,0.999995
1.989424,0.999995
1.989837,0.999995
1.990250,0.999995
1.990663,0.999995
1.991077,0.999995
1.991490,0.999995
1.991903,0.999995
1.992317,0.999995
1.992730,0.999995
1.993143,0.999995
1.993556,0.999995
1.993970,0.999995
1.994383,0.999995
1.994796,0.999995
1.995209,0.999995
1.995623,0.999995
1.996036,0.999995
1.996449,0.999995
1.996862,0.999995
1.997276,0.999995
1.997689,0.999995
1.998102,0.999995
1.998515,0.999995
1.998929,0.999995
1.999342,0.999995
1.999755,0.999995
2.000168,0.999995
