5.764478 5.764478 5.764478 5.764478 5.764478 5.764478 5.764478 5.764478 5.764478 5.764478 5.764478 5.764478 5.764478 5.764478 5.764478 5.764478 5.764478 5.764478 5.764478 5.764478 5.764478 5.764478 5.764478 5.764478 5.764478 5.764478 5.764478 5.764478 5.764478 5.764478 5.764478 5.764478 5.764478 5.764478 5.764478 5.764478 5.764478 5.764478 5.764478 5.764478 5.764478 5.764478 5.764478 5.764478 5.764478 5.764478 5.764478 5.764478 5.764478 5.764478 5.764478 5.764478 5.764478 5.764478 5.764478 5.764478 5.764478 5.764478 5.764478 5.764478 5.764478 5.764478 5.764478 5.764478 
5.764478 5.764478 5.764478 5.764478 5.764478 5.764478 5.764478 5.764478 5.764478 5.764478 5.764478 5.764478 5.764478 5.764478 5.764478 5.764478 5.764478 5.764478 5.764478 5.764478 5.764478 5.764478 5.764478 5.764478 5.764478 5.764478 5.764478 5.764478 5.764478 5.764478 5.764478 5.764478 5.764478 5.764478 5.764478 5.764478 5.764478 5.764478 5.764478 5.764478 5.764478 5.764478 5.764478 5.764478 5.764478 5.764478 5.764478 5.764478 5.764478 5.764478 5.764478 5.764478 5.764478 5.764478 5.764478 5.764478 5.764478 5.764478 5.764478 5.764478 5.764478 5.764478 5.764478 5.764478 
5.764478 5.764478 5.764478 5.764478 5.764478 5.764478 5.764478 5.764478 5.764478 5.764478 5.764478 5.764478 5.764478 5.764478 5.764478 5.764478 5.764478 5.764478 5.764478 5.764478 5.764478 5.764478 5.764478 5.764478 5.764478 5.764478 5.764478 5.764478 5.764478 5.764478 5.764478 5.764478 5.764478 5.764478 5.764478 5.764478 5.764478 5.764478 5.764478 5.764478 5.764478 5.764478 5.764478 5.764478 5.764478 5.764478 5.764478 5.764478 5.764478 5.764478 5.764478 5.764478 5.764478 5.764478 5.764478 5.764478 5.764478 5.764478 5.764478 5.764478 5.764478 5.764478 5.764478 5.764478 
5.764478 5.764478 5.764478 5.764478 5.764478 5.764478 5.764478 5.764478 5.764478 5.764478 5.764478 5.764478 5.764478 5.764478 5.764478 5.764478 5.764478 5.764478 5.764478 5.764478 5.764478 5.764478 5.764478 5.764478 5.764478 5.764478 5.764478 5.764478 5.764478 5.764478 5.764478 5.764478 5.764478 5.764478 5.764478 5.764478 5.764478 5.764478 5.764478 5.764478 5.764478 5.764478 5.764478 5.764478 5.764478 5.764478 5.764478 5.764478 5.764478 5.764478 5.764478 5.764478 5.764478 5.764478 5.764478 5.764478 5.764478 5.764478 5.764478 5.764478 5.764478 5.764478 5.764478 5.764478 
5.764478 5.764478 5.764478 5.764478 5.764478 5.764478 5.764478 5.764478 5.764478 5.764478 5.764478 5.764478 5.764478 5.764478 5.764478 5.764478 5.764478 5.764478 5.764478 5.764478 5.764478 5.764478 5.764478 5.764478 5.764478 5.764478 5.764478 5.764478 5.764478 5.764478 5.764478 5.764478 5.764478 5.764478 5.764478 5.764478 5.764478 5.764478 5.764478 5.764478 5.764478 5.764478 5.764478 5.764478 5.764478 5.764478 5.764478 5.764478 5.764478 5.764478 5.764478 5.764478 5.764478 5.764478 5.764478 5.764478 5.764478 5.764478 5.764478 5.764478 5.764478 5.764478 5.764478 5.764478 
5.764478 5.764478 5.764478 5.764478 5.764478 5.764478 5.764478 5.764478 5.764478 5.764478 5.764478 5.764478 5.764478 5.764478 5.764478 5.764478 5.764478 5.764478 5.764478 5.764478 5.764478 5.764478 5.764478 5.764478 5.764478 5.764478 5.764478 5.764478 5.764478 5.764478 5.764478 5.764478 5.764478 5.764478 5.764478 5.764478 5.764478 5.764478 5.764478 5.764478 5.764478 5.764478 5.764478 5.764478 5.764478 5.764478 5.764478 5.764478 5.764478 5.764478 5.764478 5.764478 5.764478 5.764478 5.764478 5.764478 5.764478 5.764478 5.764478 5.764478 5.764478 5.764478 5.764478 5.764478 
5.764478 5.764478 5.764478 5.764478 5.764478 5.764478 5.764478 5.764478 5.764478 5.764478 5.764478 5.764478 5.764478 5.764478 5.764478 5.764478 5.764478 5.764478 5.764478 5.764478 5.764478 5.764478 5.764478 5.764478 5.764478 5.764478 5.764478 5.764478 5.764478 5.764478 5.764478 5.764478 5.764478 5.764478 5.764478 5.764478 5.764478 5.764478 5.764478 5.764478 5.764478 5.764478 5.764478 5.764478 5.764478 5.764478 5.764478 5.764478 5.764478 5.764478 5.764478 5.764478 5.764478 5.764478 5.764478 5.764478 5.764478 5.764478 5.764478 5.764478 5.764478 5.764478 5.764478 5.764478 
5.764478 5.764478 5.764478 5.764478 5.764478 5.764478 5.764478 5.764478 5.764478 5.764478 5.764478 5.764478 5.764478 5.764478 5.764478 5.764478 5.764478 5.764478 5.764478 5.764478 5.764478 5.764478 5.764478 5.764478 5.764478 5.764478 5.764478 5.764478 5.764478 5.764478 5.764478 5.764478 5.764478 5.764478 5.764478 5.764478 5.764478 5.764478 5.764478 5.764478 5.764478 5.764478 5.764478 5.764478 5.764478 5.764478 5.764478 5.764478 5.764478 5.764478 5.764478 5.764478 5.764478 5.764478 5.764478 5.764478 5.764478 5.764478 5.764478 5.764478 5.764478 5.764478 5.764478 5.764478 
5.764478 5.764478 5.764478 5.764478 5.764478 5.764478 5.764478 5.764478 5.764478 5.764478 5.764478 5.764478 5.764478 5.764478 5.764478 5.764478 5.764478 5.764478 5.764478 5.764478 5.764478 5.764478 5.764478 5.764478 5.764478 5.764478 5.764478 5.764478 5.764478 5.764478 5.764478 5.764478 5.764478 5.764478 5.764478 5.764478 5.764478 5.764478 5.764478 5.764478 5.764478 5.764478 5.764478 5.764478 5.764478 5.764478 5.764478 5.764478 5.764478 5.764478 5.764478 5.764478 5.764478 5.764478 5.764478 5.764478 5.764478 5.764478 5.764478 5.764478 5.764478 5.764478 5.764478 5.764478 
5.764478 5.764478 5.764478 5.764478 5.764478 5.764478 5.764478 5.764478 5.764478 5.764478 5.764478 5.764478 5.764478 5.764478 5.764478 5.764478 5.764478 5.764478 5.764478 5.764478 5.764478 5.764478 5.764478 5.764478 5.764478 5.764478 5.764478 5.764478 5.764478 5.764478 5.764478 5.764478 5.764478 5.764478 5.764478 5.764478 5.764478 5.764478 5.764478 5.764478 5.764478 5.764478 5.764478 5.764478 5.764478 5.764478 5.764478 5.764478 5.764478 5.764478 5.764478 5.764478 5.764478 5.764478 5.764478 5.764478 5.764478 5.764478 5.764478 5.764478 5.764478 5.764478 5.764478 5.764478 
5.764478 5.764478 5.764478 5.764478 5.764478 5.764478 5.764478 5.764478 5.764478 5.764478 5.764478 5.764478 5.764478 5.764478 5.764478 5.764478 5.764478 5.764478 5.764478 5.764478 5.764478 5.764478 5.764478 5.764478 5.764478 5.764478 5.764478 5.764478 5.764478 5.764478 5.764478 5.764478 5.764478 5.764478 5.764478 5.764478 5.764478 5.764478 5.764478 5.764478 5.764478 5.764478 5.764478 5.764478 5.764478 5.764478 5.764478 5.764478 5.764478 5.764478 5.764478 5.764478 5.764478 5.764478 5.764478 5.764478 5.764478 5.764478 5.764478 5.764478 5.764478 5.764478 5.764478 5.764478 
5.764478 5.764478 5.764478 5.764478 5.764478 5.764478 5.764478 5.764478 5.764478 5.764478 5.764478 5.764478 5.764478 5.764478 5.764478 5.764478 5.764478 5.764478 5.764478 5.764478 5.764478 5.764478 5.764478 5.764478 5.764478 5.764478 5.764478 5.764478 5.764478 5.764478 5.764478 5.764478 5.764478 5.764478 5.764478 5.764478 5.764478 5.764478 5.764478 5.764478 5.764478 5.764478 5.764478 5.764478 5.764478 5.764478 5.764478 5.764478 5.764478 5.764478 5.764478 5.764478 5.764478 5.764478 5.764478 5.764478 5.764478 5.764478 5.764478 5.764478 5.764478 5.764478 5.764478 5.764478 
5.764478 5.764478 5.764478 5.764478 5.764478 5.764478 5.764478 5.764478 5.764478 5.764478 5.764478 5.764478 5.764478 5.764478 5.764478 5.764478 5.764478 5.764478 5.764478 5.764478 5.764478 5.764478 5.764478 5.764478 5.764478 5.764478 5.764478 5.764478 5.764478 5.764478 5.764478 5.764478 5.764478 5.764478 5.764478 5.764478 5.764478 5.764478 5.764478 5.764478 5.764478 5.764478 5.764478 5.764478 5.764478 5.764478 5.764478 5.764478 5.764478 5.764478 5.764478 5.764478 5.764478 5.764478 5.764478 5.764478 5.764478 5.764478 5.764478 5.764478 5.764478 5.764478 5.764478 5.764478 
5.764478 5.764478 5.764478 5.764478 5.764478 5.764478 5.764478 5.764478 5.764478 5.764478 5.764478 5.764478 5.764478 5.764478 5.764478 5.764478 5.764478 5.764478 5.764478 5.764478 5.764478 5.764478 5.764478 5.764478 5.764478 5.764478 5.764478 5.764478 5.764478 5.764478 5.764478 5.764478 5.764478 5.764478 5.764478 5.764478 5.764478 5.764478 5.764478 5.764478 5.764478 5.764478 5.764478 5.764478 5.764478 5.764478 5.764478 5.764478 5.764478 5.764478 5.764478 5.764478 5.764478 5.764478 5.764478 5.764478 5.764478 5.764478 5.764478 5.764478 5.764478 5.764478 5.764478 5.764478 
5.764478 5.764478 5.764478 5.764478 5.764478 5.764478 5.764478 5.764478 5.764478 5.764478 5.764478 5.764478 5.764478 5.764478 5.764478 5.764478 5.764478 5.764478 5.764478 5.764478 5.764478 5.764478 5.764478 5.764478 5.764478 5.764478 5.764478 5.764478 5.764478 5.764478 5.764478 5.764478 5.764478 5.764478 5.764478 5.764478 5.764478 5.764478 5.764478 5.764478 5.764478 5.764478 5.764478 5.764478 5.764478 5.764478 5.764478 5.764478 5.764478 5.764478 5.764478 5.764478 5.764478 5.764478 5.764478 5.764478 5.764478 5.764478 5.764478 5.764478 5.764478 5.764478 5.764478 5.764478 
5.764478 5.764478 5.764478 5.764478 5.764478 5.764478 5.764478 5.764478 5.764478 5.764478 5.764478 5.764478 5.764478 5.764478 5.764478 5.764478 5.764478 5.764478 5.764478 5.764478 5.764478 5.764478 5.764478 5.764478 5.764478 5.764478 5.764478 5.764478 5.764478 5.764478 5.764478 5.764478 5.764478 5.764478 5.764478 5.764478 5.764478 5.764478 5.764478 5.764478 5.764478 5.764478 5.764478 5.764478 5.764478 5.764478 5.764478 5.764478 5.764478 5.764478 5.764478 5.764478 5.764478 5.764478 5.764478 5.764478 5.764478 5.764478 5.764478 5.764478 5.764478 5.764478 5.764478 5.764478 
5.764478 5.764478 5.764478 5.764478 5.764478 5.764478 5.764478 5.764478 5.764478 5.764478 5.764478 5.764478 5.764478 5.764478 5.764478 5.764478 5.764478 5.764478 5.764478 5.764478 5.764478 5.764478 5.764478 5.764478 5.764478 5.764478 5.764478 5.764478 5.764478 5.764478 5.764478 5.764478 5.764478 5.764478 5.764478 5.764478 5.764478 5.764478 5.764478 5.764478 5.764478 5.764478 5.764478 5.764478 5.764478 5.764478 5.764478 5.764478 5.764478 5.764478 5.764478 5.764478 5.764478 5.764478 5.764478 5.764478 5.764478 5.764478 5.764478 5.764478 5.764478 5.764478 5.764478 5.764478 
5.764478 5.764478 5.764478 5.764478 5.764478 5.764478 5.764478 5.764478 5.764478 5.764478 5.764478 5.764478 5.764478 5.764478 5.764478 5.764478 5.764478 5.764478 5.764478 5.764478 5.764478 5.764478 5.764478 5.764478 5.764478 5.764478 5.764478 5.764478 5.764478 5.764478 5.764478 5.764478 5.764478 5.764478 5.764478 5.764478 5.764478 5.764478 5.764478 5.764478 5.764478 5.764478 5.764478 5.764478 5.764478 5.764478 5.764478 5.764478 5.764478 5.764478 5.764478 5.764478 5.764478 5.764478 5.764478 5.764478 5.764478 5.764478 5.764478 5.764478 5.764478 5.764478 5.764478 5.764478 
5.764478 5.764478 5.764478 5.764478 5.764478 5.764478 5.764478 5.764478 5.764478 5.764478 5.764478 5.764478 5.764478 5.764478 5.764478 5.764478 5.764478 5.764478 5.764478 5.764478 5.764478 5.764478 5.764478 5.764478 5.764478 5.764478 5.764478 5.764478 5.764478 5.764478 5.764478 5.764478 5.764478 5.764478 5.764478 5.764478 5.764478 5.764478 5.764478 5.764478 5.764478 5.764478 5.764478 5.764478 5.764478 5.764478 5.764478 5.764478 5.764478 5.764478 5.764478 5.764478 5.764478 5.764478 5.764478 5.764478 5.764478 5.764478 5.764478 5.764478 5.764478 5.764478 5.764478 5.764478 
5.764478 5.764478 5.764478 5.764478 5.764478 5.764478 5.764478 5.764478 5.764478 5.764478 5.764478 5.764478 5.764478 5.764478 5.764478 5.764478 5.764478 5.764478 5.764478 5.764478 5.764478 5.764478 5.764478 5.764478 5.764478 5.764478 5.764478 5.764478 5.764478 5.764478 5.764478 5.764478 5.764478 5.764478 5.764478 5.764478 5.764478 5.764478 5.764478 5.764478 5.764478 5.764478 5.764478 5.764478 5.764478 5.764478 5.764478 5.764478 5.764478 5.764478 5.764478 5.764478 5.764478 5.764478 5.764478 5.764478 5.764478 5.764478 5.764478 5.764478 5.764478 5.764478 5.764478 5.764478 
5.764478 5.764478 5.764478 5.764478 5.764478 5.764478 5.764478 5.764478 5.764478 5.764478 5.764478 5.764478 5.764478 5.764478 5.764478 5.764478 5.764478 5.764478 5.764478 5.764478 5.764478 5.764478 5.764478 5.764478 5.764478 5.764478 5.764478 5.764478 5.764478 5.764478 5.764478 5.764478 5.764478 5.764478 5.764478 5.764478 5.764478 5.764478 5.764478 5.764478 5.764478 5.764478 5.764478 5.764478 5.764478 5.764478 5.764478 5.764478 5.764478 5.764478 5.764478 5.764478 5.764478 5.764478 5.764478 5.764478 5.764478 5.764478 5.764478 5.764478 5.764478 5.764478 5.764478 5.764478 
5.764478 5.764478 5.764478 5.764478 5.764478 5.764478 5.764478 5.764478 5.764478 5.764478 5.764478 5.764478 5.764478 5.764478 5.764478 5.764478 5.764478 5.764478 5.764478 5.764478 5.764478 5.764478 5.764478 5.764478 5.764478 5.764478 5.764478 5.764478 5.764478 5.764478 5.764478 5.764478 5.764478 5.764478 5.764478 5.764478 5.764478 5.764478 5.764478 5.764478 5.764478 5.764478 5.764478 5.764478 5.764478 5.764478 5.764478 5.764478 5.764478 5.764478 5.764478 5.764478 5.764478 5.764478 5.764478 5.764478 5.764478 5.764478 5.764478 5.764478 5.764478 5.764478 5.764478 5.764478 
5.764478 5.764478 5.764478 5.764478 5.764478 5.764478 5.764478 5.764478 5.764478 5.764478 5.764478 5.764478 5.764478 5.764478 5.764478 5.764478 5.764478 5.764478 5.764478 5.764478 5.764478 5.764478 5.764478 5.764478 5.764478 5.764478 5.764478 5.764478 5.764478 5.764478 5.764478 5.764478 5.764478 5.764478 5.764478 5.764478 5.764478 5.764478 5.764478 5.764478 5.764478 5.764478 5.764478 5.764478 5.764478 5.764478 5.764478 5.764478 5.764478 5.764478 5.764478 5.764478 5.764478 5.764478 5.764478 5.764478 5.764478 5.764478 5.764478 5.764478 5.764478 5.764478 5.764478 5.764478 
5.764478 5.764478 5.764478 5.764478 5.764478 5.764478 5.764478 5.764478 5.764478 5.764478 5.764478 5.764478 5.764478 5.764478 5.764478 5.764478 5.764478 5.764478 5.764478 5.764478 5.764478 5.764478 5.764478 5.764478 5.764478 5.764478 5.764478 5.764478 5.764478 5.764478 5.764478 5.764478 5.764478 5.764478 5.764478 5.764478 5.764478 5.764478 5.764478 5.764478 5.764478 5.764478 5.764478 5.764478 5.764478 5.764478 5.764478 5.764478 5.764478 5.764478 5.764478 5.764478 5.764478 5.764478 5.764478 5.764478 5.764478 5.764478 5.764478 5.764478 5.764478 5.764478 5.764478 5.764478 
5.764478 5.764478 5.764478 5.764478 5.764478 5.764478 5.764478 5.764478 5.764478 5.764478 5.764478 5.764478 5.764478 5.764478 5.764478 5.764478 5.764478 5.764478 5.764478 5.764478 5.764478 5.764478 5.764478 5.764478 5.764478 5.764478 5.764478 5.764478 5.764478 5.764478 5.764478 5.764478 5.764478 5.764478 5.764478 5.764478 5.764478 5.764478 5.764478 5.764478 5.764478 5.764478 5.764478 5.764478 5.764478 5.764478 5.764478 5.764478 5.764478 5.764478 5.764478 5.764478 5.764478 5.764478 5.764478 5.764478 5.764478 5.764478 5.764478 5.764478 5.764478 5.764478 5.764478 5.764478 
5.764478 5.764478 5.764478 5.764478 5.764478 5.764478 5.764478 5.764478 5.764478 5.764478 5.764478 5.764478 5.764478 5.764478 5.764478 5.764478 5.764478 5.764478 5.764478 5.764478 5.764478 5.764478 5.764478 5.764478 5.764478 5.764478 5.764478 5.764478 5.764478 5.764478 5.764478 5.764478 5.764478 5.764478 5.764478 5.764478 5.764478 5.764478 5.764478 5.764478 5.764478 5.764478 5.764478 5.764478 5.764478 5.764478 5.764478 5.764478 5.764478 5.764478 5.764478 5.764478 5.764478 5.764478 5.764478 5.764478 5.764478 5.764478 5.764478 5.764478 5.764478 5.764478 5.764478 5.764478 
5.764478 5.764478 5.764478 5.764478 5.764478 5.764478 5.764478 5.764478 5.764478 5.764478 5.764478 5.764478 5.764478 5.764478 5.764478 5.764478 5.764478 5.764478 5.764478 5.764478 5.764478 5.764478 5.764478 5.764478 5.764478 5.764478 5.764478 5.764478 5.764478 5.764478 5.764478 5.764478 5.764478 5.764478 5.764478 5.764478 5.764478 5.764478 5.764478 5.764478 5.764478 5.764478 5.764478 5.764478 5.764478 5.764478 5.764478 5.764478 5.764478 5.764478 5.764478 5.764478 5.764478 5.764478 5.764478 5.764478 5.764478 5.764478 5.764478 5.764478 5.764478 5.764478 5.764478 5.764478 
5.764478 5.764478 5.764478 5.764478 5.764478 5.764478 5.764478 5.764478 5.764478 5.764478 5.764478 5.764478 5.764478 5.764478 5.764478 5.764478 5.764478 5.764478 5.764478 5.764478 5.764478 5.764478 5.764478 5.764478 5.764478 5.764478 5.764478 5.764478 5.764478 5.764478 5.764478 5.764478 5.764478 5.764478 5.764478 5.764478 5.764478 5.764478 5.764478 5.764478 5.764478 5.764478 5.764478 5.764478 5.764478 5.764478 5.764478 5.764478 5.764478 5.764478 5.764478 5.764478 5.764478 5.764478 5.764478 5.764478 5.764478 5.764478 5.764478 5.764478 5.764478 5.764478 5.764478 5.764478 
5.764478 5.764478 5.764478 5.764478 5.764478 5.764478 5.764478 5.764478 5.764478 5.764478 5.764478 5.764478 5.764478 5.764478 5.764478 5.764478 5.764478 5.764478 5.764478 5.764478 5.764478 5.764478 5.764478 5.764478 5.764478 5.764478 5.764478 5.764478 5.764478 5.764478 5.764478 5.764478 5.764478 5.764478 5.764478 5.764478 5.764478 5.764478 5.764478 5.764478 5.764478 5.764478 5.764478 5.764478 5.764478 5.764478 5.764478 5.764478 5.764478 5.764478 5.764478 5.764478 5.764478 5.764478 5.764478 5.764478 5.764478 5.764478 5.764478 5.764478 5.764478 5.764478 5.764478 5.764478 
5.764478 5.764478 5.764478 5.764478 5.764478 5.764478 5.764478 5.764478 5.764478 5.764478 5.764478 5.764478 5.764478 5.764478 5.764478 5.764478 5.764478 5.764478 5.764478 5.764478 5.764478 5.764478 5.764478 5.764478 5.764478 5.764478 5.764478 5.764478 5.764478 5.764478 5.764478 5.764478 5.764478 5.764478 5.764478 5.764478 5.764478 5.764478 5.764478 5.764478 5.764478 5.764478 5.764478 5.764478 5.764478 5.764478 5.764478 5.764478 5.764478 5.764478 5.764478 5.764478 5.764478 5.764478 5.764478 5.764478 5.764478 5.764478 5.764478 5.764478 5.764478 5.764478 5.764478 5.764478 
5.764478 5.764478 5.764478 5.764478 5.764478 5.764478 5.764478 5.764478 5.764478 5.764478 5.764478 5.764478 5.764478 5.764478 5.764478 5.764478 5.764478 5.764478 5.764478 5.764478 5.764478 5.764478 5.764478 5.764478 5.764478 5.764478 5.764478 5.764478 5.764478 5.764478 5.764478 5.764478 5.764478 5.764478 5.764478 5.764478 5.764478 5.764478 5.764478 5.764478 5.764478 5.764478 5.764478 5.764478 5.764478 5.764478 5.764478 5.764478 5.764478 5.764478 5.764478 5.764478 5.764478 5.764478 5.764478 5.764478 5.764478 5.764478 5.764478 5.764478 5.764478 5.764478 5.764478 5.764478 
5.764478 5.764478 5.764478 5.764478 5.764478 5.764478 5.764478 5.764478 5.764478 5.764478 5.764478 5.764478 5.764478 5.764478 5.764478 5.764478 5.764478 5.764478 5.764478 5.764478 5.764478 5.764478 5.764478 5.764478 5.764478 5.764478 5.764478 5.764478 5.764478 5.764478 5.764478 5.764478 5.764478 5.764478 5.764478 5.764478 5.764478 5.764478 5.764478 5.764478 5.764478 5.764478 5.764478 5.764478 5.764478 5.764478 5.764478 5.764478 5.764478 5.764478 5.764478 5.764478 5.764478 5.764478 5.764478 5.764478 5.764478 5.764478 5.764478 5.764478 5.764478 5.764478 5.764478 5.764478 
5.764478 5.764478 5.764478 5.764478 5.764478 5.764478 5.764478 5.764478 5.764478 5.764478 5.764478 5.764478 5.764478 5.764478 5.764478 5.764478 5.764478 5.764478 5.764478 5.764478 5.764478 5.764478 5.764478 5.764478 5.764478 5.764478 5.764478 5.764478 5.764478 5.764478 5.764478 5.764478 5.764478 5.764478 5.764478 5.764478 5.764478 5.764478 5.764478 5.764478 5.764478 5.764478 5.764478 5.764478 5.764478 5.764478 5.764478 5.764478 5.764478 5.764478 5.764478 5.764478 5.764478 5.764478 5.764478 5.764478 5.764478 5.764478 5.764478 5.764478 5.764478 5.764478 5.764478 5.764478 
5.764478 5.764478 5.764478 5.764478 5.764478 5.764478 5.764478 5.764478 5.764478 5.764478 5.764478 5.764478 5.764478 5.764478 5.764478 5.764478 5.764478 5.764478 5.764478 5.764478 5.764478 5.764478 5.764478 5.764478 5.764478 5.764478 5.764478 5.764478 5.764478 5.764478 5.764478 5.764478 5.764478 5.764478 5.764478 5.764478 5.764478 5.764478 5.764478 5.764478 5.764478 5.764478 5.764478 5.764478 5.764478 5.764478 5.764478 5.764478 5.764478 5.764478 5.764478 5.764478 5.764478 5.764478 5.764478 5.764478 5.764478 5.764478 5.764478 5.764478 5.764478 5.764478 5.764478 5.764478 
5.764478 5.764478 5.764478 5.764478 5.764478 5.764478 5.764478 5.764478 5.764478 5.764478 5.764478 5.764478 5.764478 5.764478 5.764478 5.764478 5.764478 5.764478 5.764478 5.764478 5.764478 5.764478 5.764478 5.764478 5.764478 5.764478 5.764478 5.764478 5.764478 5.764478 5.764478 5.764478 5.764478 5.764478 5.764478 5.764478 5.764478 5.764478 5.764478 5.764478 5.764478 5.764478 5.764478 5.764478 5.764478 5.764478 5.764478 5.764478 5.764478 5.764478 5.764478 5.764478 5.764478 5.764478 5.764478 5.764478 5.764478 5.764478 5.764478 5.764478 5.764478 5.764478 5.764478 5.764478 
5.764478 5.764478 5.764478 5.764478 5.764478 5.764478 5.764478 5.764478 5.764478 5.764478 5.764478 5.764478 5.764478 5.764478 5.764478 5.764478 5.764478 5.764478 5.764478 5.764478 5.764478 5.764478 5.764478 5.764478 5.764478 5.764478 5.764478 5.764478 5.764478 5.764478 5.764478 5.764478 5.764478 5.764478 5.764478 5.764478 5.764478 5.764478 5.764478 5.764478 5.764478 5.764478 5.764478 5.764478 5.764478 5.764478 5.764478 5.764478 5.764478 5.764478 5.764478 5.764478 5.764478 5.764478 5.764478 5.764478 5.764478 5.764478 5.764478 5.764478 5.764478 5.764478 5.764478 5.764478 
5.764478 5.764478 5.764478 5.764478 5.764478 5.764478 5.764478 5.764478 5.764478 5.764478 5.764478 5.764478 5.764478 5.764478 5.764478 5.764478 5.764478 5.764478 5.764478 5.764478 5.764478 5.764478 5.764478 5.764478 5.764478 5.764478 5.764478 5.764478 5.764478 5.764478 5.764478 5.764478 5.764478 5.764478 5.764478 5.764478 5.764478 5.764478 5.764478 5.764478 5.764478 5.764478 5.764478 5.764478 5.764478 5.764478 5.764478 5.764478 5.764478 5.764478 5.764478 5.764478 5.764478 5.764478 5.764478 5.764478 5.764478 5.764478 5.764478 5.764478 5.764478 5.764478 5.764478 5.764478 
5.764478 5.764478 5.764478 5.764478 5.764478 5.764478 5.764478 5.764478 5.764478 5.764478 5.764478 5.764478 5.764478 5.764478 5.764478 5.764478 5.764478 5.764478 5.764478 5.764478 5.764478 5.764478 5.764478 5.764478 5.764478 5.764478 5.764478 5.764478 5.764478 5.764478 5.764478 5.764478 5.764478 5.764478 5.764478 5.764478 5.764478 5.764478 5.764478 5.764478 5.764478 5.764478 5.764478 5.764478 5.764478 5.764478 5.764478 5.764478 5.764478 5.764478 5.764478 5.764478 5.764478 5.764478 5.764478 5.764478 5.764478 5.764478 5.764478 5.764478 5.764478 5.764478 5.764478 5.764478 
5.764478 5.764478 5.764478 5.764478 5.764478 5.764478 5.764478 5.764478 5.764478 5.764478 5.764478 5.764478 5.764478 5.764478 5.764478 5.764478 5.764478 5.764478 5.764478 5.764478 5.764478 5.764478 5.764478 5.764478 5.764478 5.764478 5.764478 5.764478 5.764478 5.764478 5.764478 5.764478 5.764478 5.764478 5.764478 5.764478 5.764478 5.764478 5.764478 5.764478 5.764478 5.764478 5.764478 5.764478 5.764478 5.764478 5.764478 5.764478 5.764478 5.764478 5.764478 5.764478 5.764478 5.764478 5.764478 5.764478 5.764478 5.764478 5.764478 5.764478 5.764478 5.764478 5.764478 5.764478 
5.764478 5.764478 5.764478 5.764478 5.764478 5.764478 5.764478 5.764478 5.764478 5.764478 5.764478 5.764478 5.764478 5.764478 5.764478 5.764478 5.764478 5.764478 5.764478 5.764478 5.764478 5.764478 5.764478 5.764478 5.764478 5.764478 5.764478 5.764478 5.764478 5.764478 5.764478 5.764478 5.764478 5.764478 5.764478 5.764478 5.764478 5.764478 5.764478 5.764478 5.764478 5.764478 5.764478 5.764478 5.764478 5.764478 5.764478 5.764478 5.764478 5.764478 5.764478 5.764478 5.764478 5.764478 5.764478 5.764478 5.764478 5.764478 5.764478 5.764478 5.764478 5.764478 5.764478 5.764478 
5.764478 5.764478 5.764478 5.764478 5.764478 5.764478 5.764478 5.764478 5.764478 5.764478 5.764478 5.764478 5.764478 5.764478 5.764478 5.764478 5.764478 5.764478 5.764478 5.764478 5.764478 5.764478 5.764478 5.764478 5.764478 5.764478 5.764478 5.764478 5.764478 5.764478 5.764478 5.764478 5.764478 5.764478 5.764478 5.764478 5.764478 5.764478 5.764478 5.764478 5.764478 5.764478 5.764478 5.764478 5.764478 5.764478 5.764478 5.764478 5.764478 5.764478 5.764478 5.764478 5.764478 5.764478 5.764478 5.764478 5.764478 5.764478 5.764478 5.764478 5.764478 5.764478 5.764478 5.764478 
5.764478 5.764478 5.764478 5.764478 5.764478 5.764478 5.764478 5.764478 5.764478 5.764478 5.764478 5.764478 5.764478 5.764478 5.764478 5.764478 5.764478 5.764478 5.764478 5.764478 5.764478 5.764478 5.764478 5.764478 5.764478 5.764478 5.764478 5.764478 5.764478 5.764478 5.764478 5.764478 5.764478 5.764478 5.764478 5.764478 5.764478 5.764478 5.764478 5.764478 5.764478 5.764478 5.764478 5.764478 5.764478 5.764478 5.764478 5.764478 5.764478 5.764478 5.764478 5.764478 5.764478 5.764478 5.764478 5.764478 5.764478 5.764478 5.764478 5.764478 5.764478 5.764478 5.764478 5.764478 
5.764478 5.764478 5.764478 5.764478 5.764478 5.764478 5.764478 5.764478 5.764478 5.764478 5.764478 5.764478 5.764478 5.764478 5.764478 5.764478 5.764478 5.764478 5.764478 5.764478 5.764478 5.764478 5.764478 5.764478 5.764478 5.764478 5.764478 5.764478 5.764478 5.764478 5.764478 5.764478 5.764478 5.764478 5.764478 5.764478 5.764478 5.764478 5.764478 5.764478 5.764478 5.764478 5.764478 5.764478 5.764478 5.764478 5.764478 5.764478 5.764478 5.764478 5.764478 5.764478 5.764478 5.764478 5.764478 5.764478 5.764478 5.764478 5.764478 5.764478 5.764478 5.764478 5.764478 5.764478 
5.764478 5.764478 5.764478 5.764478 5.764478 5.764478 5.764478 5.764478 5.764478 5.764478 5.764478 5.764478 5.764478 5.764478 5.764478 5.764478 5.764478 5.764478 5.764478 5.764478 5.764478 5.764478 5.764478 5.764478 5.764478 5.764478 5.764478 5.764478 5.764478 5.764478 5.764478 5.764478 5.764478 5.764478 5.764478 5.764478 5.764478 5.764478 5.764478 5.764478 5.764478 5.764478 5.764478 5.764478 5.764478 5.764478 5.764478 5.764478 5.764478 5.764478 5.764478 5.764478 5.764478 5.764478 5.764478 5.764478 5.764478 5.764478 5.764478 5.764478 5.764478 5.764478 5.764478 5.764478 
5.764478 5.764478 5.764478 5.764478 5.764478 5.764478 5.764478 5.764478 5.764478 5.764478 5.764478 5.764478 5.764478 5.764478 5.764478 5.764478 5.764478 5.764478 5.764478 5.764478 5.764478 5.764478 5.764478 5.764478 5.764478 5.764478 5.764478 5.764478 5.764478 5.764478 5.764478 5.764478 5.764478 5.764478 5.764478 5.764478 5.764478 5.764478 5.764478 5.764478 5.764478 5.764478 5.764478 5.764478 5.764478 5.764478 5.764478 5.764478 5.764478 5.764478 5.764478 5.764478 5.764478 5.764478 5.764478 5.764478 5.764478 5.764478 5.764478 5.764478 5.764478 5.764478 5.764478 5.764478 
5.764478 5.764478 5.764478 5.764478 5.764478 5.764478 5.764478 5.764478 5.764478 5.764478 5.764478 5.764478 5.764478 5.764478 5.764478 5.764478 5.764478 5.764478 5.764478 5.764478 5.764478 5.764478 5.764478 5.764478 5.764478 5.764478 5.764478 5.764478 5.764478 5.764478 5.764478 5.764478 5.764478 5.764478 5.764478 5.764478 5.764478 5.764478 5.764478 5.764478 5.764478 5.764478 5.764478 5.764478 5.764478 5.764478 5.764478 5.764478 5.764478 5.764478 5.764478 5.764478 5.764478 5.764478 5.764478 5.764478 5.764478 5.764478 5.764478 5.764478 5.764478 5.764478 5.764478 5.764478 
5.764478 5.764478 5.764478 5.764478 5.764478 5.764478 5.764478 5.764478 5.764478 5.764478 5.764478 5.764478 5.764478 5.764478 5.764478 5.764478 5.764478 5.764478 5.764478 5.764478 5.764478 5.764478 5.764478 5.764478 5.764478 5.764478 5.764478 5.764478 5.764478 5.764478 5.764478 5.764478 5.764478 5.764478 5.764478 5.764478 5.764478 5.764478 5.764478 5.764478 5.764478 5.764478 5.764478 5.764478 5.764478 5.764478 5.764478 5.764478 5.764478 5.764478 5.764478 5.764478 5.764478 5.764478 5.764478 5.764478 5.764478 5.764478 5.764478 5.764478 5.764478 5.764478 5.764478 5.764478 
5.764478 5.764478 5.764478 5.764478 5.764478 5.764478 5.764478 5.764478 5.764478 5.764478 5.764478 5.764478 5.764478 5.764478 5.764478 5.764478 5.764478 5.764478 5.764478 5.764478 5.764478 5.764478 5.764478 5.764478 5.764478 5.764478 5.764478 5.764478 5.764478 5.764478 5.764478 5.764478 5.764478 5.764478 5.764478 5.764478 5.764478 5.764478 5.764478 5.764478 5.764478 5.764478 5.764478 5.764478 5.764478 5.764478 5.764478 5.764478 5.764478 5.764478 5.764478 5.764478 5.764478 5.764478 5.764478 5.764478 5.764478 5.764478 5.764478 5.764478 5.764478 5.764478 5.764478 5.764478 
5.764478 5.764478 5.764478 5.764478 5.764478 5.764478 5.764478 5.764478 5.764478 5.764478 5.764478 5.764478 5.764478 5.764478 5.764478 5.764478 5.764478 5.764478 5.764478 5.764478 5.764478 5.764478 5.764478 5.764478 5.764478 5.764478 5.764478 5.764478 5.764478 5.764478 5.764478 5.764478 5.764478 5.764478 5.764478 5.764478 5.764478 5.764478 5.764478 5.764478 5.764478 5.764478 5.764478 5.764478 5.764478 5.764478 5.764478 5.764478 5.764478 5.764478 5.764478 5.764478 5.764478 5.764478 5.764478 5.764478 5.764478 5.764478 5.764478 5.764478 5.764478 5.764478 5.764478 5.764478 
5.764478 5.764478 5.764478 5.764478 5.764478 5.764478 5.764478 5.764478 5.764478 5.764478 5.764478 5.764478 5.764478 5.764478 5.764478 5.764478 5.764478 5.764478 5.764478 5.764478 5.764478 5.764478 5.764478 5.764478 5.764478 5.764478 5.764478 5.764478 5.764478 5.764478 5.764478 5.764478 5.764478 5.764478 5.764478 5.764478 5.764478 5.764478 5.764478 5.764478 5.764478 5.764478 5.764478 5.764478 5.764478 5.764478 5.764478 5.764478 5.764478 5.764478 5.764478 5.764478 5.764478 5.764478 5.764478 5.764478 5.764478 5.764478 5.764478 5.764478 5.764478 5.764478 5.764478 5.764478 
5.764478 5.764478 5.764478 5.764478 5.764478 5.764478 5.764478 5.764478 5.764478 5.764478 5.764478 5.764478 5.764478 5.764478 5.764478 5.764478 5.764478 5.764478 5.764478 5.764478 5.764478 5.764478 5.764478 5.764478 5.764478 5.764478 5.764478 5.764478 5.764478 5.764478 5.764478 5.764478 5.764478 5.764478 5.764478 5.764478 5.764478 5.764478 5.764478 5.764478 5.764478 5.764478 5.764478 5.764478 5.764478 5.764478 5.764478 5.764478 5.764478 5.764478 5.764478 5.764478 5.764478 5.764478 5.764478 5.764478 5.764478 5.764478 5.764478 5.764478 5.764478 5.764478 5.764478 5.764478 
5.764478 5.764478 5.764478 5.764478 5.764478 5.764478 5.764478 5.764478 5.764478 5.764478 5.764478 5.764478 5.764478 5.764478 5.764478 5.764478 5.764478 5.764478 5.764478 5.764478 5.764478 5.764478 5.764478 5.764478 5.764478 5.764478 5.764478 5.764478 5.764478 5.764478 5.764478 5.764478 5.764478 5.764478 5.764478 5.764478 5.764478 5.764478 5.764478 5.764478 5.764478 5.764478 5.764478 5.764478 5.764478 5.764478 5.764478 5.764478 5.764478 5.764478 5.764478 5.764478 5.764478 5.764478 5.764478 5.764478 5.764478 5.764478 5.764478 5.764478 5.764478 5.764478 5.764478 5.764478 
5.764478 5.764478 5.764478 5.764478 5.764478 5.764478 5.764478 5.764478 5.764478 5.764478 5.764478 5.764478 5.764478 5.764478 5.764478 5.764478 5.764478 5.764478 5.764478 5.764478 5.764478 5.764478 5.764478 5.764478 5.764478 5.764478 5.764478 5.764478 5.764478 5.764478 5.764478 5.764478 5.764478 5.764478 5.764478 5.764478 5.764478 5.764478 5.764478 5.764478 5.764478 5.764478 5.764478 5.764478 5.764478 5.764478 5.764478 5.764478 5.764478 5.764478 5.764478 5.764478 5.764478 5.764478 5.764478 5.764478 5.764478 5.764478 5.764478 5.764478 5.764478 5.764478 5.764478 5.764478 
5.764478 5.764478 5.764478 5.764478 5.764478 5.764478 5.764478 5.764478 5.764478 5.764478 5.764478 5.764478 5.764478 5.764478 5.764478 5.764478 5.764478 5.764478 5.764478 5.764478 5.764478 5.764478 5.764478 5.764478 5.764478 5.764478 5.764478 5.764478 5.764478 5.764478 5.764478 5.764478 5.764478 5.764478 5.764478 5.764478 5.764478 5.764478 5.764478 5.764478 5.764478 5.764478 5.764478 5.764478 5.764478 5.764478 5.764478 5.764478 5.764478 5.764478 5.764478 5.764478 5.764478 5.764478 5.764478 5.764478 5.764478 5.764478 5.764478 5.764478 5.764478 5.764478 5.764478 5.764478 
5.764478 5.764478 5.764478 5.764478 5.764478 5.764478 5.764478 5.764478 5.764478 5.764478 5.764478 5.764478 5.764478 5.764478 5.764478 5.764478 5.764478 5.764478 5.764478 5.764478 5.764478 5.764478 5.764478 5.764478 5.764478 5.764478 5.764478 5.764478 5.764478 5.764478 5.764478 5.764478 5.764478 5.764478 5.764478 5.764478 5.764478 5.764478 5.764478 5.764478 5.764478 5.764478 5.764478 5.764478 5.764478 5.764478 5.764478 5.764478 5.764478 5.764478 5.764478 5.764478 5.764478 5.764478 5.764478 5.764478 5.764478 5.764478 5.764478 5.764478 5.764478 5.764478 5.764478 5.764478 
5.764478 5.764478 5.764478 5.764478 5.764478 5.764478 5.764478 5.764478 5.764478 5.764478 5.764478 5.764478 5.764478 5.764478 5.764478 5.764478 5.764478 5.764478 5.764478 5.764478 5.764478 5.764478 5.764478 5.764478 5.764478 5.764478 5.764478 5.764478 5.764478 5.764478 5.764478 5.764478 5.764478 5.764478 5.764478 5.764478 5.764478 5.764478 5.764478 5.764478 5.764478 5.764478 5.764478 5.764478 5.764478 5.764478 5.764478 5.764478 5.764478 5.764478 5.764478 5.764478 5.764478 5.764478 5.764478 5.764478 5.764478 5.764478 5.764478 5.764478 5.764478 5.764478 5.764478 5.764478 
5.764478 5.764478 5.764478 5.764478 5.764478 5.764478 5.764478 5.764478 5.764478 5.764478 5.764478 5.764478 5.764478 5.764478 5.764478 5.764478 5.764478 5.764478 5.764478 5.764478 5.764478 5.764478 5.764478 5.764478 5.764478 5.764478 5.764478 5.764478 5.764478 5.764478 5.764478 5.764478 5.764478 5.764478 5.764478 5.764478 5.764478 5.764478 5.764478 5.764478 5.764478 5.764478 5.764478 5.764478 5.764478 5.764478 5.764478 5.764478 5.764478 5.764478 5.764478 5.764478 5.764478 5.764478 5.764478 5.764478 5.764478 5.764478 5.764478 5.764478 5.764478 5.764478 5.764478 5.764478 
5.764478 5.764478 5.764478 5.764478 5.764478 5.764478 5.764478 5.764478 5.764478 5.764478 5.764478 5.764478 5.764478 5.764478 5.764478 5.764478 5.764478 5.764478 5.764478 5.764478 5.764478 5.764478 5.764478 5.764478 5.764478 5.764478 5.764478 5.764478 5.764478 5.764478 5.764478 5.764478 5.764478 5.764478 5.764478 5.764478 5.764478 5.764478 5.764478 5.764478 5.764478 5.764478 5.764478 5.764478 5.764478 5.764478 5.764478 5.764478 5.764478 5.764478 5.764478 5.764478 5.764478 5.764478 5.764478 5.764478 5.764478 5.764478 5.764478 5.764478 5.764478 5.764478 5.764478 5.764478 
5.764478 5.764478 5.764478 5.764478 5.764478 5.764478 5.764478 5.764478 5.764478 5.764478 5.764478 5.764478 5.764478 5.764478 5.764478 5.764478 5.764478 5.764478 5.764478 5.764478 5.764478 5.764478 5.764478 5.764478 5.764478 5.764478 5.764478 5.764478 5.764478 5.764478 5.764478 5.764478 5.764478 5.764478 5.764478 5.764478 5.764478 5.764478 5.764478 5.764478 5.764478 5.764478 5.764478 5.764478 5.764478 5.764478 5.764478 5.764478 5.764478 5.764478 5.764478 5.764478 5.764478 5.764478 5.764478 5.764478 5.764478 5.764478 5.764478 5.764478 5.764478 5.764478 5.764478 5.764478 
5.764478 5.764478 5.764478 5.764478 5.764478 5.764478 5.764478 5.764478 5.764478 5.764478 5.764478 5.764478 5.764478 5.764478 5.764478 5.764478 5.764478 5.764478 5.764478 5.764478 5.764478 5.764478 5.764478 5.764478 5.764478 5.764478 5.764478 5.764478 5.764478 5.764478 5.764478 5.764478 5.764478 5.764478 5.764478 5.764478 5.764478 5.764478 5.764478 5.764478 5.764478 5.764478 5.764478 5.764478 5.764478 5.764478 5.764478 5.764478 5.764478 5.764478 5.764478 5.764478 5.764478 5.764478 5.764478 5.764478 5.764478 5.764478 5.764478 5.764478 5.764478 5.764478 5.764478 5.764478 
5.764478 5.764478 5.764478 5.764478 5.764478 5.764478 5.764478 5.764478 5.764478 5.764478 5.764478 5.764478 5.764478 5.764478 5.764478 5.764478 5.764478 5.764478 5.764478 5.764478 5.764478 5.764478 5.764478 5.764478 5.764478 5.764478 5.764478 5.764478 5.764478 5.764478 5.764478 5.764478 5.764478 5.764478 5.764478 5.764478 5.764478 5.764478 5.764478 5.764478 5.764478 5.764478 5.764478 5.764478 5.764478 5.764478 5.764478 5.764478 5.764478 5.764478 5.764478 5.764478 5.764478 5.764478 5.764478 5.764478 5.764478 5.764478 5.764478 5.764478 5.764478 5.764478 5.764478 5.764478 
5.764478 5.764478 5.764478 5.764478 5.764478 5.764478 5.764478 5.764478 5.764478 5.764478 5.764478 5.764478 5.764478 5.764478 5.764478 5.764478 5.764478 5.764478 5.764478 5.764478 5.764478 5.764478 5.764478 5.764478 5.764478 5.764478 5.764478 5.764478 5.764478 5.764478 5.764478 5.764478 5.764478 5.764478 5.764478 5.764478 5.764478 5.764478 5.764478 5.764478 5.764478 5.764478 5.764478 5.764478 5.764478 5.764478 5.764478 5.764478 5.764478 5.764478 5.764478 5.764478 5.764478 5.764478 5.764478 5.764478 5.764478 5.764478 5.764478 5.764478 5.764478 5.764478 5.764478 5.764478 
5.764478 5.764478 5.764478 5.764478 5.764478 5.764478 5.764478 5.764478 5.764478 5.764478 5.764478 5.764478 5.764478 5.764478 5.764478 5.764478 5.764478 5.764478 5.764478 5.764478 5.764478 5.764478 5.764478 5.764478 5.764478 5.764478 5.764478 5.764478 5.764478 5.764478 5.764478 5.764478 5.764478 5.764478 5.764478 5.764478 5.764478 5.764478 5.764478 5.764478 5.764478 5.764478 5.764478 5.764478 5.764478 5.764478 5.764478 5.764478 5.764478 5.764478 5.764478 5.764478 5.764478 5.764478 5.764478 5.764478 5.764478 5.764478 5.764478 5.764478 5.764478 5.764478 5.764478 5.764478 
5.764478 5.764478 5.764478 5.764478 5.764478 5.764478 5.764478 5.764478 5.764478 5.764478 5.764478 5.764478 5.764478 5.764478 5.764478 5.764478 5.764478 5.764478 5.764478 5.764478 5.764478 5.764478 5.764478 5.764478 5.764478 5.764478 5.764478 5.764478 5.764478 5.764478 5.764478 5.764478 5.764478 5.764478 5.764478 5.764478 5.764478 5.764478 5.764478 5.764478 5.764478 5.764478 5.764478 5.764478 5.764478 5.764478 5.764478 5.764478 5.764478 5.764478 5.764478 5.764478 5.764478 5.764478 5.764478 5.764478 5.764478 5.764478 5.764478 5.764478 5.764478 5.764478 5.764478 5.764478 
