5.966162 5.966162 5.966162 5.966162 5.966162 5.966162 5.966162 5.966162 5.966162 5.966162 5.966162 5.966162 5.966162 5.966162 5.966162 5.966162 5.966162 5.966162 5.966162 5.966162 5.966162 5.966162 5.966162 5.966162 5.966162 5.966162 5.966162 5.966162 5.966162 5.966162 5.966162 5.966162 5.966162 5.966162 5.966162 5.966162 5.966162 5.966162 5.966162 5.966162 5.966162 5.966162 5.966162 5.966162 5.966162 5.966162 5.966162 5.966162 5.966162 5.966162 5.966162 5.966162 5.966162 5.966162 5.966162 5.966162 5.966162 5.966162 5.966162 5.966162 5.966162 5.966162 5.966162 5.966162 
5.966162 5.966162 5.966162 5.966162 5.966162 5.966162 5.966162 5.966162 5.966162 5.966162 5.966162 5.966162 5.966162 5.966162 5.966162 5.966162 5.966162 5.966162 5.966162 5.966162 5.966162 5.966162 5.966162 5.966162 5.966162 5.966162 5.966162 5.966162 5.966162 5.966162 5.966162 5.966162 5.966162 5.966162 5.966162 5.966162 5.966162 5.966162 5.966162 5.966162 5.966162 5.966162 5.966162 5.966162 5.966162 5.966162 5.966162 5.966162 5.966162 5.966162 5.966162 5.966162 5.966162 5.966162 5.966162 5.966162 5.966162 5.966162 5.966162 5.966162 5.966162 5.966162 5.966162 5.966162 
5.966162 5.966162 5.966162 5.966162 5.966162 5.966162 5.966162 5.966162 5.966162 5.966162 5.966162 5.966162 5.966162 5.966162 5.966162 5.966162 5.966162 5.966162 5.966162 5.966162 5.966162 5.966162 5.966162 5.966162 5.966162 5.966162 5.966162 5.966162 5.966162 5.966162 5.966162 5.966162 5.966162 5.966162 5.966162 5.966162 5.966162 5.966162 5.966162 5.966162 5.966162 5.966162 5.966162 5.966162 5.966162 5.966162 5.966162 5.966162 5.966162 5.966162 5.966162 5.966162 5.966162 5.966162 5.966162 5.966162 5.966162 5.966162 5.966162 5.966162 5.966162 5.966162 5.966162 5.966162 
5.966162 5.966162 5.966162 5.966162 5.966162 5.966162 5.966162 5.966162 5.966162 5.966162 5.966162 5.966162 5.966162 5.966162 5.966162 5.966162 5.966162 5.966162 5.966162 5.966162 5.966162 5.966162 5.966162 5.966162 5.966162 5.966162 5.966162 5.966162 5.966162 5.966162 5.966162 5.966162 5.966162 5.966162 5.966162 5.966162 5.966162 5.966162 5.966162 5.966162 5.966162 5.966162 5.966162 5.966162 5.966162 5.966162 5.966162 5.966162 5.966162 5.966162 5.966162 5.966162 5.966162 5.966162 5.966162 5.966162 5.966162 5.966162 5.966162 5.966162 5.966162 5.966162 5.966162 5.966162 
5.966162 5.966162 5.966162 5.966162 5.966162 5.966162 5.966162 5.966162 5.966162 5.966162 5.966162 5.966162 5.966162 5.966162 5.966162 5.966162 5.966162 5.966162 5.966162 5.966162 5.966162 5.966162 5.966162 5.966162 5.966162 5.966162 5.966162 5.966162 5.966162 5.966162 5.966162 5.966162 5.966162 5.966162 5.966162 5.966162 5.966162 5.966162 5.966162 5.966162 5.966162 5.966162 5.966162 5.966162 5.966162 5.966162 5.966162 5.966162 5.966162 5.966162 5.966162 5.966162 5.966162 5.966162 5.966162 5.966162 5.966162 5.966162 5.966162 5.966162 5.966162 5.966162 5.966162 5.966162 
5.966162 5.966162 5.966162 5.966162 5.966162 5.966162 5.966162 5.966162 5.966162 5.966162 5.966162 5.966162 5.966162 5.966162 5.966162 5.966162 5.966162 5.966162 5.966162 5.966162 5.966162 5.966162 5.966162 5.966162 5.966162 5.966162 5.966162 5.966162 5.966162 5.966162 5.966162 5.966162 5.966162 5.966162 5.966162 5.966162 5.966162 5.966162 5.966162 5.966162 5.966162 5.966162 5.966162 5.966162 5.966162 5.966162 5.966162 5.966162 5.966162 5.966162 5.966162 5.966162 5.966162 5.966162 5.966162 5.966162 5.966162 5.966162 5.966162 5.966162 5.966162 5.966162 5.966162 5.966162 
5.966162 5.966162 5.966162 5.966162 5.966162 5.966162 5.966162 5.966162 5.966162 5.966162 5.966162 5.966162 5.966162 5.966162 5.966162 5.966162 5.966162 5.966162 5.966162 5.966162 5.966162 5.966162 5.966162 5.966162 5.966162 5.966162 5.966162 5.966162 5.966162 5.966162 5.966162 5.966162 5.966162 5.966162 5.966162 5.966162 5.966162 5.966162 5.966162 5.966162 5.966162 5.966162 5.966162 5.966162 5.966162 5.966162 5.966162 5.966162 5.966162 5.966162 5.966162 5.966162 5.966162 5.966162 5.966162 5.966162 5.966162 5.966162 5.966162 5.966162 5.966162 5.966162 5.966162 5.966162 
5.966162 5.966162 5.966162 5.966162 5.966162 5.966162 5.966162 5.966162 5.966162 5.966162 5.966162 5.966162 5.966162 5.966162 5.966162 5.966162 5.966162 5.966162 5.966162 5.966162 5.966162 5.966162 5.966162 5.966162 5.966162 5.966162 5.966162 5.966162 5.966162 5.966162 5.966162 5.966162 5.966162 5.966162 5.966162 5.966162 5.966162 5.966162 5.966162 5.966162 5.966162 5.966162 5.966162 5.966162 5.966162 5.966162 5.966162 5.966162 5.966162 5.966162 5.966162 5.966162 5.966162 5.966162 5.966162 5.966162 5.966162 5.966162 5.966162 5.966162 5.966162 5.966162 5.966162 5.966162 
5.966162 5.966162 5.966162 5.966162 5.966162 5.966162 5.966162 5.966162 5.966162 5.966162 5.966162 5.966162 5.966162 5.966162 5.966162 5.966162 5.966162 5.966162 5.966162 5.966162 5.966162 5.966162 5.966162 5.966162 5.966162 5.966162 5.966162 5.966162 5.966162 5.966162 5.966162 5.966162 5.966162 5.966162 5.966162 5.966162 5.966162 5.966162 5.966162 5.966162 5.966162 5.966162 5.966162 5.966162 5.966162 5.966162 5.966162 5.966162 5.966162 5.966162 5.966162 5.966162 5.966162 5.966162 5.966162 5.966162 5.966162 5.966162 5.966162 5.966162 5.966162 5.966162 5.966162 5.966162 
5.966162 5.966162 5.966162 5.966162 5.966162 5.966162 5.966162 5.966162 5.966162 5.966162 5.966162 5.966162 5.966162 5.966162 5.966162 5.966162 5.966162 5.966162 5.966162 5.966162 5.966162 5.966162 5.966162 5.966162 5.966162 5.966162 5.966162 5.966162 5.966162 5.966162 5.966162 5.966162 5.966162 5.966162 5.966162 5.966162 5.966162 5.966162 5.966162 5.966162 5.966162 5.966162 5.966162 5.966162 5.966162 5.966162 5.966162 5.966162 5.966162 5.966162 5.966162 5.966162 5.966162 5.966162 5.966162 5.966162 5.966162 5.966162 5.966162 5.966162 5.966162 5.966162 5.966162 5.966162 
5.966162 5.966162 5.966162 5.966162 5.966162 5.966162 5.966162 5.966162 5.966162 5.966162 5.966162 5.966162 5.966162 5.966162 5.966162 5.966162 5.966162 5.966162 5.966162 5.966162 5.966162 5.966162 5.966162 5.966162 5.966162 5.966162 5.966162 5.966162 5.966162 5.966162 5.966162 5.966162 5.966162 5.966162 5.966162 5.966162 5.966162 5.966162 5.966162 5.966162 5.966162 5.966162 5.966162 5.966162 5.966162 5.966162 5.966162 5.966162 5.966162 5.966162 5.966162 5.966162 5.966162 5.966162 5.966162 5.966162 5.966162 5.966162 5.966162 5.966162 5.966162 5.966162 5.966162 5.966162 
5.966162 5.966162 5.966162 5.966162 5.966162 5.966162 5.966162 5.966162 5.966162 5.966162 5.966162 5.966162 5.966162 5.966162 5.966162 5.966162 5.966162 5.966162 5.966162 5.966162 5.966162 5.966162 5.966162 5.966162 5.966162 5.966162 5.966162 5.966162 5.966162 5.966162 5.966162 5.966162 5.966162 5.966162 5.966162 5.966162 5.966162 5.966162 5.966162 5.966162 5.966162 5.966162 5.966162 5.966162 5.966162 5.966162 5.966162 5.966162 5.966162 5.966162 5.966162 5.966162 5.966162 5.966162 5.966162 5.966162 5.966162 5.966162 5.966162 5.966162 5.966162 5.966162 5.966162 5.966162 
5.966162 5.966162 5.966162 5.966162 5.966162 5.966162 5.966162 5.966162 5.966162 5.966162 5.966162 5.966162 5.966162 5.966162 5.966162 5.966162 5.966162 5.966162 5.966162 5.966162 5.966162 5.966162 5.966162 5.966162 5.966162 5.966162 5.966162 5.966162 5.966162 5.966162 5.966162 5.966162 5.966162 5.966162 5.966162 5.966162 5.966162 5.966162 5.966162 5.966162 5.966162 5.966162 5.966162 5.966162 5.966162 5.966162 5.966162 5.966162 5.966162 5.966162 5.966162 5.966162 5.966162 5.966162 5.966162 5.966162 5.966162 5.966162 5.966162 5.966162 5.966162 5.966162 5.966162 5.966162 
5.966162 5.966162 5.966162 5.966162 5.966162 5.966162 5.966162 5.966162 5.966162 5.966162 5.966162 5.966162 5.966162 5.966162 5.966162 5.966162 5.966162 5.966162 5.966162 5.966162 5.966162 5.966162 5.966162 5.966162 5.966162 5.966162 5.966162 5.966162 5.966162 5.966162 5.966162 5.966162 5.966162 5.966162 5.966162 5.966162 5.966162 5.966162 5.966162 5.966162 5.966162 5.966162 5.966162 5.966162 5.966162 5.966162 5.966162 5.966162 5.966162 5.966162 5.966162 5.966162 5.966162 5.966162 5.966162 5.966162 5.966162 5.966162 5.966162 5.966162 5.966162 5.966162 5.966162 5.966162 
5.966162 5.966162 5.966162 5.966162 5.966162 5.966162 5.966162 5.966162 5.966162 5.966162 5.966162 5.966162 5.966162 5.966162 5.966162 5.966162 5.966162 5.966162 5.966162 5.966162 5.966162 5.966162 5.966162 5.966162 5.966162 5.966162 5.966162 5.966162 5.966162 5.966162 5.966162 5.966162 5.966162 5.966162 5.966162 5.966162 5.966162 5.966162 5.966162 5.966162 5.966162 5.966162 5.966162 5.966162 5.966162 5.966162 5.966162 5.966162 5.966162 5.966162 5.966162 5.966162 5.966162 5.966162 5.966162 5.966162 5.966162 5.966162 5.966162 5.966162 5.966162 5.966162 5.966162 5.966162 
5.966162 5.966162 5.966162 5.966162 5.966162 5.966162 5.966162 5.966162 5.966162 5.966162 5.966162 5.966162 5.966162 5.966162 5.966162 5.966162 5.966162 5.966162 5.966162 5.966162 5.966162 5.966162 5.966162 5.966162 5.966162 5.966162 5.966162 5.966162 5.966162 5.966162 5.966162 5.966162 5.966162 5.966162 5.966162 5.966162 5.966162 5.966162 5.966162 5.966162 5.966162 5.966162 5.966162 5.966162 5.966162 5.966162 5.966162 5.966162 5.966162 5.966162 5.966162 5.966162 5.966162 5.966162 5.966162 5.966162 5.966162 5.966162 5.966162 5.966162 5.966162 5.966162 5.966162 5.966162 
5.966162 5.966162 5.966162 5.966162 5.966162 5.966162 5.966162 5.966162 5.966162 5.966162 5.966162 5.966162 5.966162 5.966162 5.966162 5.966162 5.966162 5.966162 5.966162 5.966162 5.966162 5.966162 5.966162 5.966162 5.966162 5.966162 5.966162 5.966162 5.966162 5.966162 5.966162 5.966162 5.966162 5.966162 5.966162 5.966162 5.966162 5.966162 5.966162 5.966162 5.966162 5.966162 5.966162 5.966162 5.966162 5.966162 5.966162 5.966162 5.966162 5.966162 5.966162 5.966162 5.966162 5.966162 5.966162 5.966162 5.966162 5.966162 5.966162 5.966162 5.966162 5.966162 5.966162 5.966162 
5.966162 5.966162 5.966162 5.966162 5.966162 5.966162 5.966162 5.966162 5.966162 5.966162 5.966162 5.966162 5.966162 5.966162 5.966162 5.966162 5.966162 5.966162 5.966162 5.966162 5.966162 5.966162 5.966162 5.966162 5.966162 5.966162 5.966162 5.966162 5.966162 5.966162 5.966162 5.966162 5.966162 5.966162 5.966162 5.966162 5.966162 5.966162 5.966162 5.966162 5.966162 5.966162 5.966162 5.966162 5.966162 5.966162 5.966162 5.966162 5.966162 5.966162 5.966162 5.966162 5.966162 5.966162 5.966162 5.966162 5.966162 5.966162 5.966162 5.966162 5.966162 5.966162 5.966162 5.966162 
5.966162 5.966162 5.966162 5.966162 5.966162 5.966162 5.966162 5.966162 5.966162 5.966162 5.966162 5.966162 5.966162 5.966162 5.966162 5.966162 5.966162 5.966162 5.966162 5.966162 5.966162 5.966162 5.966162 5.966162 5.966162 5.966162 5.966162 5.966162 5.966162 5.966162 5.966162 5.966162 5.966162 5.966162 5.966162 5.966162 5.966162 5.966162 5.966162 5.966162 5.966162 5.966162 5.966162 5.966162 5.966162 5.966162 5.966162 5.966162 5.966162 5.966162 5.966162 5.966162 5.966162 5.966162 5.966162 5.966162 5.966162 5.966162 5.966162 5.966162 5.966162 5.966162 5.966162 5.966162 
5.966162 5.966162 5.966162 5.966162 5.966162 5.966162 5.966162 5.966162 5.966162 5.966162 5.966162 5.966162 5.966162 5.966162 5.966162 5.966162 5.966162 5.966162 5.966162 5.966162 5.966162 5.966162 5.966162 5.966162 5.966162 5.966162 5.966162 5.966162 5.966162 5.966162 5.966162 5.966162 5.966162 5.966162 5.966162 5.966162 5.966162 5.966162 5.966162 5.966162 5.966162 5.966162 5.966162 5.966162 5.966162 5.966162 5.966162 5.966162 5.966162 5.966162 5.966162 5.966162 5.966162 5.966162 5.966162 5.966162 5.966162 5.966162 5.966162 5.966162 5.966162 5.966162 5.966162 5.966162 
5.966162 5.966162 5.966162 5.966162 5.966162 5.966162 5.966162 5.966162 5.966162 5.966162 5.966162 5.966162 5.966162 5.966162 5.966162 5.966162 5.966162 5.966162 5.966162 5.966162 5.966162 5.966162 5.966162 5.966162 5.966162 5.966162 5.966162 5.966162 5.966162 5.966162 5.966162 5.966162 5.966162 5.966162 5.966162 5.966162 5.966162 5.966162 5.966162 5.966162 5.966162 5.966162 5.966162 5.966162 5.966162 5.966162 5.966162 5.966162 5.966162 5.966162 5.966162 5.966162 5.966162 5.966162 5.966162 5.966162 5.966162 5.966162 5.966162 5.966162 5.966162 5.966162 5.966162 5.966162 
5.966162 5.966162 5.966162 5.966162 5.966162 5.966162 5.966162 5.966162 5.966162 5.966162 5.966162 5.966162 5.966162 5.966162 5.966162 5.966162 5.966162 5.966162 5.966162 5.966162 5.966162 5.966162 5.966162 5.966162 5.966162 5.966162 5.966162 5.966162 5.966162 5.966162 5.966162 5.966162 5.966162 5.966162 5.966162 5.966162 5.966162 5.966162 5.966162 5.966162 5.966162 5.966162 5.966162 5.966162 5.966162 5.966162 5.966162 5.966162 5.966162 5.966162 5.966162 5.966162 5.966162 5.966162 5.966162 5.966162 5.966162 5.966162 5.966162 5.966162 5.966162 5.966162 5.966162 5.966162 
5.966162 5.966162 5.966162 5.966162 5.966162 5.966162 5.966162 5.966162 5.966162 5.966162 5.966162 5.966162 5.966162 5.966162 5.966162 5.966162 5.966162 5.966162 5.966162 5.966162 5.966162 5.966162 5.966162 5.966162 5.966162 5.966162 5.966162 5.966162 5.966162 5.966162 5.966162 5.966162 5.966162 5.966162 5.966162 5.966162 5.966162 5.966162 5.966162 5.966162 5.966162 5.966162 5.966162 5.966162 5.966162 5.966162 5.966162 5.966162 5.966162 5.966162 5.966162 5.966162 5.966162 5.966162 5.966162 5.966162 5.966162 5.966162 5.966162 5.966162 5.966162 5.966162 5.966162 5.966162 
5.966162 5.966162 5.966162 5.966162 5.966162 5.966162 5.966162 5.966162 5.966162 5.966162 5.966162 5.966162 5.966162 5.966162 5.966162 5.966162 5.966162 5.966162 5.966162 5.966162 5.966162 5.966162 5.966162 5.966162 5.966162 5.966162 5.966162 5.966162 5.966162 5.966162 5.966162 5.966162 5.966162 5.966162 5.966162 5.966162 5.966162 5.966162 5.966162 5.966162 5.966162 5.966162 5.966162 5.966162 5.966162 5.966162 5.966162 5.966162 5.966162 5.966162 5.966162 5.966162 5.966162 5.966162 5.966162 5.966162 5.966162 5.966162 5.966162 5.966162 5.966162 5.966162 5.966162 5.966162 
5.966162 5.966162 5.966162 5.966162 5.966162 5.966162 5.966162 5.966162 5.966162 5.966162 5.966162 5.966162 5.966162 5.966162 5.966162 5.966162 5.966162 5.966162 5.966162 5.966162 5.966162 5.966162 5.966162 5.966162 5.966162 5.966162 5.966162 5.966162 5.966162 5.966162 5.966162 5.966162 5.966162 5.966162 5.966162 5.966162 5.966162 5.966162 5.966162 5.966162 5.966162 5.966162 5.966162 5.966162 5.966162 5.966162 5.966162 5.966162 5.966162 5.966162 5.966162 5.966162 5.966162 5.966162 5.966162 5.966162 5.966162 5.966162 5.966162 5.966162 5.966162 5.966162 5.966162 5.966162 
5.966162 5.966162 5.966162 5.966162 5.966162 5.966162 5.966162 5.966162 5.966162 5.966162 5.966162 5.966162 5.966162 5.966162 5.966162 5.966162 5.966162 5.966162 5.966162 5.966162 5.966162 5.966162 5.966162 5.966162 5.966162 5.966162 5.966162 5.966162 5.966162 5.966162 5.966162 5.966162 5.966162 5.966162 5.966162 5.966162 5.966162 5.966162 5.966162 5.966162 5.966162 5.966162 5.966162 5.966162 5.966162 5.966162 5.966162 5.966162 5.966162 5.966162 5.966162 5.966162 5.966162 5.966162 5.966162 5.966162 5.966162 5.966162 5.966162 5.966162 5.966162 5.966162 5.966162 5.966162 
5.966162 5.966162 5.966162 5.966162 5.966162 5.966162 5.966162 5.966162 5.966162 5.966162 5.966162 5.966162 5.966162 5.966162 5.966162 5.966162 5.966162 5.966162 5.966162 5.966162 5.966162 5.966162 5.966162 5.966162 5.966162 5.966162 5.966162 5.966162 5.966162 5.966162 5.966162 5.966162 5.966162 5.966162 5.966162 5.966162 5.966162 5.966162 5.966162 5.966162 5.966162 5.966162 5.966162 5.966162 5.966162 5.966162 5.966162 5.966162 5.966162 5.966162 5.966162 5.966162 5.966162 5.966162 5.966162 5.966162 5.966162 5.966162 5.966162 5.966162 5.966162 5.966162 5.966162 5.966162 
5.966162 5.966162 5.966162 5.966162 5.966162 5.966162 5.966162 5.966162 5.966162 5.966162 5.966162 5.966162 5.966162 5.966162 5.966162 5.966162 5.966162 5.966162 5.966162 5.966162 5.966162 5.966162 5.966162 5.966162 5.966162 5.966162 5.966162 5.966162 5.966162 5.966162 5.966162 5.966162 5.966162 5.966162 5.966162 5.966162 5.966162 5.966162 5.966162 5.966162 5.966162 5.966162 5.966162 5.966162 5.966162 5.966162 5.966162 5.966162 5.966162 5.966162 5.966162 5.966162 5.966162 5.966162 5.966162 5.966162 5.966162 5.966162 5.966162 5.966162 5.966162 5.966162 5.966162 5.966162 
5.966162 5.966162 5.966162 5.966162 5.966162 5.966162 5.966162 5.966162 5.966162 5.966162 5.966162 5.966162 5.966162 5.966162 5.966162 5.966162 5.966162 5.966162 5.966162 5.966162 5.966162 5.966162 5.966162 5.966162 5.966162 5.966162 5.966162 5.966162 5.966162 5.966162 5.966162 5.966162 5.966162 5.966162 5.966162 5.966162 5.966162 5.966162 5.966162 5.966162 5.966162 5.966162 5.966162 5.966162 5.966162 5.966162 5.966162 5.966162 5.966162 5.966162 5.966162 5.966162 5.966162 5.966162 5.966162 5.966162 5.966162 5.966162 5.966162 5.966162 5.966162 5.966162 5.966162 5.966162 
5.966162 5.966162 5.966162 5.966162 5.966162 5.966162 5.966162 5.966162 5.966162 5.966162 5.966162 5.966162 5.966162 5.966162 5.966162 5.966162 5.966162 5.966162 5.966162 5.966162 5.966162 5.966162 5.966162 5.966162 5.966162 5.966162 5.966162 5.966162 5.966162 5.966162 5.966162 5.966162 5.966162 5.966162 5.966162 5.966162 5.966162 5.966162 5.966162 5.966162 5.966162 5.966162 5.966162 5.966162 5.966162 5.966162 5.966162 5.966162 5.966162 5.966162 5.966162 5.966162 5.966162 5.966162 5.966162 5.966162 5.966162 5.966162 5.966162 5.966162 5.966162 5.966162 5.966162 5.966162 
5.966162 5.966162 5.966162 5.966162 5.966162 5.966162 5.966162 5.966162 5.966162 5.966162 5.966162 5.966162 5.966162 5.966162 5.966162 5.966162 5.966162 5.966162 5.966162 5.966162 5.966162 5.966162 5.966162 5.966162 5.966162 5.966162 5.966162 5.966162 5.966162 5.966162 5.966162 5.966162 5.966162 5.966162 5.966162 5.966162 5.966162 5.966162 5.966162 5.966162 5.966162 5.966162 5.966162 5.966162 5.966162 5.966162 5.966162 5.966162 5.966162 5.966162 5.966162 5.966162 5.966162 5.966162 5.966162 5.966162 5.966162 5.966162 5.966162 5.966162 5.966162 5.966162 5.966162 5.966162 
5.966162 5.966162 5.966162 5.966162 5.966162 5.966162 5.966162 5.966162 5.966162 5.966162 5.966162 5.966162 5.966162 5.966162 5.966162 5.966162 5.966162 5.966162 5.966162 5.966162 5.966162 5.966162 5.966162 5.966162 5.966162 5.966162 5.966162 5.966162 5.966162 5.966162 5.966162 5.966162 5.966162 5.966162 5.966162 5.966162 5.966162 5.966162 5.966162 5.966162 5.966162 5.966162 5.966162 5.966162 5.966162 5.966162 5.966162 5.966162 5.966162 5.966162 5.966162 5.966162 5.966162 5.966162 5.966162 5.966162 5.966162 5.966162 5.966162 5.966162 5.966162 5.966162 5.966162 5.966162 
5.966162 5.966162 5.966162 5.966162 5.966162 5.966162 5.966162 5.966162 5.966162 5.966162 5.966162 5.966162 5.966162 5.966162 5.966162 5.966162 5.966162 5.966162 5.966162 5.966162 5.966162 5.966162 5.966162 5.966162 5.966162 5.966162 5.966162 5.966162 5.966162 5.966162 5.966162 5.966162 5.966162 5.966162 5.966162 5.966162 5.966162 5.966162 5.966162 5.966162 5.966162 5.966162 5.966162 5.966162 5.966162 5.966162 5.966162 5.966162 5.966162 5.966162 5.966162 5.966162 5.966162 5.966162 5.966162 5.966162 5.966162 5.966162 5.966162 5.966162 5.966162 5.966162 5.966162 5.966162 
5.966162 5.966162 5.966162 5.966162 5.966162 5.966162 5.966162 5.966162 5.966162 5.966162 5.966162 5.966162 5.966162 5.966162 5.966162 5.966162 5.966162 5.966162 5.966162 5.966162 5.966162 5.966162 5.966162 5.966162 5.966162 5.966162 5.966162 5.966162 5.966162 5.966162 5.966162 5.966162 5.966162 5.966162 5.966162 5.966162 5.966162 5.966162 5.966162 5.966162 5.966162 5.966162 5.966162 5.966162 5.966162 5.966162 5.966162 5.966162 5.966162 5.966162 5.966162 5.966162 5.966162 5.966162 5.966162 5.966162 5.966162 5.966162 5.966162 5.966162 5.966162 5.966162 5.966162 5.966162 
5.966162 5.966162 5.966162 5.966162 5.966162 5.966162 5.966162 5.966162 5.966162 5.966162 5.966162 5.966162 5.966162 5.966162 5.966162 5.966162 5.966162 5.966162 5.966162 5.966162 5.966162 5.966162 5.966162 5.966162 5.966162 5.966162 5.966162 5.966162 5.966162 5.966162 5.966162 5.966162 5.966162 5.966162 5.966162 5.966162 5.966162 5.966162 5.966162 5.966162 5.966162 5.966162 5.966162 5.966162 5.966162 5.966162 5.966162 5.966162 5.966162 5.966162 5.966162 5.966162 5.966162 5.966162 5.966162 5.966162 5.966162 5.966162 5.966162 5.966162 5.966162 5.966162 5.966162 5.966162 
5.966162 5.966162 5.966162 5.966162 5.966162 5.966162 5.966162 5.966162 5.966162 5.966162 5.966162 5.966162 5.966162 5.966162 5.966162 5.966162 5.966162 5.966162 5.966162 5.966162 5.966162 5.966162 5.966162 5.966162 5.966162 5.966162 5.966162 5.966162 5.966162 5.966162 5.966162 5.966162 5.966162 5.966162 5.966162 5.966162 5.966162 5.966162 5.966162 5.966162 5.966162 5.966162 5.966162 5.966162 5.966162 5.966162 5.966162 5.966162 5.966162 5.966162 5.966162 5.966162 5.966162 5.966162 5.966162 5.966162 5.966162 5.966162 5.966162 5.966162 5.966162 5.966162 5.966162 5.966162 
5.966162 5.966162 5.966162 5.966162 5.966162 5.966162 5.966162 5.966162 5.966162 5.966162 5.966162 5.966162 5.966162 5.966162 5.966162 5.966162 5.966162 5.966162 5.966162 5.966162 5.966162 5.966162 5.966162 5.966162 5.966162 5.966162 5.966162 5.966162 5.966162 5.966162 5.966162 5.966162 5.966162 5.966162 5.966162 5.966162 5.966162 5.966162 5.966162 5.966162 5.966162 5.966162 5.966162 5.966162 5.966162 5.966162 5.966162 5.966162 5.966162 5.966162 5.966162 5.966162 5.966162 5.966162 5.966162 5.966162 5.966162 5.966162 5.966162 5.966162 5.966162 5.966162 5.966162 5.966162 
5.966162 5.966162 5.966162 5.966162 5.966162 5.966162 5.966162 5.966162 5.966162 5.966162 5.966162 5.966162 5.966162 5.966162 5.966162 5.966162 5.966162 5.966162 5.966162 5.966162 5.966162 5.966162 5.966162 5.966162 5.966162 5.966162 5.966162 5.966162 5.966162 5.966162 5.966162 5.966162 5.966162 5.966162 5.966162 5.966162 5.966162 5.966162 5.966162 5.966162 5.966162 5.966162 5.966162 5.966162 5.966162 5.966162 5.966162 5.966162 5.966162 5.966162 5.966162 5.966162 5.966162 5.966162 5.966162 5.966162 5.966162 5.966162 5.966162 5.966162 5.966162 5.966162 5.966162 5.966162 
5.966162 5.966162 5.966162 5.966162 5.966162 5.966162 5.966162 5.966162 5.966162 5.966162 5.966162 5.966162 5.966162 5.966162 5.966162 5.966162 5.966162 5.966162 5.966162 5.966162 5.966162 5.966162 5.966162 5.966162 5.966162 5.966162 5.966162 5.966162 5.966162 5.966162 5.966162 5.966162 5.966162 5.966162 5.966162 5.966162 5.966162 5.966162 5.966162 5.966162 5.966162 5.966162 5.966162 5.966162 5.966162 5.966162 5.966162 5.966162 5.966162 5.966162 5.966162 5.966162 5.966162 5.966162 5.966162 5.966162 5.966162 5.966162 5.966162 5.966162 5.966162 5.966162 5.966162 5.966162 
5.966162 5.966162 5.966162 5.966162 5.966162 5.966162 5.966162 5.966162 5.966162 5.966162 5.966162 5.966162 5.966162 5.966162 5.966162 5.966162 5.966162 5.966162 5.966162 5.966162 5.966162 5.966162 5.966162 5.966162 5.966162 5.966162 5.966162 5.966162 5.966162 5.966162 5.966162 5.966162 5.966162 5.966162 5.966162 5.966162 5.966162 5.966162 5.966162 5.966162 5.966162 5.966162 5.966162 5.966162 5.966162 5.966162 5.966162 5.966162 5.966162 5.966162 5.966162 5.966162 5.966162 5.966162 5.966162 5.966162 5.966162 5.966162 5.966162 5.966162 5.966162 5.966162 5.966162 5.966162 
5.966162 5.966162 5.966162 5.966162 5.966162 5.966162 5.966162 5.966162 5.966162 5.966162 5.966162 5.966162 5.966162 5.966162 5.966162 5.966162 5.966162 5.966162 5.966162 5.966162 5.966162 5.966162 5.966162 5.966162 5.966162 5.966162 5.966162 5.966162 5.966162 5.966162 5.966162 5.966162 5.966162 5.966162 5.966162 5.966162 5.966162 5.966162 5.966162 5.966162 5.966162 5.966162 5.966162 5.966162 5.966162 5.966162 5.966162 5.966162 5.966162 5.966162 5.966162 5.966162 5.966162 5.966162 5.966162 5.966162 5.966162 5.966162 5.966162 5.966162 5.966162 5.966162 5.966162 5.966162 
5.966162 5.966162 5.966162 5.966162 5.966162 5.966162 5.966162 5.966162 5.966162 5.966162 5.966162 5.966162 5.966162 5.966162 5.966162 5.966162 5.966162 5.966162 5.966162 5.966162 5.966162 5.966162 5.966162 5.966162 5.966162 5.966162 5.966162 5.966162 5.966162 5.966162 5.966162 5.966162 5.966162 5.966162 5.966162 5.966162 5.966162 5.966162 5.966162 5.966162 5.966162 5.966162 5.966162 5.966162 5.966162 5.966162 5.966162 5.966162 5.966162 5.966162 5.966162 5.966162 5.966162 5.966162 5.966162 5.966162 5.966162 5.966162 5.966162 5.966162 5.966162 5.966162 5.966162 5.966162 
5.966162 5.966162 5.966162 5.966162 5.966162 5.966162 5.966162 5.966162 5.966162 5.966162 5.966162 5.966162 5.966162 5.966162 5.966162 5.966162 5.966162 5.966162 5.966162 5.966162 5.966162 5.966162 5.966162 5.966162 5.966162 5.966162 5.966162 5.966162 5.966162 5.966162 5.966162 5.966162 5.966162 5.966162 5.966162 5.966162 5.966162 5.966162 5.966162 5.966162 5.966162 5.966162 5.966162 5.966162 5.966162 5.966162 5.966162 5.966162 5.966162 5.966162 5.966162 5.966162 5.966162 5.966162 5.966162 5.966162 5.966162 5.966162 5.966162 5.966162 5.966162 5.966162 5.966162 5.966162 
5.966162 5.966162 5.966162 5.966162 5.966162 5.966162 5.966162 5.966162 5.966162 5.966162 5.966162 5.966162 5.966162 5.966162 5.966162 5.966162 5.966162 5.966162 5.966162 5.966162 5.966162 5.966162 5.966162 5.966162 5.966162 5.966162 5.966162 5.966162 5.966162 5.966162 5.966162 5.966162 5.966162 5.966162 5.966162 5.966162 5.966162 5.966162 5.966162 5.966162 5.966162 5.966162 5.966162 5.966162 5.966162 5.966162 5.966162 5.966162 5.966162 5.966162 5.966162 5.966162 5.966162 5.966162 5.966162 5.966162 5.966162 5.966162 5.966162 5.966162 5.966162 5.966162 5.966162 5.966162 
5.966162 5.966162 5.966162 5.966162 5.966162 5.966162 5.966162 5.966162 5.966162 5.966162 5.966162 5.966162 5.966162 5.966162 5.966162 5.966162 5.966162 5.966162 5.966162 5.966162 5.966162 5.966162 5.966162 5.966162 5.966162 5.966162 5.966162 5.966162 5.966162 5.966162 5.966162 5.966162 5.966162 5.966162 5.966162 5.966162 5.966162 5.966162 5.966162 5.966162 5.966162 5.966162 5.966162 5.966162 5.966162 5.966162 5.966162 5.966162 5.966162 5.966162 5.966162 5.966162 5.966162 5.966162 5.966162 5.966162 5.966162 5.966162 5.966162 5.966162 5.966162 5.966162 5.966162 5.966162 
5.966162 5.966162 5.966162 5.966162 5.966162 5.966162 5.966162 5.966162 5.966162 5.966162 5.966162 5.966162 5.966162 5.966162 5.966162 5.966162 5.966162 5.966162 5.966162 5.966162 5.966162 5.966162 5.966162 5.966162 5.966162 5.966162 5.966162 5.966162 5.966162 5.966162 5.966162 5.966162 5.966162 5.966162 5.966162 5.966162 5.966162 5.966162 5.966162 5.966162 5.966162 5.966162 5.966162 5.966162 5.966162 5.966162 5.966162 5.966162 5.966162 5.966162 5.966162 5.966162 5.966162 5.966162 5.966162 5.966162 5.966162 5.966162 5.966162 5.966162 5.966162 5.966162 5.966162 5.966162 
5.966162 5.966162 5.966162 5.966162 5.966162 5.966162 5.966162 5.966162 5.966162 5.966162 5.966162 5.966162 5.966162 5.966162 5.966162 5.966162 5.966162 5.966162 5.966162 5.966162 5.966162 5.966162 5.966162 5.966162 5.966162 5.966162 5.966162 5.966162 5.966162 5.966162 5.966162 5.966162 5.966162 5.966162 5.966162 5.966162 5.966162 5.966162 5.966162 5.966162 5.966162 5.966162 5.966162 5.966162 5.966162 5.966162 5.966162 5.966162 5.966162 5.966162 5.966162 5.966162 5.966162 5.966162 5.966162 5.966162 5.966162 5.966162 5.966162 5.966162 5.966162 5.966162 5.966162 5.966162 
5.966162 5.966162 5.966162 5.966162 5.966162 5.966162 5.966162 5.966162 5.966162 5.966162 5.966162 5.966162 5.966162 5.966162 5.966162 5.966162 5.966162 5.966162 5.966162 5.966162 5.966162 5.966162 5.966162 5.966162 5.966162 5.966162 5.966162 5.966162 5.966162 5.966162 5.966162 5.966162 5.966162 5.966162 5.966162 5.966162 5.966162 5.966162 5.966162 5.966162 5.966162 5.966162 5.966162 5.966162 5.966162 5.966162 5.966162 5.966162 5.966162 5.966162 5.966162 5.966162 5.966162 5.966162 5.966162 5.966162 5.966162 5.966162 5.966162 5.966162 5.966162 5.966162 5.966162 5.966162 
5.966162 5.966162 5.966162 5.966162 5.966162 5.966162 5.966162 5.966162 5.966162 5.966162 5.966162 5.966162 5.966162 5.966162 5.966162 5.966162 5.966162 5.966162 5.966162 5.966162 5.966162 5.966162 5.966162 5.966162 5.966162 5.966162 5.966162 5.966162 5.966162 5.966162 5.966162 5.966162 5.966162 5.966162 5.966162 5.966162 5.966162 5.966162 5.966162 5.966162 5.966162 5.966162 5.966162 5.966162 5.966162 5.966162 5.966162 5.966162 5.966162 5.966162 5.966162 5.966162 5.966162 5.966162 5.966162 5.966162 5.966162 5.966162 5.966162 5.966162 5.966162 5.966162 5.966162 5.966162 
5.966162 5.966162 5.966162 5.966162 5.966162 5.966162 5.966162 5.966162 5.966162 5.966162 5.966162 5.966162 5.966162 5.966162 5.966162 5.966162 5.966162 5.966162 5.966162 5.966162 5.966162 5.966162 5.966162 5.966162 5.966162 5.966162 5.966162 5.966162 5.966162 5.966162 5.966162 5.966162 5.966162 5.966162 5.966162 5.966162 5.966162 5.966162 5.966162 5.966162 5.966162 5.966162 5.966162 5.966162 5.966162 5.966162 5.966162 5.966162 5.966162 5.966162 5.966162 5.966162 5.966162 5.966162 5.966162 5.966162 5.966162 5.966162 5.966162 5.966162 5.966162 5.966162 5.966162 5.966162 
5.966162 5.966162 5.966162 5.966162 5.966162 5.966162 5.966162 5.966162 5.966162 5.966162 5.966162 5.966162 5.966162 5.966162 5.966162 5.966162 5.966162 5.966162 5.966162 5.966162 5.966162 5.966162 5.966162 5.966162 5.966162 5.966162 5.966162 5.966162 5.966162 5.966162 5.966162 5.966162 5.966162 5.966162 5.966162 5.966162 5.966162 5.966162 5.966162 5.966162 5.966162 5.966162 5.966162 5.966162 5.966162 5.966162 5.966162 5.966162 5.966162 5.966162 5.966162 5.966162 5.966162 5.966162 5.966162 5.966162 5.966162 5.966162 5.966162 5.966162 5.966162 5.966162 5.966162 5.966162 
5.966162 5.966162 5.966162 5.966162 5.966162 5.966162 5.966162 5.966162 5.966162 5.966162 5.966162 5.966162 5.966162 5.966162 5.966162 5.966162 5.966162 5.966162 5.966162 5.966162 5.966162 5.966162 5.966162 5.966162 5.966162 5.966162 5.966162 5.966162 5.966162 5.966162 5.966162 5.966162 5.966162 5.966162 5.966162 5.966162 5.966162 5.966162 5.966162 5.966162 5.966162 5.966162 5.966162 5.966162 5.966162 5.966162 5.966162 5.966162 5.966162 5.966162 5.966162 5.966162 5.966162 5.966162 5.966162 5.966162 5.966162 5.966162 5.966162 5.966162 5.966162 5.966162 5.966162 5.966162 
5.966162 5.966162 5.966162 5.966162 5.966162 5.966162 5.966162 5.966162 5.966162 5.966162 5.966162 5.966162 5.966162 5.966162 5.966162 5.966162 5.966162 5.966162 5.966162 5.966162 5.966162 5.966162 5.966162 5.966162 5.966162 5.966162 5.966162 5.966162 5.966162 5.966162 5.966162 5.966162 5.966162 5.966162 5.966162 5.966162 5.966162 5.966162 5.966162 5.966162 5.966162 5.966162 5.966162 5.966162 5.966162 5.966162 5.966162 5.966162 5.966162 5.966162 5.966162 5.966162 5.966162 5.966162 5.966162 5.966162 5.966162 5.966162 5.966162 5.966162 5.966162 5.966162 5.966162 5.966162 
5.966162 5.966162 5.966162 5.966162 5.966162 5.966162 5.966162 5.966162 5.966162 5.966162 5.966162 5.966162 5.966162 5.966162 5.966162 5.966162 5.966162 5.966162 5.966162 5.966162 5.966162 5.966162 5.966162 5.966162 5.966162 5.966162 5.966162 5.966162 5.966162 5.966162 5.966162 5.966162 5.966162 5.966162 5.966162 5.966162 5.966162 5.966162 5.966162 5.966162 5.966162 5.966162 5.966162 5.966162 5.966162 5.966162 5.966162 5.966162 5.966162 5.966162 5.966162 5.966162 5.966162 5.966162 5.966162 5.966162 5.966162 5.966162 5.966162 5.966162 5.966162 5.966162 5.966162 5.966162 
5.966162 5.966162 5.966162 5.966162 5.966162 5.966162 5.966162 5.966162 5.966162 5.966162 5.966162 5.966162 5.966162 5.966162 5.966162 5.966162 5.966162 5.966162 5.966162 5.966162 5.966162 5.966162 5.966162 5.966162 5.966162 5.966162 5.966162 5.966162 5.966162 5.966162 5.966162 5.966162 5.966162 5.966162 5.966162 5.966162 5.966162 5.966162 5.966162 5.966162 5.966162 5.966162 5.966162 5.966162 5.966162 5.966162 5.966162 5.966162 5.966162 5.966162 5.966162 5.966162 5.966162 5.966162 5.966162 5.966162 5.966162 5.966162 5.966162 5.966162 5.966162 5.966162 5.966162 5.966162 
5.966162 5.966162 5.966162 5.966162 5.966162 5.966162 5.966162 5.966162 5.966162 5.966162 5.966162 5.966162 5.966162 5.966162 5.966162 5.966162 5.966162 5.966162 5.966162 5.966162 5.966162 5.966162 5.966162 5.966162 5.966162 5.966162 5.966162 5.966162 5.966162 5.966162 5.966162 5.966162 5.966162 5.966162 5.966162 5.966162 5.966162 5.966162 5.966162 5.966162 5.966162 5.966162 5.966162 5.966162 5.966162 5.966162 5.966162 5.966162 5.966162 5.966162 5.966162 5.966162 5.966162 5.966162 5.966162 5.966162 5.966162 5.966162 5.966162 5.966162 5.966162 5.966162 5.966162 5.966162 
5.966162 5.966162 5.966162 5.966162 5.966162 5.966162 5.966162 5.966162 5.966162 5.966162 5.966162 5.966162 5.966162 5.966162 5.966162 5.966162 5.966162 5.966162 5.966162 5.966162 5.966162 5.966162 5.966162 5.966162 5.966162 5.966162 5.966162 5.966162 5.966162 5.966162 5.966162 5.966162 5.966162 5.966162 5.966162 5.966162 5.966162 5.966162 5.966162 5.966162 5.966162 5.966162 5.966162 5.966162 5.966162 5.966162 5.966162 5.966162 5.966162 5.966162 5.966162 5.966162 5.966162 5.966162 5.966162 5.966162 5.966162 5.966162 5.966162 5.966162 5.966162 5.966162 5.966162 5.966162 
5.966162 5.966162 5.966162 5.966162 5.966162 5.966162 5.966162 5.966162 5.966162 5.966162 5.966162 5.966162 5.966162 5.966162 5.966162 5.966162 5.966162 5.966162 5.966162 5.966162 5.966162 5.966162 5.966162 5.966162 5.966162 5.966162 5.966162 5.966162 5.966162 5.966162 5.966162 5.966162 5.966162 5.966162 5.966162 5.966162 5.966162 5.966162 5.966162 5.966162 5.966162 5.966162 5.966162 5.966162 5.966162 5.966162 5.966162 5.966162 5.966162 5.966162 5.966162 5.966162 5.966162 5.966162 5.966162 5.966162 5.966162 5.966162 5.966162 5.966162 5.966162 5.966162 5.966162 5.966162 
5.966162 5.966162 5.966162 5.966162 5.966162 5.966162 5.966162 5.966162 5.966162 5.966162 5.966162 5.966162 5.966162 5.966162 5.966162 5.966162 5.966162 5.966162 5.966162 5.966162 5.966162 5.966162 5.966162 5.966162 5.966162 5.966162 5.966162 5.966162 5.966162 5.966162 5.966162 5.966162 5.966162 5.966162 5.966162 5.966162 5.966162 5.966162 5.966162 5.966162 5.966162 5.966162 5.966162 5.966162 5.966162 5.966162 5.966162 5.966162 5.966162 5.966162 5.966162 5.966162 5.966162 5.966162 5.966162 5.966162 5.966162 5.966162 5.966162 5.966162 5.966162 5.966162 5.966162 5.966162 
5.966162 5.966162 5.966162 5.966162 5.966162 5.966162 5.966162 5.966162 5.966162 5.966162 5.966162 5.966162 5.966162 5.966162 5.966162 5.966162 5.966162 5.966162 5.966162 5.966162 5.966162 5.966162 5.966162 5.966162 5.966162 5.966162 5.966162 5.966162 5.966162 5.966162 5.966162 5.966162 5.966162 5.966162 5.966162 5.966162 5.966162 5.966162 5.966162 5.966162 5.966162 5.966162 5.966162 5.966162 5.966162 5.966162 5.966162 5.966162 5.966162 5.966162 5.966162 5.966162 5.966162 5.966162 5.966162 5.966162 5.966162 5.966162 5.966162 5.966162 5.966162 5.966162 5.966162 5.966162 
5.966162 5.966162 5.966162 5.966162 5.966162 5.966162 5.966162 5.966162 5.966162 5.966162 5.966162 5.966162 5.966162 5.966162 5.966162 5.966162 5.966162 5.966162 5.966162 5.966162 5.966162 5.966162 5.966162 5.966162 5.966162 5.966162 5.966162 5.966162 5.966162 5.966162 5.966162 5.966162 5.966162 5.966162 5.966162 5.966162 5.966162 5.966162 5.966162 5.966162 5.966162 5.966162 5.966162 5.966162 5.966162 5.966162 5.966162 5.966162 5.966162 5.966162 5.966162 5.966162 5.966162 5.966162 5.966162 5.966162 5.966162 5.966162 5.966162 5.966162 5.966162 5.966162 5.966162 5.966162 
5.966162 5.966162 5.966162 5.966162 5.966162 5.966162 5.966162 5.966162 5.966162 5.966162 5.966162 5.966162 5.966162 5.966162 5.966162 5.966162 5.966162 5.966162 5.966162 5.966162 5.966162 5.966162 5.966162 5.966162 5.966162 5.966162 5.966162 5.966162 5.966162 5.966162 5.966162 5.966162 5.966162 5.966162 5.966162 5.966162 5.966162 5.966162 5.966162 5.966162 5.966162 5.966162 5.966162 5.966162 5.966162 5.966162 5.966162 5.966162 5.966162 5.966162 5.966162 5.966162 5.966162 5.966162 5.966162 5.966162 5.966162 5.966162 5.966162 5.966162 5.966162 5.966162 5.966162 5.966162 
5.966162 5.966162 5.966162 5.966162 5.966162 5.966162 5.966162 5.966162 5.966162 5.966162 5.966162 5.966162 5.966162 5.966162 5.966162 5.966162 5.966162 5.966162 5.966162 5.966162 5.966162 5.966162 5.966162 5.966162 5.966162 5.966162 5.966162 5.966162 5.966162 5.966162 5.966162 5.966162 5.966162 5.966162 5.966162 5.966162 5.966162 5.966162 5.966162 5.966162 5.966162 5.966162 5.966162 5.966162 5.966162 5.966162 5.966162 5.966162 5.966162 5.966162 5.966162 5.966162 5.966162 5.966162 5.966162 5.966162 5.966162 5.966162 5.966162 5.966162 5.966162 5.966162 5.966162 5.966162 
5.966162 5.966162 5.966162 5.966162 5.966162 5.966162 5.966162 5.966162 5.966162 5.966162 5.966162 5.966162 5.966162 5.966162 5.966162 5.966162 5.966162 5.966162 5.966162 5.966162 5.966162 5.966162 5.966162 5.966162 5.966162 5.966162 5.966162 5.966162 5.966162 5.966162 5.966162 5.966162 5.966162 5.966162 5.966162 5.966162 5.966162 5.966162 5.966162 5.966162 5.966162 5.966162 5.966162 5.966162 5.966162 5.966162 5.966162 5.966162 5.966162 5.966162 5.966162 5.966162 5.966162 5.966162 5.966162 5.966162 5.966162 5.966162 5.966162 5.966162 5.966162 5.966162 5.966162 5.966162 
