9.596606 9.596606 9.596606 9.596606 9.596606 9.596606 9.596606 9.596606 9.596606 9.596606 9.596606 9.596606 9.596606 9.596606 9.596606 9.596606 9.596606 9.596606 9.596606 9.596606 9.596606 9.596606 9.596606 9.596606 9.596606 9.596606 9.596606 9.596606 9.596606 9.596606 9.596606 9.596606 9.596606 9.596606 9.596606 9.596606 9.596606 9.596606 9.596606 9.596606 9.596606 9.596606 9.596606 9.596606 9.596606 9.596606 9.596606 9.596606 9.596606 9.596606 9.596606 9.596606 9.596606 9.596606 9.596606 9.596606 9.596606 9.596606 9.596606 9.596606 9.596606 9.596606 9.596606 9.596606 
9.596606 9.596606 9.596606 9.596606 9.596606 9.596606 9.596606 9.596606 9.596606 9.596606 9.596606 9.596606 9.596606 9.596606 9.596606 9.596606 9.596606 9.596606 9.596606 9.596606 9.596606 9.596606 9.596606 9.596606 9.596606 9.596606 9.596606 9.596606 9.596606 9.596606 9.596606 9.596606 9.596606 9.596606 9.596606 9.596606 9.596606 9.596606 9.596606 9.596606 9.596606 9.596606 9.596606 9.596606 9.596606 9.596606 9.596606 9.596606 9.596606 9.596606 9.596606 9.596606 9.596606 9.596606 9.596606 9.596606 9.596606 9.596606 9.596606 9.596606 9.596606 9.596606 9.596606 9.596606 
9.596606 9.596606 9.596606 9.596606 9.596606 9.596606 9.596606 9.596606 9.596606 9.596606 9.596606 9.596606 9.596606 9.596606 9.596606 9.596606 9.596606 9.596606 9.596606 9.596606 9.596606 9.596606 9.596606 9.596606 9.596606 9.596606 9.596606 9.596606 9.596606 9.596606 9.596606 9.596606 9.596606 9.596606 9.596606 9.596606 9.596606 9.596606 9.596606 9.596606 9.596606 9.596606 9.596606 9.596606 9.596606 9.596606 9.596606 9.596606 9.596606 9.596606 9.596606 9.596606 9.596606 9.596606 9.596606 9.596606 9.596606 9.596606 9.596606 9.596606 9.596606 9.596606 9.596606 9.596606 
9.596606 9.596606 9.596606 9.596606 9.596606 9.596606 9.596606 9.596606 9.596606 9.596606 9.596606 9.596606 9.596606 9.596606 9.596606 9.596606 9.596606 9.596606 9.596606 9.596606 9.596606 9.596606 9.596606 9.596606 9.596606 9.596606 9.596606 9.596606 9.596606 9.596606 9.596606 9.596606 9.596606 9.596606 9.596606 9.596606 9.596606 9.596606 9.596606 9.596606 9.596606 9.596606 9.596606 9.596606 9.596606 9.596606 9.596606 9.596606 9.596606 9.596606 9.596606 9.596606 9.596606 9.596606 9.596606 9.596606 9.596606 9.596606 9.596606 9.596606 9.596606 9.596606 9.596606 9.596606 
9.596606 9.596606 9.596606 9.596606 9.596606 9.596606 9.596606 9.596606 9.596606 9.596606 9.596606 9.596606 9.596606 9.596606 9.596606 9.596606 9.596606 9.596606 9.596606 9.596606 9.596606 9.596606 9.596606 9.596606 9.596606 9.596606 9.596606 9.596606 9.596606 9.596606 9.596606 9.596606 9.596606 9.596606 9.596606 9.596606 9.596606 9.596606 9.596606 9.596606 9.596606 9.596606 9.596606 9.596606 9.596606 9.596606 9.596606 9.596606 9.596606 9.596606 9.596606 9.596606 9.596606 9.596606 9.596606 9.596606 9.596606 9.596606 9.596606 9.596606 9.596606 9.596606 9.596606 9.596606 
9.596606 9.596606 9.596606 9.596606 9.596606 9.596606 9.596606 9.596606 9.596606 9.596606 9.596606 9.596606 9.596606 9.596606 9.596606 9.596606 9.596606 9.596606 9.596606 9.596606 9.596606 9.596606 9.596606 9.596606 9.596606 9.596606 9.596606 9.596606 9.596606 9.596606 9.596606 9.596606 9.596606 9.596606 9.596606 9.596606 9.596606 9.596606 9.596606 9.596606 9.596606 9.596606 9.596606 9.596606 9.596606 9.596606 9.596606 9.596606 9.596606 9.596606 9.596606 9.596606 9.596606 9.596606 9.596606 9.596606 9.596606 9.596606 9.596606 9.596606 9.596606 9.596606 9.596606 9.596606 
9.596606 9.596606 9.596606 9.596606 9.596606 9.596606 9.596606 9.596606 9.596606 9.596606 9.596606 9.596606 9.596606 9.596606 9.596606 9.596606 9.596606 9.596606 9.596606 9.596606 9.596606 9.596606 9.596606 9.596606 9.596606 9.596606 9.596606 9.596606 9.596606 9.596606 9.596606 9.596606 9.596606 9.596606 9.596606 9.596606 9.596606 9.596606 9.596606 9.596606 9.596606 9.596606 9.596606 9.596606 9.596606 9.596606 9.596606 9.596606 9.596606 9.596606 9.596606 9.596606 9.596606 9.596606 9.596606 9.596606 9.596606 9.596606 9.596606 9.596606 9.596606 9.596606 9.596606 9.596606 
9.596606 9.596606 9.596606 9.596606 9.596606 9.596606 9.596606 9.596606 9.596606 9.596606 9.596606 9.596606 9.596606 9.596606 9.596606 9.596606 9.596606 9.596606 9.596606 9.596606 9.596606 9.596606 9.596606 9.596606 9.596606 9.596606 9.596606 9.596606 9.596606 9.596606 9.596606 9.596606 9.596606 9.596606 9.596606 9.596606 9.596606 9.596606 9.596606 9.596606 9.596606 9.596606 9.596606 9.596606 9.596606 9.596606 9.596606 9.596606 9.596606 9.596606 9.596606 9.596606 9.596606 9.596606 9.596606 9.596606 9.596606 9.596606 9.596606 9.596606 9.596606 9.596606 9.596606 9.596606 
9.596606 9.596606 9.596606 9.596606 9.596606 9.596606 9.596606 9.596606 9.596606 9.596606 9.596606 9.596606 9.596606 9.596606 9.596606 9.596606 9.596606 9.596606 9.596606 9.596606 9.596606 9.596606 9.596606 9.596606 9.596606 9.596606 9.596606 9.596606 9.596606 9.596606 9.596606 9.596606 9.596606 9.596606 9.596606 9.596606 9.596606 9.596606 9.596606 9.596606 9.596606 9.596606 9.596606 9.596606 9.596606 9.596606 9.596606 9.596606 9.596606 9.596606 9.596606 9.596606 9.596606 9.596606 9.596606 9.596606 9.596606 9.596606 9.596606 9.596606 9.596606 9.596606 9.596606 9.596606 
9.596606 9.596606 9.596606 9.596606 9.596606 9.596606 9.596606 9.596606 9.596606 9.596606 9.596606 9.596606 9.596606 9.596606 9.596606 9.596606 9.596606 9.596606 9.596606 9.596606 9.596606 9.596606 9.596606 9.596606 9.596606 9.596606 9.596606 9.596606 9.596606 9.596606 9.596606 9.596606 9.596606 9.596606 9.596606 9.596606 9.596606 9.596606 9.596606 9.596606 9.596606 9.596606 9.596606 9.596606 9.596606 9.596606 9.596606 9.596606 9.596606 9.596606 9.596606 9.596606 9.596606 9.596606 9.596606 9.596606 9.596606 9.596606 9.596606 9.596606 9.596606 9.596606 9.596606 9.596606 
9.596606 9.596606 9.596606 9.596606 9.596606 9.596606 9.596606 9.596606 9.596606 9.596606 9.596606 9.596606 9.596606 9.596606 9.596606 9.596606 9.596606 9.596606 9.596606 9.596606 9.596606 9.596606 9.596606 9.596606 9.596606 9.596606 9.596606 9.596606 9.596606 9.596606 9.596606 9.596606 9.596606 9.596606 9.596606 9.596606 9.596606 9.596606 9.596606 9.596606 9.596606 9.596606 9.596606 9.596606 9.596606 9.596606 9.596606 9.596606 9.596606 9.596606 9.596606 9.596606 9.596606 9.596606 9.596606 9.596606 9.596606 9.596606 9.596606 9.596606 9.596606 9.596606 9.596606 9.596606 
9.596606 9.596606 9.596606 9.596606 9.596606 9.596606 9.596606 9.596606 9.596606 9.596606 9.596606 9.596606 9.596606 9.596606 9.596606 9.596606 9.596606 9.596606 9.596606 9.596606 9.596606 9.596606 9.596606 9.596606 9.596606 9.596606 9.596606 9.596606 9.596606 9.596606 9.596606 9.596606 9.596606 9.596606 9.596606 9.596606 9.596606 9.596606 9.596606 9.596606 9.596606 9.596606 9.596606 9.596606 9.596606 9.596606 9.596606 9.596606 9.596606 9.596606 9.596606 9.596606 9.596606 9.596606 9.596606 9.596606 9.596606 9.596606 9.596606 9.596606 9.596606 9.596606 9.596606 9.596606 
9.596606 9.596606 9.596606 9.596606 9.596606 9.596606 9.596606 9.596606 9.596606 9.596606 9.596606 9.596606 9.596606 9.596606 9.596606 9.596606 9.596606 9.596606 9.596606 9.596606 9.596606 9.596606 9.596606 9.596606 9.596606 9.596606 9.596606 9.596606 9.596606 9.596606 9.596606 9.596606 9.596606 9.596606 9.596606 9.596606 9.596606 9.596606 9.596606 9.596606 9.596606 9.596606 9.596606 9.596606 9.596606 9.596606 9.596606 9.596606 9.596606 9.596606 9.596606 9.596606 9.596606 9.596606 9.596606 9.596606 9.596606 9.596606 9.596606 9.596606 9.596606 9.596606 9.596606 9.596606 
9.596606 9.596606 9.596606 9.596606 9.596606 9.596606 9.596606 9.596606 9.596606 9.596606 9.596606 9.596606 9.596606 9.596606 9.596606 9.596606 9.596606 9.596606 9.596606 9.596606 9.596606 9.596606 9.596606 9.596606 9.596606 9.596606 9.596606 9.596606 9.596606 9.596606 9.596606 9.596606 9.596606 9.596606 9.596606 9.596606 9.596606 9.596606 9.596606 9.596606 9.596606 9.596606 9.596606 9.596606 9.596606 9.596606 9.596606 9.596606 9.596606 9.596606 9.596606 9.596606 9.596606 9.596606 9.596606 9.596606 9.596606 9.596606 9.596606 9.596606 9.596606 9.596606 9.596606 9.596606 
9.596606 9.596606 9.596606 9.596606 9.596606 9.596606 9.596606 9.596606 9.596606 9.596606 9.596606 9.596606 9.596606 9.596606 9.596606 9.596606 9.596606 9.596606 9.596606 9.596606 9.596606 9.596606 9.596606 9.596606 9.596606 9.596606 9.596606 9.596606 9.596606 9.596606 9.596606 9.596606 9.596606 9.596606 9.596606 9.596606 9.596606 9.596606 9.596606 9.596606 9.596606 9.596606 9.596606 9.596606 9.596606 9.596606 9.596606 9.596606 9.596606 9.596606 9.596606 9.596606 9.596606 9.596606 9.596606 9.596606 9.596606 9.596606 9.596606 9.596606 9.596606 9.596606 9.596606 9.596606 
9.596606 9.596606 9.596606 9.596606 9.596606 9.596606 9.596606 9.596606 9.596606 9.596606 9.596606 9.596606 9.596606 9.596606 9.596606 9.596606 9.596606 9.596606 9.596606 9.596606 9.596606 9.596606 9.596606 9.596606 9.596606 9.596606 9.596606 9.596606 9.596606 9.596606 9.596606 9.596606 9.596606 9.596606 9.596606 9.596606 9.596606 9.596606 9.596606 9.596606 9.596606 9.596606 9.596606 9.596606 9.596606 9.596606 9.596606 9.596606 9.596606 9.596606 9.596606 9.596606 9.596606 9.596606 9.596606 9.596606 9.596606 9.596606 9.596606 9.596606 9.596606 9.596606 9.596606 9.596606 
9.596606 9.596606 9.596606 9.596606 9.596606 9.596606 9.596606 9.596606 9.596606 9.596606 9.596606 9.596606 9.596606 9.596606 9.596606 9.596606 9.596606 9.596606 9.596606 9.596606 9.596606 9.596606 9.596606 9.596606 9.596606 9.596606 9.596606 9.596606 9.596606 9.596606 9.596606 9.596606 9.596606 9.596606 9.596606 9.596606 9.596606 9.596606 9.596606 9.596606 9.596606 9.596606 9.596606 9.596606 9.596606 9.596606 9.596606 9.596606 9.596606 9.596606 9.596606 9.596606 9.596606 9.596606 9.596606 9.596606 9.596606 9.596606 9.596606 9.596606 9.596606 9.596606 9.596606 9.596606 
9.596606 9.596606 9.596606 9.596606 9.596606 9.596606 9.596606 9.596606 9.596606 9.596606 9.596606 9.596606 9.596606 9.596606 9.596606 9.596606 9.596606 9.596606 9.596606 9.596606 9.596606 9.596606 9.596606 9.596606 9.596606 9.596606 9.596606 9.596606 9.596606 9.596606 9.596606 9.596606 9.596606 9.596606 9.596606 9.596606 9.596606 9.596606 9.596606 9.596606 9.596606 9.596606 9.596606 9.596606 9.596606 9.596606 9.596606 9.596606 9.596606 9.596606 9.596606 9.596606 9.596606 9.596606 9.596606 9.596606 9.596606 9.596606 9.596606 9.596606 9.596606 9.596606 9.596606 9.596606 
9.596606 9.596606 9.596606 9.596606 9.596606 9.596606 9.596606 9.596606 9.596606 9.596606 9.596606 9.596606 9.596606 9.596606 9.596606 9.596606 9.596606 9.596606 9.596606 9.596606 9.596606 9.596606 9.596606 9.596606 9.596606 9.596606 9.596606 9.596606 9.596606 9.596606 9.596606 9.596606 9.596606 9.596606 9.596606 9.596606 9.596606 9.596606 9.596606 9.596606 9.596606 9.596606 9.596606 9.596606 9.596606 9.596606 9.596606 9.596606 9.596606 9.596606 9.596606 9.596606 9.596606 9.596606 9.596606 9.596606 9.596606 9.596606 9.596606 9.596606 9.596606 9.596606 9.596606 9.596606 
9.596606 9.596606 9.596606 9.596606 9.596606 9.596606 9.596606 9.596606 9.596606 9.596606 9.596606 9.596606 9.596606 9.596606 9.596606 9.596606 9.596606 9.596606 9.596606 9.596606 9.596606 9.596606 9.596606 9.596606 9.596606 9.596606 9.596606 9.596606 9.596606 9.596606 9.596606 9.596606 9.596606 9.596606 9.596606 9.596606 9.596606 9.596606 9.596606 9.596606 9.596606 9.596606 9.596606 9.596606 9.596606 9.596606 9.596606 9.596606 9.596606 9.596606 9.596606 9.596606 9.596606 9.596606 9.596606 9.596606 9.596606 9.596606 9.596606 9.596606 9.596606 9.596606 9.596606 9.596606 
9.596606 9.596606 9.596606 9.596606 9.596606 9.596606 9.596606 9.596606 9.596606 9.596606 9.596606 9.596606 9.596606 9.596606 9.596606 9.596606 9.596606 9.596606 9.596606 9.596606 9.596606 9.596606 9.596606 9.596606 9.596606 9.596606 9.596606 9.596606 9.596606 9.596606 9.596606 9.596606 9.596606 9.596606 9.596606 9.596606 9.596606 9.596606 9.596606 9.596606 9.596606 9.596606 9.596606 9.596606 9.596606 9.596606 9.596606 9.596606 9.596606 9.596606 9.596606 9.596606 9.596606 9.596606 9.596606 9.596606 9.596606 9.596606 9.596606 9.596606 9.596606 9.596606 9.596606 9.596606 
9.596606 9.596606 9.596606 9.596606 9.596606 9.596606 9.596606 9.596606 9.596606 9.596606 9.596606 9.596606 9.596606 9.596606 9.596606 9.596606 9.596606 9.596606 9.596606 9.596606 9.596606 9.596606 9.596606 9.596606 9.596606 9.596606 9.596606 9.596606 9.596606 9.596606 9.596606 9.596606 9.596606 9.596606 9.596606 9.596606 9.596606 9.596606 9.596606 9.596606 9.596606 9.596606 9.596606 9.596606 9.596606 9.596606 9.596606 9.596606 9.596606 9.596606 9.596606 9.596606 9.596606 9.596606 9.596606 9.596606 9.596606 9.596606 9.596606 9.596606 9.596606 9.596606 9.596606 9.596606 
9.596606 9.596606 9.596606 9.596606 9.596606 9.596606 9.596606 9.596606 9.596606 9.596606 9.596606 9.596606 9.596606 9.596606 9.596606 9.596606 9.596606 9.596606 9.596606 9.596606 9.596606 9.596606 9.596606 9.596606 9.596606 9.596606 9.596606 9.596606 9.596606 9.596606 9.596606 9.596606 9.596606 9.596606 9.596606 9.596606 9.596606 9.596606 9.596606 9.596606 9.596606 9.596606 9.596606 9.596606 9.596606 9.596606 9.596606 9.596606 9.596606 9.596606 9.596606 9.596606 9.596606 9.596606 9.596606 9.596606 9.596606 9.596606 9.596606 9.596606 9.596606 9.596606 9.596606 9.596606 
9.596606 9.596606 9.596606 9.596606 9.596606 9.596606 9.596606 9.596606 9.596606 9.596606 9.596606 9.596606 9.596606 9.596606 9.596606 9.596606 9.596606 9.596606 9.596606 9.596606 9.596606 9.596606 9.596606 9.596606 9.596606 9.596606 9.596606 9.596606 9.596606 9.596606 9.596606 9.596606 9.596606 9.596606 9.596606 9.596606 9.596606 9.596606 9.596606 9.596606 9.596606 9.596606 9.596606 9.596606 9.596606 9.596606 9.596606 9.596606 9.596606 9.596606 9.596606 9.596606 9.596606 9.596606 9.596606 9.596606 9.596606 9.596606 9.596606 9.596606 9.596606 9.596606 9.596606 9.596606 
9.596606 9.596606 9.596606 9.596606 9.596606 9.596606 9.596606 9.596606 9.596606 9.596606 9.596606 9.596606 9.596606 9.596606 9.596606 9.596606 9.596606 9.596606 9.596606 9.596606 9.596606 9.596606 9.596606 9.596606 9.596606 9.596606 9.596606 9.596606 9.596606 9.596606 9.596606 9.596606 9.596606 9.596606 9.596606 9.596606 9.596606 9.596606 9.596606 9.596606 9.596606 9.596606 9.596606 9.596606 9.596606 9.596606 9.596606 9.596606 9.596606 9.596606 9.596606 9.596606 9.596606 9.596606 9.596606 9.596606 9.596606 9.596606 9.596606 9.596606 9.596606 9.596606 9.596606 9.596606 
9.596606 9.596606 9.596606 9.596606 9.596606 9.596606 9.596606 9.596606 9.596606 9.596606 9.596606 9.596606 9.596606 9.596606 9.596606 9.596606 9.596606 9.596606 9.596606 9.596606 9.596606 9.596606 9.596606 9.596606 9.596606 9.596606 9.596606 9.596606 9.596606 9.596606 9.596606 9.596606 9.596606 9.596606 9.596606 9.596606 9.596606 9.596606 9.596606 9.596606 9.596606 9.596606 9.596606 9.596606 9.596606 9.596606 9.596606 9.596606 9.596606 9.596606 9.596606 9.596606 9.596606 9.596606 9.596606 9.596606 9.596606 9.596606 9.596606 9.596606 9.596606 9.596606 9.596606 9.596606 
9.596606 9.596606 9.596606 9.596606 9.596606 9.596606 9.596606 9.596606 9.596606 9.596606 9.596606 9.596606 9.596606 9.596606 9.596606 9.596606 9.596606 9.596606 9.596606 9.596606 9.596606 9.596606 9.596606 9.596606 9.596606 9.596606 9.596606 9.596606 9.596606 9.596606 9.596606 9.596606 9.596606 9.596606 9.596606 9.596606 9.596606 9.596606 9.596606 9.596606 9.596606 9.596606 9.596606 9.596606 9.596606 9.596606 9.596606 9.596606 9.596606 9.596606 9.596606 9.596606 9.596606 9.596606 9.596606 9.596606 9.596606 9.596606 9.596606 9.596606 9.596606 9.596606 9.596606 9.596606 
9.596606 9.596606 9.596606 9.596606 9.596606 9.596606 9.596606 9.596606 9.596606 9.596606 9.596606 9.596606 9.596606 9.596606 9.596606 9.596606 9.596606 9.596606 9.596606 9.596606 9.596606 9.596606 9.596606 9.596606 9.596606 9.596606 9.596606 9.596606 9.596606 9.596606 9.596606 9.596606 9.596606 9.596606 9.596606 9.596606 9.596606 9.596606 9.596606 9.596606 9.596606 9.596606 9.596606 9.596606 9.596606 9.596606 9.596606 9.596606 9.596606 9.596606 9.596606 9.596606 9.596606 9.596606 9.596606 9.596606 9.596606 9.596606 9.596606 9.596606 9.596606 9.596606 9.596606 9.596606 
9.596606 9.596606 9.596606 9.596606 9.596606 9.596606 9.596606 9.596606 9.596606 9.596606 9.596606 9.596606 9.596606 9.596606 9.596606 9.596606 9.596606 9.596606 9.596606 9.596606 9.596606 9.596606 9.596606 9.596606 9.596606 9.596606 9.596606 9.596606 9.596606 9.596606 9.596606 9.596606 9.596606 9.596606 9.596606 9.596606 9.596606 9.596606 9.596606 9.596606 9.596606 9.596606 9.596606 9.596606 9.596606 9.596606 9.596606 9.596606 9.596606 9.596606 9.596606 9.596606 9.596606 9.596606 9.596606 9.596606 9.596606 9.596606 9.596606 9.596606 9.596606 9.596606 9.596606 9.596606 
9.596606 9.596606 9.596606 9.596606 9.596606 9.596606 9.596606 9.596606 9.596606 9.596606 9.596606 9.596606 9.596606 9.596606 9.596606 9.596606 9.596606 9.596606 9.596606 9.596606 9.596606 9.596606 9.596606 9.596606 9.596606 9.596606 9.596606 9.596606 9.596606 9.596606 9.596606 9.596606 9.596606 9.596606 9.596606 9.596606 9.596606 9.596606 9.596606 9.596606 9.596606 9.596606 9.596606 9.596606 9.596606 9.596606 9.596606 9.596606 9.596606 9.596606 9.596606 9.596606 9.596606 9.596606 9.596606 9.596606 9.596606 9.596606 9.596606 9.596606 9.596606 9.596606 9.596606 9.596606 
9.596606 9.596606 9.596606 9.596606 9.596606 9.596606 9.596606 9.596606 9.596606 9.596606 9.596606 9.596606 9.596606 9.596606 9.596606 9.596606 9.596606 9.596606 9.596606 9.596606 9.596606 9.596606 9.596606 9.596606 9.596606 9.596606 9.596606 9.596606 9.596606 9.596606 9.596606 9.596606 9.596606 9.596606 9.596606 9.596606 9.596606 9.596606 9.596606 9.596606 9.596606 9.596606 9.596606 9.596606 9.596606 9.596606 9.596606 9.596606 9.596606 9.596606 9.596606 9.596606 9.596606 9.596606 9.596606 9.596606 9.596606 9.596606 9.596606 9.596606 9.596606 9.596606 9.596606 9.596606 
9.596606 9.596606 9.596606 9.596606 9.596606 9.596606 9.596606 9.596606 9.596606 9.596606 9.596606 9.596606 9.596606 9.596606 9.596606 9.596606 9.596606 9.596606 9.596606 9.596606 9.596606 9.596606 9.596606 9.596606 9.596606 9.596606 9.596606 9.596606 9.596606 9.596606 9.596606 9.596606 9.596606 9.596606 9.596606 9.596606 9.596606 9.596606 9.596606 9.596606 9.596606 9.596606 9.596606 9.596606 9.596606 9.596606 9.596606 9.596606 9.596606 9.596606 9.596606 9.596606 9.596606 9.596606 9.596606 9.596606 9.596606 9.596606 9.596606 9.596606 9.596606 9.596606 9.596606 9.596606 
9.596606 9.596606 9.596606 9.596606 9.596606 9.596606 9.596606 9.596606 9.596606 9.596606 9.596606 9.596606 9.596606 9.596606 9.596606 9.596606 9.596606 9.596606 9.596606 9.596606 9.596606 9.596606 9.596606 9.596606 9.596606 9.596606 9.596606 9.596606 9.596606 9.596606 9.596606 9.596606 9.596606 9.596606 9.596606 9.596606 9.596606 9.596606 9.596606 9.596606 9.596606 9.596606 9.596606 9.596606 9.596606 9.596606 9.596606 9.596606 9.596606 9.596606 9.596606 9.596606 9.596606 9.596606 9.596606 9.596606 9.596606 9.596606 9.596606 9.596606 9.596606 9.596606 9.596606 9.596606 
9.596606 9.596606 9.596606 9.596606 9.596606 9.596606 9.596606 9.596606 9.596606 9.596606 9.596606 9.596606 9.596606 9.596606 9.596606 9.596606 9.596606 9.596606 9.596606 9.596606 9.596606 9.596606 9.596606 9.596606 9.596606 9.596606 9.596606 9.596606 9.596606 9.596606 9.596606 9.596606 9.596606 9.596606 9.596606 9.596606 9.596606 9.596606 9.596606 9.596606 9.596606 9.596606 9.596606 9.596606 9.596606 9.596606 9.596606 9.596606 9.596606 9.596606 9.596606 9.596606 9.596606 9.596606 9.596606 9.596606 9.596606 9.596606 9.596606 9.596606 9.596606 9.596606 9.596606 9.596606 
9.596606 9.596606 9.596606 9.596606 9.596606 9.596606 9.596606 9.596606 9.596606 9.596606 9.596606 9.596606 9.596606 9.596606 9.596606 9.596606 9.596606 9.596606 9.596606 9.596606 9.596606 9.596606 9.596606 9.596606 9.596606 9.596606 9.596606 9.596606 9.596606 9.596606 9.596606 9.596606 9.596606 9.596606 9.596606 9.596606 9.596606 9.596606 9.596606 9.596606 9.596606 9.596606 9.596606 9.596606 9.596606 9.596606 9.596606 9.596606 9.596606 9.596606 9.596606 9.596606 9.596606 9.596606 9.596606 9.596606 9.596606 9.596606 9.596606 9.596606 9.596606 9.596606 9.596606 9.596606 
9.596606 9.596606 9.596606 9.596606 9.596606 9.596606 9.596606 9.596606 9.596606 9.596606 9.596606 9.596606 9.596606 9.596606 9.596606 9.596606 9.596606 9.596606 9.596606 9.596606 9.596606 9.596606 9.596606 9.596606 9.596606 9.596606 9.596606 9.596606 9.596606 9.596606 9.596606 9.596606 9.596606 9.596606 9.596606 9.596606 9.596606 9.596606 9.596606 9.596606 9.596606 9.596606 9.596606 9.596606 9.596606 9.596606 9.596606 9.596606 9.596606 9.596606 9.596606 9.596606 9.596606 9.596606 9.596606 9.596606 9.596606 9.596606 9.596606 9.596606 9.596606 9.596606 9.596606 9.596606 
9.596606 9.596606 9.596606 9.596606 9.596606 9.596606 9.596606 9.596606 9.596606 9.596606 9.596606 9.596606 9.596606 9.596606 9.596606 9.596606 9.596606 9.596606 9.596606 9.596606 9.596606 9.596606 9.596606 9.596606 9.596606 9.596606 9.596606 9.596606 9.596606 9.596606 9.596606 9.596606 9.596606 9.596606 9.596606 9.596606 9.596606 9.596606 9.596606 9.596606 9.596606 9.596606 9.596606 9.596606 9.596606 9.596606 9.596606 9.596606 9.596606 9.596606 9.596606 9.596606 9.596606 9.596606 9.596606 9.596606 9.596606 9.596606 9.596606 9.596606 9.596606 9.596606 9.596606 9.596606 
9.596606 9.596606 9.596606 9.596606 9.596606 9.596606 9.596606 9.596606 9.596606 9.596606 9.596606 9.596606 9.596606 9.596606 9.596606 9.596606 9.596606 9.596606 9.596606 9.596606 9.596606 9.596606 9.596606 9.596606 9.596606 9.596606 9.596606 9.596606 9.596606 9.596606 9.596606 9.596606 9.596606 9.596606 9.596606 9.596606 9.596606 9.596606 9.596606 9.596606 9.596606 9.596606 9.596606 9.596606 9.596606 9.596606 9.596606 9.596606 9.596606 9.596606 9.596606 9.596606 9.596606 9.596606 9.596606 9.596606 9.596606 9.596606 9.596606 9.596606 9.596606 9.596606 9.596606 9.596606 
9.596606 9.596606 9.596606 9.596606 9.596606 9.596606 9.596606 9.596606 9.596606 9.596606 9.596606 9.596606 9.596606 9.596606 9.596606 9.596606 9.596606 9.596606 9.596606 9.596606 9.596606 9.596606 9.596606 9.596606 9.596606 9.596606 9.596606 9.596606 9.596606 9.596606 9.596606 9.596606 9.596606 9.596606 9.596606 9.596606 9.596606 9.596606 9.596606 9.596606 9.596606 9.596606 9.596606 9.596606 9.596606 9.596606 9.596606 9.596606 9.596606 9.596606 9.596606 9.596606 9.596606 9.596606 9.596606 9.596606 9.596606 9.596606 9.596606 9.596606 9.596606 9.596606 9.596606 9.596606 
9.596606 9.596606 9.596606 9.596606 9.596606 9.596606 9.596606 9.596606 9.596606 9.596606 9.596606 9.596606 9.596606 9.596606 9.596606 9.596606 9.596606 9.596606 9.596606 9.596606 9.596606 9.596606 9.596606 9.596606 9.596606 9.596606 9.596606 9.596606 9.596606 9.596606 9.596606 9.596606 9.596606 9.596606 9.596606 9.596606 9.596606 9.596606 9.596606 9.596606 9.596606 9.596606 9.596606 9.596606 9.596606 9.596606 9.596606 9.596606 9.596606 9.596606 9.596606 9.596606 9.596606 9.596606 9.596606 9.596606 9.596606 9.596606 9.596606 9.596606 9.596606 9.596606 9.596606 9.596606 
9.596606 9.596606 9.596606 9.596606 9.596606 9.596606 9.596606 9.596606 9.596606 9.596606 9.596606 9.596606 9.596606 9.596606 9.596606 9.596606 9.596606 9.596606 9.596606 9.596606 9.596606 9.596606 9.596606 9.596606 9.596606 9.596606 9.596606 9.596606 9.596606 9.596606 9.596606 9.596606 9.596606 9.596606 9.596606 9.596606 9.596606 9.596606 9.596606 9.596606 9.596606 9.596606 9.596606 9.596606 9.596606 9.596606 9.596606 9.596606 9.596606 9.596606 9.596606 9.596606 9.596606 9.596606 9.596606 9.596606 9.596606 9.596606 9.596606 9.596606 9.596606 9.596606 9.596606 9.596606 
9.596606 9.596606 9.596606 9.596606 9.596606 9.596606 9.596606 9.596606 9.596606 9.596606 9.596606 9.596606 9.596606 9.596606 9.596606 9.596606 9.596606 9.596606 9.596606 9.596606 9.596606 9.596606 9.596606 9.596606 9.596606 9.596606 9.596606 9.596606 9.596606 9.596606 9.596606 9.596606 9.596606 9.596606 9.596606 9.596606 9.596606 9.596606 9.596606 9.596606 9.596606 9.596606 9.596606 9.596606 9.596606 9.596606 9.596606 9.596606 9.596606 9.596606 9.596606 9.596606 9.596606 9.596606 9.596606 9.596606 9.596606 9.596606 9.596606 9.596606 9.596606 9.596606 9.596606 9.596606 
9.596606 9.596606 9.596606 9.596606 9.596606 9.596606 9.596606 9.596606 9.596606 9.596606 9.596606 9.596606 9.596606 9.596606 9.596606 9.596606 9.596606 9.596606 9.596606 9.596606 9.596606 9.596606 9.596606 9.596606 9.596606 9.596606 9.596606 9.596606 9.596606 9.596606 9.596606 9.596606 9.596606 9.596606 9.596606 9.596606 9.596606 9.596606 9.596606 9.596606 9.596606 9.596606 9.596606 9.596606 9.596606 9.596606 9.596606 9.596606 9.596606 9.596606 9.596606 9.596606 9.596606 9.596606 9.596606 9.596606 9.596606 9.596606 9.596606 9.596606 9.596606 9.596606 9.596606 9.596606 
9.596606 9.596606 9.596606 9.596606 9.596606 9.596606 9.596606 9.596606 9.596606 9.596606 9.596606 9.596606 9.596606 9.596606 9.596606 9.596606 9.596606 9.596606 9.596606 9.596606 9.596606 9.596606 9.596606 9.596606 9.596606 9.596606 9.596606 9.596606 9.596606 9.596606 9.596606 9.596606 9.596606 9.596606 9.596606 9.596606 9.596606 9.596606 9.596606 9.596606 9.596606 9.596606 9.596606 9.596606 9.596606 9.596606 9.596606 9.596606 9.596606 9.596606 9.596606 9.596606 9.596606 9.596606 9.596606 9.596606 9.596606 9.596606 9.596606 9.596606 9.596606 9.596606 9.596606 9.596606 
9.596606 9.596606 9.596606 9.596606 9.596606 9.596606 9.596606 9.596606 9.596606 9.596606 9.596606 9.596606 9.596606 9.596606 9.596606 9.596606 9.596606 9.596606 9.596606 9.596606 9.596606 9.596606 9.596606 9.596606 9.596606 9.596606 9.596606 9.596606 9.596606 9.596606 9.596606 9.596606 9.596606 9.596606 9.596606 9.596606 9.596606 9.596606 9.596606 9.596606 9.596606 9.596606 9.596606 9.596606 9.596606 9.596606 9.596606 9.596606 9.596606 9.596606 9.596606 9.596606 9.596606 9.596606 9.596606 9.596606 9.596606 9.596606 9.596606 9.596606 9.596606 9.596606 9.596606 9.596606 
9.596606 9.596606 9.596606 9.596606 9.596606 9.596606 9.596606 9.596606 9.596606 9.596606 9.596606 9.596606 9.596606 9.596606 9.596606 9.596606 9.596606 9.596606 9.596606 9.596606 9.596606 9.596606 9.596606 9.596606 9.596606 9.596606 9.596606 9.596606 9.596606 9.596606 9.596606 9.596606 9.596606 9.596606 9.596606 9.596606 9.596606 9.596606 9.596606 9.596606 9.596606 9.596606 9.596606 9.596606 9.596606 9.596606 9.596606 9.596606 9.596606 9.596606 9.596606 9.596606 9.596606 9.596606 9.596606 9.596606 9.596606 9.596606 9.596606 9.596606 9.596606 9.596606 9.596606 9.596606 
9.596606 9.596606 9.596606 9.596606 9.596606 9.596606 9.596606 9.596606 9.596606 9.596606 9.596606 9.596606 9.596606 9.596606 9.596606 9.596606 9.596606 9.596606 9.596606 9.596606 9.596606 9.596606 9.596606 9.596606 9.596606 9.596606 9.596606 9.596606 9.596606 9.596606 9.596606 9.596606 9.596606 9.596606 9.596606 9.596606 9.596606 9.596606 9.596606 9.596606 9.596606 9.596606 9.596606 9.596606 9.596606 9.596606 9.596606 9.596606 9.596606 9.596606 9.596606 9.596606 9.596606 9.596606 9.596606 9.596606 9.596606 9.596606 9.596606 9.596606 9.596606 9.596606 9.596606 9.596606 
9.596606 9.596606 9.596606 9.596606 9.596606 9.596606 9.596606 9.596606 9.596606 9.596606 9.596606 9.596606 9.596606 9.596606 9.596606 9.596606 9.596606 9.596606 9.596606 9.596606 9.596606 9.596606 9.596606 9.596606 9.596606 9.596606 9.596606 9.596606 9.596606 9.596606 9.596606 9.596606 9.596606 9.596606 9.596606 9.596606 9.596606 9.596606 9.596606 9.596606 9.596606 9.596606 9.596606 9.596606 9.596606 9.596606 9.596606 9.596606 9.596606 9.596606 9.596606 9.596606 9.596606 9.596606 9.596606 9.596606 9.596606 9.596606 9.596606 9.596606 9.596606 9.596606 9.596606 9.596606 
9.596606 9.596606 9.596606 9.596606 9.596606 9.596606 9.596606 9.596606 9.596606 9.596606 9.596606 9.596606 9.596606 9.596606 9.596606 9.596606 9.596606 9.596606 9.596606 9.596606 9.596606 9.596606 9.596606 9.596606 9.596606 9.596606 9.596606 9.596606 9.596606 9.596606 9.596606 9.596606 9.596606 9.596606 9.596606 9.596606 9.596606 9.596606 9.596606 9.596606 9.596606 9.596606 9.596606 9.596606 9.596606 9.596606 9.596606 9.596606 9.596606 9.596606 9.596606 9.596606 9.596606 9.596606 9.596606 9.596606 9.596606 9.596606 9.596606 9.596606 9.596606 9.596606 9.596606 9.596606 
9.596606 9.596606 9.596606 9.596606 9.596606 9.596606 9.596606 9.596606 9.596606 9.596606 9.596606 9.596606 9.596606 9.596606 9.596606 9.596606 9.596606 9.596606 9.596606 9.596606 9.596606 9.596606 9.596606 9.596606 9.596606 9.596606 9.596606 9.596606 9.596606 9.596606 9.596606 9.596606 9.596606 9.596606 9.596606 9.596606 9.596606 9.596606 9.596606 9.596606 9.596606 9.596606 9.596606 9.596606 9.596606 9.596606 9.596606 9.596606 9.596606 9.596606 9.596606 9.596606 9.596606 9.596606 9.596606 9.596606 9.596606 9.596606 9.596606 9.596606 9.596606 9.596606 9.596606 9.596606 
9.596606 9.596606 9.596606 9.596606 9.596606 9.596606 9.596606 9.596606 9.596606 9.596606 9.596606 9.596606 9.596606 9.596606 9.596606 9.596606 9.596606 9.596606 9.596606 9.596606 9.596606 9.596606 9.596606 9.596606 9.596606 9.596606 9.596606 9.596606 9.596606 9.596606 9.596606 9.596606 9.596606 9.596606 9.596606 9.596606 9.596606 9.596606 9.596606 9.596606 9.596606 9.596606 9.596606 9.596606 9.596606 9.596606 9.596606 9.596606 9.596606 9.596606 9.596606 9.596606 9.596606 9.596606 9.596606 9.596606 9.596606 9.596606 9.596606 9.596606 9.596606 9.596606 9.596606 9.596606 
9.596606 9.596606 9.596606 9.596606 9.596606 9.596606 9.596606 9.596606 9.596606 9.596606 9.596606 9.596606 9.596606 9.596606 9.596606 9.596606 9.596606 9.596606 9.596606 9.596606 9.596606 9.596606 9.596606 9.596606 9.596606 9.596606 9.596606 9.596606 9.596606 9.596606 9.596606 9.596606 9.596606 9.596606 9.596606 9.596606 9.596606 9.596606 9.596606 9.596606 9.596606 9.596606 9.596606 9.596606 9.596606 9.596606 9.596606 9.596606 9.596606 9.596606 9.596606 9.596606 9.596606 9.596606 9.596606 9.596606 9.596606 9.596606 9.596606 9.596606 9.596606 9.596606 9.596606 9.596606 
9.596606 9.596606 9.596606 9.596606 9.596606 9.596606 9.596606 9.596606 9.596606 9.596606 9.596606 9.596606 9.596606 9.596606 9.596606 9.596606 9.596606 9.596606 9.596606 9.596606 9.596606 9.596606 9.596606 9.596606 9.596606 9.596606 9.596606 9.596606 9.596606 9.596606 9.596606 9.596606 9.596606 9.596606 9.596606 9.596606 9.596606 9.596606 9.596606 9.596606 9.596606 9.596606 9.596606 9.596606 9.596606 9.596606 9.596606 9.596606 9.596606 9.596606 9.596606 9.596606 9.596606 9.596606 9.596606 9.596606 9.596606 9.596606 9.596606 9.596606 9.596606 9.596606 9.596606 9.596606 
9.596606 9.596606 9.596606 9.596606 9.596606 9.596606 9.596606 9.596606 9.596606 9.596606 9.596606 9.596606 9.596606 9.596606 9.596606 9.596606 9.596606 9.596606 9.596606 9.596606 9.596606 9.596606 9.596606 9.596606 9.596606 9.596606 9.596606 9.596606 9.596606 9.596606 9.596606 9.596606 9.596606 9.596606 9.596606 9.596606 9.596606 9.596606 9.596606 9.596606 9.596606 9.596606 9.596606 9.596606 9.596606 9.596606 9.596606 9.596606 9.596606 9.596606 9.596606 9.596606 9.596606 9.596606 9.596606 9.596606 9.596606 9.596606 9.596606 9.596606 9.596606 9.596606 9.596606 9.596606 
9.596606 9.596606 9.596606 9.596606 9.596606 9.596606 9.596606 9.596606 9.596606 9.596606 9.596606 9.596606 9.596606 9.596606 9.596606 9.596606 9.596606 9.596606 9.596606 9.596606 9.596606 9.596606 9.596606 9.596606 9.596606 9.596606 9.596606 9.596606 9.596606 9.596606 9.596606 9.596606 9.596606 9.596606 9.596606 9.596606 9.596606 9.596606 9.596606 9.596606 9.596606 9.596606 9.596606 9.596606 9.596606 9.596606 9.596606 9.596606 9.596606 9.596606 9.596606 9.596606 9.596606 9.596606 9.596606 9.596606 9.596606 9.596606 9.596606 9.596606 9.596606 9.596606 9.596606 9.596606 
9.596606 9.596606 9.596606 9.596606 9.596606 9.596606 9.596606 9.596606 9.596606 9.596606 9.596606 9.596606 9.596606 9.596606 9.596606 9.596606 9.596606 9.596606 9.596606 9.596606 9.596606 9.596606 9.596606 9.596606 9.596606 9.596606 9.596606 9.596606 9.596606 9.596606 9.596606 9.596606 9.596606 9.596606 9.596606 9.596606 9.596606 9.596606 9.596606 9.596606 9.596606 9.596606 9.596606 9.596606 9.596606 9.596606 9.596606 9.596606 9.596606 9.596606 9.596606 9.596606 9.596606 9.596606 9.596606 9.596606 9.596606 9.596606 9.596606 9.596606 9.596606 9.596606 9.596606 9.596606 
9.596606 9.596606 9.596606 9.596606 9.596606 9.596606 9.596606 9.596606 9.596606 9.596606 9.596606 9.596606 9.596606 9.596606 9.596606 9.596606 9.596606 9.596606 9.596606 9.596606 9.596606 9.596606 9.596606 9.596606 9.596606 9.596606 9.596606 9.596606 9.596606 9.596606 9.596606 9.596606 9.596606 9.596606 9.596606 9.596606 9.596606 9.596606 9.596606 9.596606 9.596606 9.596606 9.596606 9.596606 9.596606 9.596606 9.596606 9.596606 9.596606 9.596606 9.596606 9.596606 9.596606 9.596606 9.596606 9.596606 9.596606 9.596606 9.596606 9.596606 9.596606 9.596606 9.596606 9.596606 
9.596606 9.596606 9.596606 9.596606 9.596606 9.596606 9.596606 9.596606 9.596606 9.596606 9.596606 9.596606 9.596606 9.596606 9.596606 9.596606 9.596606 9.596606 9.596606 9.596606 9.596606 9.596606 9.596606 9.596606 9.596606 9.596606 9.596606 9.596606 9.596606 9.596606 9.596606 9.596606 9.596606 9.596606 9.596606 9.596606 9.596606 9.596606 9.596606 9.596606 9.596606 9.596606 9.596606 9.596606 9.596606 9.596606 9.596606 9.596606 9.596606 9.596606 9.596606 9.596606 9.596606 9.596606 9.596606 9.596606 9.596606 9.596606 9.596606 9.596606 9.596606 9.596606 9.596606 9.596606 
9.596606 9.596606 9.596606 9.596606 9.596606 9.596606 9.596606 9.596606 9.596606 9.596606 9.596606 9.596606 9.596606 9.596606 9.596606 9.596606 9.596606 9.596606 9.596606 9.596606 9.596606 9.596606 9.596606 9.596606 9.596606 9.596606 9.596606 9.596606 9.596606 9.596606 9.596606 9.596606 9.596606 9.596606 9.596606 9.596606 9.596606 9.596606 9.596606 9.596606 9.596606 9.596606 9.596606 9.596606 9.596606 9.596606 9.596606 9.596606 9.596606 9.596606 9.596606 9.596606 9.596606 9.596606 9.596606 9.596606 9.596606 9.596606 9.596606 9.596606 9.596606 9.596606 9.596606 9.596606 
9.596606 9.596606 9.596606 9.596606 9.596606 9.596606 9.596606 9.596606 9.596606 9.596606 9.596606 9.596606 9.596606 9.596606 9.596606 9.596606 9.596606 9.596606 9.596606 9.596606 9.596606 9.596606 9.596606 9.596606 9.596606 9.596606 9.596606 9.596606 9.596606 9.596606 9.596606 9.596606 9.596606 9.596606 9.596606 9.596606 9.596606 9.596606 9.596606 9.596606 9.596606 9.596606 9.596606 9.596606 9.596606 9.596606 9.596606 9.596606 9.596606 9.596606 9.596606 9.596606 9.596606 9.596606 9.596606 9.596606 9.596606 9.596606 9.596606 9.596606 9.596606 9.596606 9.596606 9.596606 
9.596606 9.596606 9.596606 9.596606 9.596606 9.596606 9.596606 9.596606 9.596606 9.596606 9.596606 9.596606 9.596606 9.596606 9.596606 9.596606 9.596606 9.596606 9.596606 9.596606 9.596606 9.596606 9.596606 9.596606 9.596606 9.596606 9.596606 9.596606 9.596606 9.596606 9.596606 9.596606 9.596606 9.596606 9.596606 9.596606 9.596606 9.596606 9.596606 9.596606 9.596606 9.596606 9.596606 9.596606 9.596606 9.596606 9.596606 9.596606 9.596606 9.596606 9.596606 9.596606 9.596606 9.596606 9.596606 9.596606 9.596606 9.596606 9.596606 9.596606 9.596606 9.596606 9.596606 9.596606 
9.596606 9.596606 9.596606 9.596606 9.596606 9.596606 9.596606 9.596606 9.596606 9.596606 9.596606 9.596606 9.596606 9.596606 9.596606 9.596606 9.596606 9.596606 9.596606 9.596606 9.596606 9.596606 9.596606 9.596606 9.596606 9.596606 9.596606 9.596606 9.596606 9.596606 9.596606 9.596606 9.596606 9.596606 9.596606 9.596606 9.596606 9.596606 9.596606 9.596606 9.596606 9.596606 9.596606 9.596606 9.596606 9.596606 9.596606 9.596606 9.596606 9.596606 9.596606 9.596606 9.596606 9.596606 9.596606 9.596606 9.596606 9.596606 9.596606 9.596606 9.596606 9.596606 9.596606 9.596606 
9.596606 9.596606 9.596606 9.596606 9.596606 9.596606 9.596606 9.596606 9.596606 9.596606 9.596606 9.596606 9.596606 9.596606 9.596606 9.596606 9.596606 9.596606 9.596606 9.596606 9.596606 9.596606 9.596606 9.596606 9.596606 9.596606 9.596606 9.596606 9.596606 9.596606 9.596606 9.596606 9.596606 9.596606 9.596606 9.596606 9.596606 9.596606 9.596606 9.596606 9.596606 9.596606 9.596606 9.596606 9.596606 9.596606 9.596606 9.596606 9.596606 9.596606 9.596606 9.596606 9.596606 9.596606 9.596606 9.596606 9.596606 9.596606 9.596606 9.596606 9.596606 9.596606 9.596606 9.596606 
9.596606 9.596606 9.596606 9.596606 9.596606 9.596606 9.596606 9.596606 9.596606 9.596606 9.596606 9.596606 9.596606 9.596606 9.596606 9.596606 9.596606 9.596606 9.596606 9.596606 9.596606 9.596606 9.596606 9.596606 9.596606 9.596606 9.596606 9.596606 9.596606 9.596606 9.596606 9.596606 9.596606 9.596606 9.596606 9.596606 9.596606 9.596606 9.596606 9.596606 9.596606 9.596606 9.596606 9.596606 9.596606 9.596606 9.596606 9.596606 9.596606 9.596606 9.596606 9.596606 9.596606 9.596606 9.596606 9.596606 9.596606 9.596606 9.596606 9.596606 9.596606 9.596606 9.596606 9.596606 
