5.361116 5.361116 5.361116 5.361116 5.361116 5.361116 5.361116 5.361116 5.361116 5.361116 5.361116 5.361116 5.361116 5.361116 5.361116 5.361116 5.361116 5.361116 5.361116 5.361116 5.361116 5.361116 5.361116 5.361116 5.361116 5.361116 5.361116 5.361116 5.361116 5.361116 5.361116 5.361116 5.361116 5.361116 5.361116 5.361116 5.361116 5.361116 5.361116 5.361116 5.361116 5.361116 5.361116 5.361116 5.361116 5.361116 5.361116 5.361116 5.361116 5.361116 5.361116 5.361116 5.361116 5.361116 5.361116 5.361116 5.361116 5.361116 5.361116 5.361116 5.361116 5.361116 5.361116 5.361116 
5.361116 5.361116 5.361116 5.361116 5.361116 5.361116 5.361116 5.361116 5.361116 5.361116 5.361116 5.361116 5.361116 5.361116 5.361116 5.361116 5.361116 5.361116 5.361116 5.361116 5.361116 5.361116 5.361116 5.361116 5.361116 5.361116 5.361116 5.361116 5.361116 5.361116 5.361116 5.361116 5.361116 5.361116 5.361116 5.361116 5.361116 5.361116 5.361116 5.361116 5.361116 5.361116 5.361116 5.361116 5.361116 5.361116 5.361116 5.361116 5.361116 5.361116 5.361116 5.361116 5.361116 5.361116 5.361116 5.361116 5.361116 5.361116 5.361116 5.361116 5.361116 5.361116 5.361116 5.361116 
5.361116 5.361116 5.361116 5.361116 5.361116 5.361116 5.361116 5.361116 5.361116 5.361116 5.361116 5.361116 5.361116 5.361116 5.361116 5.361116 5.361116 5.361116 5.361116 5.361116 5.361116 5.361116 5.361116 5.361116 5.361116 5.361116 5.361116 5.361116 5.361116 5.361116 5.361116 5.361116 5.361116 5.361116 5.361116 5.361116 5.361116 5.361116 5.361116 5.361116 5.361116 5.361116 5.361116 5.361116 5.361116 5.361116 5.361116 5.361116 5.361116 5.361116 5.361116 5.361116 5.361116 5.361116 5.361116 5.361116 5.361116 5.361116 5.361116 5.361116 5.361116 5.361116 5.361116 5.361116 
5.361116 5.361116 5.361116 5.361116 5.361116 5.361116 5.361116 5.361116 5.361116 5.361116 5.361116 5.361116 5.361116 5.361116 5.361116 5.361116 5.361116 5.361116 5.361116 5.361116 5.361116 5.361116 5.361116 5.361116 5.361116 5.361116 5.361116 5.361116 5.361116 5.361116 5.361116 5.361116 5.361116 5.361116 5.361116 5.361116 5.361116 5.361116 5.361116 5.361116 5.361116 5.361116 5.361116 5.361116 5.361116 5.361116 5.361116 5.361116 5.361116 5.361116 5.361116 5.361116 5.361116 5.361116 5.361116 5.361116 5.361116 5.361116 5.361116 5.361116 5.361116 5.361116 5.361116 5.361116 
5.361116 5.361116 5.361116 5.361116 5.361116 5.361116 5.361116 5.361116 5.361116 5.361116 5.361116 5.361116 5.361116 5.361116 5.361116 5.361116 5.361116 5.361116 5.361116 5.361116 5.361116 5.361116 5.361116 5.361116 5.361116 5.361116 5.361116 5.361116 5.361116 5.361116 5.361116 5.361116 5.361116 5.361116 5.361116 5.361116 5.361116 5.361116 5.361116 5.361116 5.361116 5.361116 5.361116 5.361116 5.361116 5.361116 5.361116 5.361116 5.361116 5.361116 5.361116 5.361116 5.361116 5.361116 5.361116 5.361116 5.361116 5.361116 5.361116 5.361116 5.361116 5.361116 5.361116 5.361116 
5.361116 5.361116 5.361116 5.361116 5.361116 5.361116 5.361116 5.361116 5.361116 5.361116 5.361116 5.361116 5.361116 5.361116 5.361116 5.361116 5.361116 5.361116 5.361116 5.361116 5.361116 5.361116 5.361116 5.361116 5.361116 5.361116 5.361116 5.361116 5.361116 5.361116 5.361116 5.361116 5.361116 5.361116 5.361116 5.361116 5.361116 5.361116 5.361116 5.361116 5.361116 5.361116 5.361116 5.361116 5.361116 5.361116 5.361116 5.361116 5.361116 5.361116 5.361116 5.361116 5.361116 5.361116 5.361116 5.361116 5.361116 5.361116 5.361116 5.361116 5.361116 5.361116 5.361116 5.361116 
5.361116 5.361116 5.361116 5.361116 5.361116 5.361116 5.361116 5.361116 5.361116 5.361116 5.361116 5.361116 5.361116 5.361116 5.361116 5.361116 5.361116 5.361116 5.361116 5.361116 5.361116 5.361116 5.361116 5.361116 5.361116 5.361116 5.361116 5.361116 5.361116 5.361116 5.361116 5.361116 5.361116 5.361116 5.361116 5.361116 5.361116 5.361116 5.361116 5.361116 5.361116 5.361116 5.361116 5.361116 5.361116 5.361116 5.361116 5.361116 5.361116 5.361116 5.361116 5.361116 5.361116 5.361116 5.361116 5.361116 5.361116 5.361116 5.361116 5.361116 5.361116 5.361116 5.361116 5.361116 
5.361116 5.361116 5.361116 5.361116 5.361116 5.361116 5.361116 5.361116 5.361116 5.361116 5.361116 5.361116 5.361116 5.361116 5.361116 5.361116 5.361116 5.361116 5.361116 5.361116 5.361116 5.361116 5.361116 5.361116 5.361116 5.361116 5.361116 5.361116 5.361116 5.361116 5.361116 5.361116 5.361116 5.361116 5.361116 5.361116 5.361116 5.361116 5.361116 5.361116 5.361116 5.361116 5.361116 5.361116 5.361116 5.361116 5.361116 5.361116 5.361116 5.361116 5.361116 5.361116 5.361116 5.361116 5.361116 5.361116 5.361116 5.361116 5.361116 5.361116 5.361116 5.361116 5.361116 5.361116 
5.361116 5.361116 5.361116 5.361116 5.361116 5.361116 5.361116 5.361116 5.361116 5.361116 5.361116 5.361116 5.361116 5.361116 5.361116 5.361116 5.361116 5.361116 5.361116 5.361116 5.361116 5.361116 5.361116 5.361116 5.361116 5.361116 5.361116 5.361116 5.361116 5.361116 5.361116 5.361116 5.361116 5.361116 5.361116 5.361116 5.361116 5.361116 5.361116 5.361116 5.361116 5.361116 5.361116 5.361116 5.361116 5.361116 5.361116 5.361116 5.361116 5.361116 5.361116 5.361116 5.361116 5.361116 5.361116 5.361116 5.361116 5.361116 5.361116 5.361116 5.361116 5.361116 5.361116 5.361116 
5.361116 5.361116 5.361116 5.361116 5.361116 5.361116 5.361116 5.361116 5.361116 5.361116 5.361116 5.361116 5.361116 5.361116 5.361116 5.361116 5.361116 5.361116 5.361116 5.361116 5.361116 5.361116 5.361116 5.361116 5.361116 5.361116 5.361116 5.361116 5.361116 5.361116 5.361116 5.361116 5.361116 5.361116 5.361116 5.361116 5.361116 5.361116 5.361116 5.361116 5.361116 5.361116 5.361116 5.361116 5.361116 5.361116 5.361116 5.361116 5.361116 5.361116 5.361116 5.361116 5.361116 5.361116 5.361116 5.361116 5.361116 5.361116 5.361116 5.361116 5.361116 5.361116 5.361116 5.361116 
5.361116 5.361116 5.361116 5.361116 5.361116 5.361116 5.361116 5.361116 5.361116 5.361116 5.361116 5.361116 5.361116 5.361116 5.361116 5.361116 5.361116 5.361116 5.361116 5.361116 5.361116 5.361116 5.361116 5.361116 5.361116 5.361116 5.361116 5.361116 5.361116 5.361116 5.361116 5.361116 5.361116 5.361116 5.361116 5.361116 5.361116 5.361116 5.361116 5.361116 5.361116 5.361116 5.361116 5.361116 5.361116 5.361116 5.361116 5.361116 5.361116 5.361116 5.361116 5.361116 5.361116 5.361116 5.361116 5.361116 5.361116 5.361116 5.361116 5.361116 5.361116 5.361116 5.361116 5.361116 
5.361116 5.361116 5.361116 5.361116 5.361116 5.361116 5.361116 5.361116 5.361116 5.361116 5.361116 5.361116 5.361116 5.361116 5.361116 5.361116 5.361116 5.361116 5.361116 5.361116 5.361116 5.361116 5.361116 5.361116 5.361116 5.361116 5.361116 5.361116 5.361116 5.361116 5.361116 5.361116 5.361116 5.361116 5.361116 5.361116 5.361116 5.361116 5.361116 5.361116 5.361116 5.361116 5.361116 5.361116 5.361116 5.361116 5.361116 5.361116 5.361116 5.361116 5.361116 5.361116 5.361116 5.361116 5.361116 5.361116 5.361116 5.361116 5.361116 5.361116 5.361116 5.361116 5.361116 5.361116 
5.361116 5.361116 5.361116 5.361116 5.361116 5.361116 5.361116 5.361116 5.361116 5.361116 5.361116 5.361116 5.361116 5.361116 5.361116 5.361116 5.361116 5.361116 5.361116 5.361116 5.361116 5.361116 5.361116 5.361116 5.361116 5.361116 5.361116 5.361116 5.361116 5.361116 5.361116 5.361116 5.361116 5.361116 5.361116 5.361116 5.361116 5.361116 5.361116 5.361116 5.361116 5.361116 5.361116 5.361116 5.361116 5.361116 5.361116 5.361116 5.361116 5.361116 5.361116 5.361116 5.361116 5.361116 5.361116 5.361116 5.361116 5.361116 5.361116 5.361116 5.361116 5.361116 5.361116 5.361116 
5.361116 5.361116 5.361116 5.361116 5.361116 5.361116 5.361116 5.361116 5.361116 5.361116 5.361116 5.361116 5.361116 5.361116 5.361116 5.361116 5.361116 5.361116 5.361116 5.361116 5.361116 5.361116 5.361116 5.361116 5.361116 5.361116 5.361116 5.361116 5.361116 5.361116 5.361116 5.361116 5.361116 5.361116 5.361116 5.361116 5.361116 5.361116 5.361116 5.361116 5.361116 5.361116 5.361116 5.361116 5.361116 5.361116 5.361116 5.361116 5.361116 5.361116 5.361116 5.361116 5.361116 5.361116 5.361116 5.361116 5.361116 5.361116 5.361116 5.361116 5.361116 5.361116 5.361116 5.361116 
5.361116 5.361116 5.361116 5.361116 5.361116 5.361116 5.361116 5.361116 5.361116 5.361116 5.361116 5.361116 5.361116 5.361116 5.361116 5.361116 5.361116 5.361116 5.361116 5.361116 5.361116 5.361116 5.361116 5.361116 5.361116 5.361116 5.361116 5.361116 5.361116 5.361116 5.361116 5.361116 5.361116 5.361116 5.361116 5.361116 5.361116 5.361116 5.361116 5.361116 5.361116 5.361116 5.361116 5.361116 5.361116 5.361116 5.361116 5.361116 5.361116 5.361116 5.361116 5.361116 5.361116 5.361116 5.361116 5.361116 5.361116 5.361116 5.361116 5.361116 5.361116 5.361116 5.361116 5.361116 
5.361116 5.361116 5.361116 5.361116 5.361116 5.361116 5.361116 5.361116 5.361116 5.361116 5.361116 5.361116 5.361116 5.361116 5.361116 5.361116 5.361116 5.361116 5.361116 5.361116 5.361116 5.361116 5.361116 5.361116 5.361116 5.361116 5.361116 5.361116 5.361116 5.361116 5.361116 5.361116 5.361116 5.361116 5.361116 5.361116 5.361116 5.361116 5.361116 5.361116 5.361116 5.361116 5.361116 5.361116 5.361116 5.361116 5.361116 5.361116 5.361116 5.361116 5.361116 5.361116 5.361116 5.361116 5.361116 5.361116 5.361116 5.361116 5.361116 5.361116 5.361116 5.361116 5.361116 5.361116 
5.361116 5.361116 5.361116 5.361116 5.361116 5.361116 5.361116 5.361116 5.361116 5.361116 5.361116 5.361116 5.361116 5.361116 5.361116 5.361116 5.361116 5.361116 5.361116 5.361116 5.361116 5.361116 5.361116 5.361116 5.361116 5.361116 5.361116 5.361116 5.361116 5.361116 5.361116 5.361116 5.361116 5.361116 5.361116 5.361116 5.361116 5.361116 5.361116 5.361116 5.361116 5.361116 5.361116 5.361116 5.361116 5.361116 5.361116 5.361116 5.361116 5.361116 5.361116 5.361116 5.361116 5.361116 5.361116 5.361116 5.361116 5.361116 5.361116 5.361116 5.361116 5.361116 5.361116 5.361116 
5.361116 5.361116 5.361116 5.361116 5.361116 5.361116 5.361116 5.361116 5.361116 5.361116 5.361116 5.361116 5.361116 5.361116 5.361116 5.361116 5.361116 5.361116 5.361116 5.361116 5.361116 5.361116 5.361116 5.361116 5.361116 5.361116 5.361116 5.361116 5.361116 5.361116 5.361116 5.361116 5.361116 5.361116 5.361116 5.361116 5.361116 5.361116 5.361116 5.361116 5.361116 5.361116 5.361116 5.361116 5.361116 5.361116 5.361116 5.361116 5.361116 5.361116 5.361116 5.361116 5.361116 5.361116 5.361116 5.361116 5.361116 5.361116 5.361116 5.361116 5.361116 5.361116 5.361116 5.361116 
5.361116 5.361116 5.361116 5.361116 5.361116 5.361116 5.361116 5.361116 5.361116 5.361116 5.361116 5.361116 5.361116 5.361116 5.361116 5.361116 5.361116 5.361116 5.361116 5.361116 5.361116 5.361116 5.361116 5.361116 5.361116 5.361116 5.361116 5.361116 5.361116 5.361116 5.361116 5.361116 5.361116 5.361116 5.361116 5.361116 5.361116 5.361116 5.361116 5.361116 5.361116 5.361116 5.361116 5.361116 5.361116 5.361116 5.361116 5.361116 5.361116 5.361116 5.361116 5.361116 5.361116 5.361116 5.361116 5.361116 5.361116 5.361116 5.361116 5.361116 5.361116 5.361116 5.361116 5.361116 
5.361116 5.361116 5.361116 5.361116 5.361116 5.361116 5.361116 5.361116 5.361116 5.361116 5.361116 5.361116 5.361116 5.361116 5.361116 5.361116 5.361116 5.361116 5.361116 5.361116 5.361116 5.361116 5.361116 5.361116 5.361116 5.361116 5.361116 5.361116 5.361116 5.361116 5.361116 5.361116 5.361116 5.361116 5.361116 5.361116 5.361116 5.361116 5.361116 5.361116 5.361116 5.361116 5.361116 5.361116 5.361116 5.361116 5.361116 5.361116 5.361116 5.361116 5.361116 5.361116 5.361116 5.361116 5.361116 5.361116 5.361116 5.361116 5.361116 5.361116 5.361116 5.361116 5.361116 5.361116 
5.361116 5.361116 5.361116 5.361116 5.361116 5.361116 5.361116 5.361116 5.361116 5.361116 5.361116 5.361116 5.361116 5.361116 5.361116 5.361116 5.361116 5.361116 5.361116 5.361116 5.361116 5.361116 5.361116 5.361116 5.361116 5.361116 5.361116 5.361116 5.361116 5.361116 5.361116 5.361116 5.361116 5.361116 5.361116 5.361116 5.361116 5.361116 5.361116 5.361116 5.361116 5.361116 5.361116 5.361116 5.361116 5.361116 5.361116 5.361116 5.361116 5.361116 5.361116 5.361116 5.361116 5.361116 5.361116 5.361116 5.361116 5.361116 5.361116 5.361116 5.361116 5.361116 5.361116 5.361116 
5.361116 5.361116 5.361116 5.361116 5.361116 5.361116 5.361116 5.361116 5.361116 5.361116 5.361116 5.361116 5.361116 5.361116 5.361116 5.361116 5.361116 5.361116 5.361116 5.361116 5.361116 5.361116 5.361116 5.361116 5.361116 5.361116 5.361116 5.361116 5.361116 5.361116 5.361116 5.361116 5.361116 5.361116 5.361116 5.361116 5.361116 5.361116 5.361116 5.361116 5.361116 5.361116 5.361116 5.361116 5.361116 5.361116 5.361116 5.361116 5.361116 5.361116 5.361116 5.361116 5.361116 5.361116 5.361116 5.361116 5.361116 5.361116 5.361116 5.361116 5.361116 5.361116 5.361116 5.361116 
5.361116 5.361116 5.361116 5.361116 5.361116 5.361116 5.361116 5.361116 5.361116 5.361116 5.361116 5.361116 5.361116 5.361116 5.361116 5.361116 5.361116 5.361116 5.361116 5.361116 5.361116 5.361116 5.361116 5.361116 5.361116 5.361116 5.361116 5.361116 5.361116 5.361116 5.361116 5.361116 5.361116 5.361116 5.361116 5.361116 5.361116 5.361116 5.361116 5.361116 5.361116 5.361116 5.361116 5.361116 5.361116 5.361116 5.361116 5.361116 5.361116 5.361116 5.361116 5.361116 5.361116 5.361116 5.361116 5.361116 5.361116 5.361116 5.361116 5.361116 5.361116 5.361116 5.361116 5.361116 
5.361116 5.361116 5.361116 5.361116 5.361116 5.361116 5.361116 5.361116 5.361116 5.361116 5.361116 5.361116 5.361116 5.361116 5.361116 5.361116 5.361116 5.361116 5.361116 5.361116 5.361116 5.361116 5.361116 5.361116 5.361116 5.361116 5.361116 5.361116 5.361116 5.361116 5.361116 5.361116 5.361116 5.361116 5.361116 5.361116 5.361116 5.361116 5.361116 5.361116 5.361116 5.361116 5.361116 5.361116 5.361116 5.361116 5.361116 5.361116 5.361116 5.361116 5.361116 5.361116 5.361116 5.361116 5.361116 5.361116 5.361116 5.361116 5.361116 5.361116 5.361116 5.361116 5.361116 5.361116 
5.361116 5.361116 5.361116 5.361116 5.361116 5.361116 5.361116 5.361116 5.361116 5.361116 5.361116 5.361116 5.361116 5.361116 5.361116 5.361116 5.361116 5.361116 5.361116 5.361116 5.361116 5.361116 5.361116 5.361116 5.361116 5.361116 5.361116 5.361116 5.361116 5.361116 5.361116 5.361116 5.361116 5.361116 5.361116 5.361116 5.361116 5.361116 5.361116 5.361116 5.361116 5.361116 5.361116 5.361116 5.361116 5.361116 5.361116 5.361116 5.361116 5.361116 5.361116 5.361116 5.361116 5.361116 5.361116 5.361116 5.361116 5.361116 5.361116 5.361116 5.361116 5.361116 5.361116 5.361116 
5.361116 5.361116 5.361116 5.361116 5.361116 5.361116 5.361116 5.361116 5.361116 5.361116 5.361116 5.361116 5.361116 5.361116 5.361116 5.361116 5.361116 5.361116 5.361116 5.361116 5.361116 5.361116 5.361116 5.361116 5.361116 5.361116 5.361116 5.361116 5.361116 5.361116 5.361116 5.361116 5.361116 5.361116 5.361116 5.361116 5.361116 5.361116 5.361116 5.361116 5.361116 5.361116 5.361116 5.361116 5.361116 5.361116 5.361116 5.361116 5.361116 5.361116 5.361116 5.361116 5.361116 5.361116 5.361116 5.361116 5.361116 5.361116 5.361116 5.361116 5.361116 5.361116 5.361116 5.361116 
5.361116 5.361116 5.361116 5.361116 5.361116 5.361116 5.361116 5.361116 5.361116 5.361116 5.361116 5.361116 5.361116 5.361116 5.361116 5.361116 5.361116 5.361116 5.361116 5.361116 5.361116 5.361116 5.361116 5.361116 5.361116 5.361116 5.361116 5.361116 5.361116 5.361116 5.361116 5.361116 5.361116 5.361116 5.361116 5.361116 5.361116 5.361116 5.361116 5.361116 5.361116 5.361116 5.361116 5.361116 5.361116 5.361116 5.361116 5.361116 5.361116 5.361116 5.361116 5.361116 5.361116 5.361116 5.361116 5.361116 5.361116 5.361116 5.361116 5.361116 5.361116 5.361116 5.361116 5.361116 
5.361116 5.361116 5.361116 5.361116 5.361116 5.361116 5.361116 5.361116 5.361116 5.361116 5.361116 5.361116 5.361116 5.361116 5.361116 5.361116 5.361116 5.361116 5.361116 5.361116 5.361116 5.361116 5.361116 5.361116 5.361116 5.361116 5.361116 5.361116 5.361116 5.361116 5.361116 5.361116 5.361116 5.361116 5.361116 5.361116 5.361116 5.361116 5.361116 5.361116 5.361116 5.361116 5.361116 5.361116 5.361116 5.361116 5.361116 5.361116 5.361116 5.361116 5.361116 5.361116 5.361116 5.361116 5.361116 5.361116 5.361116 5.361116 5.361116 5.361116 5.361116 5.361116 5.361116 5.361116 
5.361116 5.361116 5.361116 5.361116 5.361116 5.361116 5.361116 5.361116 5.361116 5.361116 5.361116 5.361116 5.361116 5.361116 5.361116 5.361116 5.361116 5.361116 5.361116 5.361116 5.361116 5.361116 5.361116 5.361116 5.361116 5.361116 5.361116 5.361116 5.361116 5.361116 5.361116 5.361116 5.361116 5.361116 5.361116 5.361116 5.361116 5.361116 5.361116 5.361116 5.361116 5.361116 5.361116 5.361116 5.361116 5.361116 5.361116 5.361116 5.361116 5.361116 5.361116 5.361116 5.361116 5.361116 5.361116 5.361116 5.361116 5.361116 5.361116 5.361116 5.361116 5.361116 5.361116 5.361116 
5.361116 5.361116 5.361116 5.361116 5.361116 5.361116 5.361116 5.361116 5.361116 5.361116 5.361116 5.361116 5.361116 5.361116 5.361116 5.361116 5.361116 5.361116 5.361116 5.361116 5.361116 5.361116 5.361116 5.361116 5.361116 5.361116 5.361116 5.361116 5.361116 5.361116 5.361116 5.361116 5.361116 5.361116 5.361116 5.361116 5.361116 5.361116 5.361116 5.361116 5.361116 5.361116 5.361116 5.361116 5.361116 5.361116 5.361116 5.361116 5.361116 5.361116 5.361116 5.361116 5.361116 5.361116 5.361116 5.361116 5.361116 5.361116 5.361116 5.361116 5.361116 5.361116 5.361116 5.361116 
5.361116 5.361116 5.361116 5.361116 5.361116 5.361116 5.361116 5.361116 5.361116 5.361116 5.361116 5.361116 5.361116 5.361116 5.361116 5.361116 5.361116 5.361116 5.361116 5.361116 5.361116 5.361116 5.361116 5.361116 5.361116 5.361116 5.361116 5.361116 5.361116 5.361116 5.361116 5.361116 5.361116 5.361116 5.361116 5.361116 5.361116 5.361116 5.361116 5.361116 5.361116 5.361116 5.361116 5.361116 5.361116 5.361116 5.361116 5.361116 5.361116 5.361116 5.361116 5.361116 5.361116 5.361116 5.361116 5.361116 5.361116 5.361116 5.361116 5.361116 5.361116 5.361116 5.361116 5.361116 
5.361116 5.361116 5.361116 5.361116 5.361116 5.361116 5.361116 5.361116 5.361116 5.361116 5.361116 5.361116 5.361116 5.361116 5.361116 5.361116 5.361116 5.361116 5.361116 5.361116 5.361116 5.361116 5.361116 5.361116 5.361116 5.361116 5.361116 5.361116 5.361116 5.361116 5.361116 5.361116 5.361116 5.361116 5.361116 5.361116 5.361116 5.361116 5.361116 5.361116 5.361116 5.361116 5.361116 5.361116 5.361116 5.361116 5.361116 5.361116 5.361116 5.361116 5.361116 5.361116 5.361116 5.361116 5.361116 5.361116 5.361116 5.361116 5.361116 5.361116 5.361116 5.361116 5.361116 5.361116 
5.361116 5.361116 5.361116 5.361116 5.361116 5.361116 5.361116 5.361116 5.361116 5.361116 5.361116 5.361116 5.361116 5.361116 5.361116 5.361116 5.361116 5.361116 5.361116 5.361116 5.361116 5.361116 5.361116 5.361116 5.361116 5.361116 5.361116 5.361116 5.361116 5.361116 5.361116 5.361116 5.361116 5.361116 5.361116 5.361116 5.361116 5.361116 5.361116 5.361116 5.361116 5.361116 5.361116 5.361116 5.361116 5.361116 5.361116 5.361116 5.361116 5.361116 5.361116 5.361116 5.361116 5.361116 5.361116 5.361116 5.361116 5.361116 5.361116 5.361116 5.361116 5.361116 5.361116 5.361116 
5.361116 5.361116 5.361116 5.361116 5.361116 5.361116 5.361116 5.361116 5.361116 5.361116 5.361116 5.361116 5.361116 5.361116 5.361116 5.361116 5.361116 5.361116 5.361116 5.361116 5.361116 5.361116 5.361116 5.361116 5.361116 5.361116 5.361116 5.361116 5.361116 5.361116 5.361116 5.361116 5.361116 5.361116 5.361116 5.361116 5.361116 5.361116 5.361116 5.361116 5.361116 5.361116 5.361116 5.361116 5.361116 5.361116 5.361116 5.361116 5.361116 5.361116 5.361116 5.361116 5.361116 5.361116 5.361116 5.361116 5.361116 5.361116 5.361116 5.361116 5.361116 5.361116 5.361116 5.361116 
5.361116 5.361116 5.361116 5.361116 5.361116 5.361116 5.361116 5.361116 5.361116 5.361116 5.361116 5.361116 5.361116 5.361116 5.361116 5.361116 5.361116 5.361116 5.361116 5.361116 5.361116 5.361116 5.361116 5.361116 5.361116 5.361116 5.361116 5.361116 5.361116 5.361116 5.361116 5.361116 5.361116 5.361116 5.361116 5.361116 5.361116 5.361116 5.361116 5.361116 5.361116 5.361116 5.361116 5.361116 5.361116 5.361116 5.361116 5.361116 5.361116 5.361116 5.361116 5.361116 5.361116 5.361116 5.361116 5.361116 5.361116 5.361116 5.361116 5.361116 5.361116 5.361116 5.361116 5.361116 
5.361116 5.361116 5.361116 5.361116 5.361116 5.361116 5.361116 5.361116 5.361116 5.361116 5.361116 5.361116 5.361116 5.361116 5.361116 5.361116 5.361116 5.361116 5.361116 5.361116 5.361116 5.361116 5.361116 5.361116 5.361116 5.361116 5.361116 5.361116 5.361116 5.361116 5.361116 5.361116 5.361116 5.361116 5.361116 5.361116 5.361116 5.361116 5.361116 5.361116 5.361116 5.361116 5.361116 5.361116 5.361116 5.361116 5.361116 5.361116 5.361116 5.361116 5.361116 5.361116 5.361116 5.361116 5.361116 5.361116 5.361116 5.361116 5.361116 5.361116 5.361116 5.361116 5.361116 5.361116 
5.361116 5.361116 5.361116 5.361116 5.361116 5.361116 5.361116 5.361116 5.361116 5.361116 5.361116 5.361116 5.361116 5.361116 5.361116 5.361116 5.361116 5.361116 5.361116 5.361116 5.361116 5.361116 5.361116 5.361116 5.361116 5.361116 5.361116 5.361116 5.361116 5.361116 5.361116 5.361116 5.361116 5.361116 5.361116 5.361116 5.361116 5.361116 5.361116 5.361116 5.361116 5.361116 5.361116 5.361116 5.361116 5.361116 5.361116 5.361116 5.361116 5.361116 5.361116 5.361116 5.361116 5.361116 5.361116 5.361116 5.361116 5.361116 5.361116 5.361116 5.361116 5.361116 5.361116 5.361116 
5.361116 5.361116 5.361116 5.361116 5.361116 5.361116 5.361116 5.361116 5.361116 5.361116 5.361116 5.361116 5.361116 5.361116 5.361116 5.361116 5.361116 5.361116 5.361116 5.361116 5.361116 5.361116 5.361116 5.361116 5.361116 5.361116 5.361116 5.361116 5.361116 5.361116 5.361116 5.361116 5.361116 5.361116 5.361116 5.361116 5.361116 5.361116 5.361116 5.361116 5.361116 5.361116 5.361116 5.361116 5.361116 5.361116 5.361116 5.361116 5.361116 5.361116 5.361116 5.361116 5.361116 5.361116 5.361116 5.361116 5.361116 5.361116 5.361116 5.361116 5.361116 5.361116 5.361116 5.361116 
5.361116 5.361116 5.361116 5.361116 5.361116 5.361116 5.361116 5.361116 5.361116 5.361116 5.361116 5.361116 5.361116 5.361116 5.361116 5.361116 5.361116 5.361116 5.361116 5.361116 5.361116 5.361116 5.361116 5.361116 5.361116 5.361116 5.361116 5.361116 5.361116 5.361116 5.361116 5.361116 5.361116 5.361116 5.361116 5.361116 5.361116 5.361116 5.361116 5.361116 5.361116 5.361116 5.361116 5.361116 5.361116 5.361116 5.361116 5.361116 5.361116 5.361116 5.361116 5.361116 5.361116 5.361116 5.361116 5.361116 5.361116 5.361116 5.361116 5.361116 5.361116 5.361116 5.361116 5.361116 
5.361116 5.361116 5.361116 5.361116 5.361116 5.361116 5.361116 5.361116 5.361116 5.361116 5.361116 5.361116 5.361116 5.361116 5.361116 5.361116 5.361116 5.361116 5.361116 5.361116 5.361116 5.361116 5.361116 5.361116 5.361116 5.361116 5.361116 5.361116 5.361116 5.361116 5.361116 5.361116 5.361116 5.361116 5.361116 5.361116 5.361116 5.361116 5.361116 5.361116 5.361116 5.361116 5.361116 5.361116 5.361116 5.361116 5.361116 5.361116 5.361116 5.361116 5.361116 5.361116 5.361116 5.361116 5.361116 5.361116 5.361116 5.361116 5.361116 5.361116 5.361116 5.361116 5.361116 5.361116 
5.361116 5.361116 5.361116 5.361116 5.361116 5.361116 5.361116 5.361116 5.361116 5.361116 5.361116 5.361116 5.361116 5.361116 5.361116 5.361116 5.361116 5.361116 5.361116 5.361116 5.361116 5.361116 5.361116 5.361116 5.361116 5.361116 5.361116 5.361116 5.361116 5.361116 5.361116 5.361116 5.361116 5.361116 5.361116 5.361116 5.361116 5.361116 5.361116 5.361116 5.361116 5.361116 5.361116 5.361116 5.361116 5.361116 5.361116 5.361116 5.361116 5.361116 5.361116 5.361116 5.361116 5.361116 5.361116 5.361116 5.361116 5.361116 5.361116 5.361116 5.361116 5.361116 5.361116 5.361116 
5.361116 5.361116 5.361116 5.361116 5.361116 5.361116 5.361116 5.361116 5.361116 5.361116 5.361116 5.361116 5.361116 5.361116 5.361116 5.361116 5.361116 5.361116 5.361116 5.361116 5.361116 5.361116 5.361116 5.361116 5.361116 5.361116 5.361116 5.361116 5.361116 5.361116 5.361116 5.361116 5.361116 5.361116 5.361116 5.361116 5.361116 5.361116 5.361116 5.361116 5.361116 5.361116 5.361116 5.361116 5.361116 5.361116 5.361116 5.361116 5.361116 5.361116 5.361116 5.361116 5.361116 5.361116 5.361116 5.361116 5.361116 5.361116 5.361116 5.361116 5.361116 5.361116 5.361116 5.361116 
5.361116 5.361116 5.361116 5.361116 5.361116 5.361116 5.361116 5.361116 5.361116 5.361116 5.361116 5.361116 5.361116 5.361116 5.361116 5.361116 5.361116 5.361116 5.361116 5.361116 5.361116 5.361116 5.361116 5.361116 5.361116 5.361116 5.361116 5.361116 5.361116 5.361116 5.361116 5.361116 5.361116 5.361116 5.361116 5.361116 5.361116 5.361116 5.361116 5.361116 5.361116 5.361116 5.361116 5.361116 5.361116 5.361116 5.361116 5.361116 5.361116 5.361116 5.361116 5.361116 5.361116 5.361116 5.361116 5.361116 5.361116 5.361116 5.361116 5.361116 5.361116 5.361116 5.361116 5.361116 
5.361116 5.361116 5.361116 5.361116 5.361116 5.361116 5.361116 5.361116 5.361116 5.361116 5.361116 5.361116 5.361116 5.361116 5.361116 5.361116 5.361116 5.361116 5.361116 5.361116 5.361116 5.361116 5.361116 5.361116 5.361116 5.361116 5.361116 5.361116 5.361116 5.361116 5.361116 5.361116 5.361116 5.361116 5.361116 5.361116 5.361116 5.361116 5.361116 5.361116 5.361116 5.361116 5.361116 5.361116 5.361116 5.361116 5.361116 5.361116 5.361116 5.361116 5.361116 5.361116 5.361116 5.361116 5.361116 5.361116 5.361116 5.361116 5.361116 5.361116 5.361116 5.361116 5.361116 5.361116 
5.361116 5.361116 5.361116 5.361116 5.361116 5.361116 5.361116 5.361116 5.361116 5.361116 5.361116 5.361116 5.361116 5.361116 5.361116 5.361116 5.361116 5.361116 5.361116 5.361116 5.361116 5.361116 5.361116 5.361116 5.361116 5.361116 5.361116 5.361116 5.361116 5.361116 5.361116 5.361116 5.361116 5.361116 5.361116 5.361116 5.361116 5.361116 5.361116 5.361116 5.361116 5.361116 5.361116 5.361116 5.361116 5.361116 5.361116 5.361116 5.361116 5.361116 5.361116 5.361116 5.361116 5.361116 5.361116 5.361116 5.361116 5.361116 5.361116 5.361116 5.361116 5.361116 5.361116 5.361116 
5.361116 5.361116 5.361116 5.361116 5.361116 5.361116 5.361116 5.361116 5.361116 5.361116 5.361116 5.361116 5.361116 5.361116 5.361116 5.361116 5.361116 5.361116 5.361116 5.361116 5.361116 5.361116 5.361116 5.361116 5.361116 5.361116 5.361116 5.361116 5.361116 5.361116 5.361116 5.361116 5.361116 5.361116 5.361116 5.361116 5.361116 5.361116 5.361116 5.361116 5.361116 5.361116 5.361116 5.361116 5.361116 5.361116 5.361116 5.361116 5.361116 5.361116 5.361116 5.361116 5.361116 5.361116 5.361116 5.361116 5.361116 5.361116 5.361116 5.361116 5.361116 5.361116 5.361116 5.361116 
5.361116 5.361116 5.361116 5.361116 5.361116 5.361116 5.361116 5.361116 5.361116 5.361116 5.361116 5.361116 5.361116 5.361116 5.361116 5.361116 5.361116 5.361116 5.361116 5.361116 5.361116 5.361116 5.361116 5.361116 5.361116 5.361116 5.361116 5.361116 5.361116 5.361116 5.361116 5.361116 5.361116 5.361116 5.361116 5.361116 5.361116 5.361116 5.361116 5.361116 5.361116 5.361116 5.361116 5.361116 5.361116 5.361116 5.361116 5.361116 5.361116 5.361116 5.361116 5.361116 5.361116 5.361116 5.361116 5.361116 5.361116 5.361116 5.361116 5.361116 5.361116 5.361116 5.361116 5.361116 
5.361116 5.361116 5.361116 5.361116 5.361116 5.361116 5.361116 5.361116 5.361116 5.361116 5.361116 5.361116 5.361116 5.361116 5.361116 5.361116 5.361116 5.361116 5.361116 5.361116 5.361116 5.361116 5.361116 5.361116 5.361116 5.361116 5.361116 5.361116 5.361116 5.361116 5.361116 5.361116 5.361116 5.361116 5.361116 5.361116 5.361116 5.361116 5.361116 5.361116 5.361116 5.361116 5.361116 5.361116 5.361116 5.361116 5.361116 5.361116 5.361116 5.361116 5.361116 5.361116 5.361116 5.361116 5.361116 5.361116 5.361116 5.361116 5.361116 5.361116 5.361116 5.361116 5.361116 5.361116 
5.361116 5.361116 5.361116 5.361116 5.361116 5.361116 5.361116 5.361116 5.361116 5.361116 5.361116 5.361116 5.361116 5.361116 5.361116 5.361116 5.361116 5.361116 5.361116 5.361116 5.361116 5.361116 5.361116 5.361116 5.361116 5.361116 5.361116 5.361116 5.361116 5.361116 5.361116 5.361116 5.361116 5.361116 5.361116 5.361116 5.361116 5.361116 5.361116 5.361116 5.361116 5.361116 5.361116 5.361116 5.361116 5.361116 5.361116 5.361116 5.361116 5.361116 5.361116 5.361116 5.361116 5.361116 5.361116 5.361116 5.361116 5.361116 5.361116 5.361116 5.361116 5.361116 5.361116 5.361116 
5.361116 5.361116 5.361116 5.361116 5.361116 5.361116 5.361116 5.361116 5.361116 5.361116 5.361116 5.361116 5.361116 5.361116 5.361116 5.361116 5.361116 5.361116 5.361116 5.361116 5.361116 5.361116 5.361116 5.361116 5.361116 5.361116 5.361116 5.361116 5.361116 5.361116 5.361116 5.361116 5.361116 5.361116 5.361116 5.361116 5.361116 5.361116 5.361116 5.361116 5.361116 5.361116 5.361116 5.361116 5.361116 5.361116 5.361116 5.361116 5.361116 5.361116 5.361116 5.361116 5.361116 5.361116 5.361116 5.361116 5.361116 5.361116 5.361116 5.361116 5.361116 5.361116 5.361116 5.361116 
5.361116 5.361116 5.361116 5.361116 5.361116 5.361116 5.361116 5.361116 5.361116 5.361116 5.361116 5.361116 5.361116 5.361116 5.361116 5.361116 5.361116 5.361116 5.361116 5.361116 5.361116 5.361116 5.361116 5.361116 5.361116 5.361116 5.361116 5.361116 5.361116 5.361116 5.361116 5.361116 5.361116 5.361116 5.361116 5.361116 5.361116 5.361116 5.361116 5.361116 5.361116 5.361116 5.361116 5.361116 5.361116 5.361116 5.361116 5.361116 5.361116 5.361116 5.361116 5.361116 5.361116 5.361116 5.361116 5.361116 5.361116 5.361116 5.361116 5.361116 5.361116 5.361116 5.361116 5.361116 
5.361116 5.361116 5.361116 5.361116 5.361116 5.361116 5.361116 5.361116 5.361116 5.361116 5.361116 5.361116 5.361116 5.361116 5.361116 5.361116 5.361116 5.361116 5.361116 5.361116 5.361116 5.361116 5.361116 5.361116 5.361116 5.361116 5.361116 5.361116 5.361116 5.361116 5.361116 5.361116 5.361116 5.361116 5.361116 5.361116 5.361116 5.361116 5.361116 5.361116 5.361116 5.361116 5.361116 5.361116 5.361116 5.361116 5.361116 5.361116 5.361116 5.361116 5.361116 5.361116 5.361116 5.361116 5.361116 5.361116 5.361116 5.361116 5.361116 5.361116 5.361116 5.361116 5.361116 5.361116 
5.361116 5.361116 5.361116 5.361116 5.361116 5.361116 5.361116 5.361116 5.361116 5.361116 5.361116 5.361116 5.361116 5.361116 5.361116 5.361116 5.361116 5.361116 5.361116 5.361116 5.361116 5.361116 5.361116 5.361116 5.361116 5.361116 5.361116 5.361116 5.361116 5.361116 5.361116 5.361116 5.361116 5.361116 5.361116 5.361116 5.361116 5.361116 5.361116 5.361116 5.361116 5.361116 5.361116 5.361116 5.361116 5.361116 5.361116 5.361116 5.361116 5.361116 5.361116 5.361116 5.361116 5.361116 5.361116 5.361116 5.361116 5.361116 5.361116 5.361116 5.361116 5.361116 5.361116 5.361116 
5.361116 5.361116 5.361116 5.361116 5.361116 5.361116 5.361116 5.361116 5.361116 5.361116 5.361116 5.361116 5.361116 5.361116 5.361116 5.361116 5.361116 5.361116 5.361116 5.361116 5.361116 5.361116 5.361116 5.361116 5.361116 5.361116 5.361116 5.361116 5.361116 5.361116 5.361116 5.361116 5.361116 5.361116 5.361116 5.361116 5.361116 5.361116 5.361116 5.361116 5.361116 5.361116 5.361116 5.361116 5.361116 5.361116 5.361116 5.361116 5.361116 5.361116 5.361116 5.361116 5.361116 5.361116 5.361116 5.361116 5.361116 5.361116 5.361116 5.361116 5.361116 5.361116 5.361116 5.361116 
5.361116 5.361116 5.361116 5.361116 5.361116 5.361116 5.361116 5.361116 5.361116 5.361116 5.361116 5.361116 5.361116 5.361116 5.361116 5.361116 5.361116 5.361116 5.361116 5.361116 5.361116 5.361116 5.361116 5.361116 5.361116 5.361116 5.361116 5.361116 5.361116 5.361116 5.361116 5.361116 5.361116 5.361116 5.361116 5.361116 5.361116 5.361116 5.361116 5.361116 5.361116 5.361116 5.361116 5.361116 5.361116 5.361116 5.361116 5.361116 5.361116 5.361116 5.361116 5.361116 5.361116 5.361116 5.361116 5.361116 5.361116 5.361116 5.361116 5.361116 5.361116 5.361116 5.361116 5.361116 
5.361116 5.361116 5.361116 5.361116 5.361116 5.361116 5.361116 5.361116 5.361116 5.361116 5.361116 5.361116 5.361116 5.361116 5.361116 5.361116 5.361116 5.361116 5.361116 5.361116 5.361116 5.361116 5.361116 5.361116 5.361116 5.361116 5.361116 5.361116 5.361116 5.361116 5.361116 5.361116 5.361116 5.361116 5.361116 5.361116 5.361116 5.361116 5.361116 5.361116 5.361116 5.361116 5.361116 5.361116 5.361116 5.361116 5.361116 5.361116 5.361116 5.361116 5.361116 5.361116 5.361116 5.361116 5.361116 5.361116 5.361116 5.361116 5.361116 5.361116 5.361116 5.361116 5.361116 5.361116 
5.361116 5.361116 5.361116 5.361116 5.361116 5.361116 5.361116 5.361116 5.361116 5.361116 5.361116 5.361116 5.361116 5.361116 5.361116 5.361116 5.361116 5.361116 5.361116 5.361116 5.361116 5.361116 5.361116 5.361116 5.361116 5.361116 5.361116 5.361116 5.361116 5.361116 5.361116 5.361116 5.361116 5.361116 5.361116 5.361116 5.361116 5.361116 5.361116 5.361116 5.361116 5.361116 5.361116 5.361116 5.361116 5.361116 5.361116 5.361116 5.361116 5.361116 5.361116 5.361116 5.361116 5.361116 5.361116 5.361116 5.361116 5.361116 5.361116 5.361116 5.361116 5.361116 5.361116 5.361116 
5.361116 5.361116 5.361116 5.361116 5.361116 5.361116 5.361116 5.361116 5.361116 5.361116 5.361116 5.361116 5.361116 5.361116 5.361116 5.361116 5.361116 5.361116 5.361116 5.361116 5.361116 5.361116 5.361116 5.361116 5.361116 5.361116 5.361116 5.361116 5.361116 5.361116 5.361116 5.361116 5.361116 5.361116 5.361116 5.361116 5.361116 5.361116 5.361116 5.361116 5.361116 5.361116 5.361116 5.361116 5.361116 5.361116 5.361116 5.361116 5.361116 5.361116 5.361116 5.361116 5.361116 5.361116 5.361116 5.361116 5.361116 5.361116 5.361116 5.361116 5.361116 5.361116 5.361116 5.361116 
5.361116 5.361116 5.361116 5.361116 5.361116 5.361116 5.361116 5.361116 5.361116 5.361116 5.361116 5.361116 5.361116 5.361116 5.361116 5.361116 5.361116 5.361116 5.361116 5.361116 5.361116 5.361116 5.361116 5.361116 5.361116 5.361116 5.361116 5.361116 5.361116 5.361116 5.361116 5.361116 5.361116 5.361116 5.361116 5.361116 5.361116 5.361116 5.361116 5.361116 5.361116 5.361116 5.361116 5.361116 5.361116 5.361116 5.361116 5.361116 5.361116 5.361116 5.361116 5.361116 5.361116 5.361116 5.361116 5.361116 5.361116 5.361116 5.361116 5.361116 5.361116 5.361116 5.361116 5.361116 
5.361116 5.361116 5.361116 5.361116 5.361116 5.361116 5.361116 5.361116 5.361116 5.361116 5.361116 5.361116 5.361116 5.361116 5.361116 5.361116 5.361116 5.361116 5.361116 5.361116 5.361116 5.361116 5.361116 5.361116 5.361116 5.361116 5.361116 5.361116 5.361116 5.361116 5.361116 5.361116 5.361116 5.361116 5.361116 5.361116 5.361116 5.361116 5.361116 5.361116 5.361116 5.361116 5.361116 5.361116 5.361116 5.361116 5.361116 5.361116 5.361116 5.361116 5.361116 5.361116 5.361116 5.361116 5.361116 5.361116 5.361116 5.361116 5.361116 5.361116 5.361116 5.361116 5.361116 5.361116 
5.361116 5.361116 5.361116 5.361116 5.361116 5.361116 5.361116 5.361116 5.361116 5.361116 5.361116 5.361116 5.361116 5.361116 5.361116 5.361116 5.361116 5.361116 5.361116 5.361116 5.361116 5.361116 5.361116 5.361116 5.361116 5.361116 5.361116 5.361116 5.361116 5.361116 5.361116 5.361116 5.361116 5.361116 5.361116 5.361116 5.361116 5.361116 5.361116 5.361116 5.361116 5.361116 5.361116 5.361116 5.361116 5.361116 5.361116 5.361116 5.361116 5.361116 5.361116 5.361116 5.361116 5.361116 5.361116 5.361116 5.361116 5.361116 5.361116 5.361116 5.361116 5.361116 5.361116 5.361116 
5.361116 5.361116 5.361116 5.361116 5.361116 5.361116 5.361116 5.361116 5.361116 5.361116 5.361116 5.361116 5.361116 5.361116 5.361116 5.361116 5.361116 5.361116 5.361116 5.361116 5.361116 5.361116 5.361116 5.361116 5.361116 5.361116 5.361116 5.361116 5.361116 5.361116 5.361116 5.361116 5.361116 5.361116 5.361116 5.361116 5.361116 5.361116 5.361116 5.361116 5.361116 5.361116 5.361116 5.361116 5.361116 5.361116 5.361116 5.361116 5.361116 5.361116 5.361116 5.361116 5.361116 5.361116 5.361116 5.361116 5.361116 5.361116 5.361116 5.361116 5.361116 5.361116 5.361116 5.361116 
5.361116 5.361116 5.361116 5.361116 5.361116 5.361116 5.361116 5.361116 5.361116 5.361116 5.361116 5.361116 5.361116 5.361116 5.361116 5.361116 5.361116 5.361116 5.361116 5.361116 5.361116 5.361116 5.361116 5.361116 5.361116 5.361116 5.361116 5.361116 5.361116 5.361116 5.361116 5.361116 5.361116 5.361116 5.361116 5.361116 5.361116 5.361116 5.361116 5.361116 5.361116 5.361116 5.361116 5.361116 5.361116 5.361116 5.361116 5.361116 5.361116 5.361116 5.361116 5.361116 5.361116 5.361116 5.361116 5.361116 5.361116 5.361116 5.361116 5.361116 5.361116 5.361116 5.361116 5.361116 
5.361116 5.361116 5.361116 5.361116 5.361116 5.361116 5.361116 5.361116 5.361116 5.361116 5.361116 5.361116 5.361116 5.361116 5.361116 5.361116 5.361116 5.361116 5.361116 5.361116 5.361116 5.361116 5.361116 5.361116 5.361116 5.361116 5.361116 5.361116 5.361116 5.361116 5.361116 5.361116 5.361116 5.361116 5.361116 5.361116 5.361116 5.361116 5.361116 5.361116 5.361116 5.361116 5.361116 5.361116 5.361116 5.361116 5.361116 5.361116 5.361116 5.361116 5.361116 5.361116 5.361116 5.361116 5.361116 5.361116 5.361116 5.361116 5.361116 5.361116 5.361116 5.361116 5.361116 5.361116 
