5.562796 5.562796 5.562796 5.562796 5.562796 5.562796 5.562796 5.562796 5.562796 5.562796 5.562796 5.562796 5.562796 5.562796 5.562796 5.562796 5.562796 5.562796 5.562796 5.562796 5.562796 5.562796 5.562796 5.562796 5.562796 5.562796 5.562796 5.562796 5.562796 5.562796 5.562796 5.562796 5.562796 5.562796 5.562796 5.562796 5.562796 5.562796 5.562796 5.562796 5.562796 5.562796 5.562796 5.562796 5.562796 5.562796 5.562796 5.562796 5.562796 5.562796 5.562796 5.562796 5.562796 5.562796 5.562796 5.562796 5.562796 5.562796 5.562796 5.562796 5.562796 5.562796 5.562796 5.562796 
5.562796 5.562796 5.562796 5.562796 5.562796 5.562796 5.562796 5.562796 5.562796 5.562796 5.562796 5.562796 5.562796 5.562796 5.562796 5.562796 5.562796 5.562796 5.562796 5.562796 5.562796 5.562796 5.562796 5.562796 5.562796 5.562796 5.562796 5.562796 5.562796 5.562796 5.562796 5.562796 5.562796 5.562796 5.562796 5.562796 5.562796 5.562796 5.562796 5.562796 5.562796 5.562796 5.562796 5.562796 5.562796 5.562796 5.562796 5.562796 5.562796 5.562796 5.562796 5.562796 5.562796 5.562796 5.562796 5.562796 5.562796 5.562796 5.562796 5.562796 5.562796 5.562796 5.562796 5.562796 
5.562796 5.562796 5.562796 5.562796 5.562796 5.562796 5.562796 5.562796 5.562796 5.562796 5.562796 5.562796 5.562796 5.562796 5.562796 5.562796 5.562796 5.562796 5.562796 5.562796 5.562796 5.562796 5.562796 5.562796 5.562796 5.562796 5.562796 5.562796 5.562796 5.562796 5.562796 5.562796 5.562796 5.562796 5.562796 5.562796 5.562796 5.562796 5.562796 5.562796 5.562796 5.562796 5.562796 5.562796 5.562796 5.562796 5.562796 5.562796 5.562796 5.562796 5.562796 5.562796 5.562796 5.562796 5.562796 5.562796 5.562796 5.562796 5.562796 5.562796 5.562796 5.562796 5.562796 5.562796 
5.562796 5.562796 5.562796 5.562796 5.562796 5.562796 5.562796 5.562796 5.562796 5.562796 5.562796 5.562796 5.562796 5.562796 5.562796 5.562796 5.562796 5.562796 5.562796 5.562796 5.562796 5.562796 5.562796 5.562796 5.562796 5.562796 5.562796 5.562796 5.562796 5.562796 5.562796 5.562796 5.562796 5.562796 5.562796 5.562796 5.562796 5.562796 5.562796 5.562796 5.562796 5.562796 5.562796 5.562796 5.562796 5.562796 5.562796 5.562796 5.562796 5.562796 5.562796 5.562796 5.562796 5.562796 5.562796 5.562796 5.562796 5.562796 5.562796 5.562796 5.562796 5.562796 5.562796 5.562796 
5.562796 5.562796 5.562796 5.562796 5.562796 5.562796 5.562796 5.562796 5.562796 5.562796 5.562796 5.562796 5.562796 5.562796 5.562796 5.562796 5.562796 5.562796 5.562796 5.562796 5.562796 5.562796 5.562796 5.562796 5.562796 5.562796 5.562796 5.562796 5.562796 5.562796 5.562796 5.562796 5.562796 5.562796 5.562796 5.562796 5.562796 5.562796 5.562796 5.562796 5.562796 5.562796 5.562796 5.562796 5.562796 5.562796 5.562796 5.562796 5.562796 5.562796 5.562796 5.562796 5.562796 5.562796 5.562796 5.562796 5.562796 5.562796 5.562796 5.562796 5.562796 5.562796 5.562796 5.562796 
5.562796 5.562796 5.562796 5.562796 5.562796 5.562796 5.562796 5.562796 5.562796 5.562796 5.562796 5.562796 5.562796 5.562796 5.562796 5.562796 5.562796 5.562796 5.562796 5.562796 5.562796 5.562796 5.562796 5.562796 5.562796 5.562796 5.562796 5.562796 5.562796 5.562796 5.562796 5.562796 5.562796 5.562796 5.562796 5.562796 5.562796 5.562796 5.562796 5.562796 5.562796 5.562796 5.562796 5.562796 5.562796 5.562796 5.562796 5.562796 5.562796 5.562796 5.562796 5.562796 5.562796 5.562796 5.562796 5.562796 5.562796 5.562796 5.562796 5.562796 5.562796 5.562796 5.562796 5.562796 
5.562796 5.562796 5.562796 5.562796 5.562796 5.562796 5.562796 5.562796 5.562796 5.562796 5.562796 5.562796 5.562796 5.562796 5.562796 5.562796 5.562796 5.562796 5.562796 5.562796 5.562796 5.562796 5.562796 5.562796 5.562796 5.562796 5.562796 5.562796 5.562796 5.562796 5.562796 5.562796 5.562796 5.562796 5.562796 5.562796 5.562796 5.562796 5.562796 5.562796 5.562796 5.562796 5.562796 5.562796 5.562796 5.562796 5.562796 5.562796 5.562796 5.562796 5.562796 5.562796 5.562796 5.562796 5.562796 5.562796 5.562796 5.562796 5.562796 5.562796 5.562796 5.562796 5.562796 5.562796 
5.562796 5.562796 5.562796 5.562796 5.562796 5.562796 5.562796 5.562796 5.562796 5.562796 5.562796 5.562796 5.562796 5.562796 5.562796 5.562796 5.562796 5.562796 5.562796 5.562796 5.562796 5.562796 5.562796 5.562796 5.562796 5.562796 5.562796 5.562796 5.562796 5.562796 5.562796 5.562796 5.562796 5.562796 5.562796 5.562796 5.562796 5.562796 5.562796 5.562796 5.562796 5.562796 5.562796 5.562796 5.562796 5.562796 5.562796 5.562796 5.562796 5.562796 5.562796 5.562796 5.562796 5.562796 5.562796 5.562796 5.562796 5.562796 5.562796 5.562796 5.562796 5.562796 5.562796 5.562796 
5.562796 5.562796 5.562796 5.562796 5.562796 5.562796 5.562796 5.562796 5.562796 5.562796 5.562796 5.562796 5.562796 5.562796 5.562796 5.562796 5.562796 5.562796 5.562796 5.562796 5.562796 5.562796 5.562796 5.562796 5.562796 5.562796 5.562796 5.562796 5.562796 5.562796 5.562796 5.562796 5.562796 5.562796 5.562796 5.562796 5.562796 5.562796 5.562796 5.562796 5.562796 5.562796 5.562796 5.562796 5.562796 5.562796 5.562796 5.562796 5.562796 5.562796 5.562796 5.562796 5.562796 5.562796 5.562796 5.562796 5.562796 5.562796 5.562796 5.562796 5.562796 5.562796 5.562796 5.562796 
5.562796 5.562796 5.562796 5.562796 5.562796 5.562796 5.562796 5.562796 5.562796 5.562796 5.562796 5.562796 5.562796 5.562796 5.562796 5.562796 5.562796 5.562796 5.562796 5.562796 5.562796 5.562796 5.562796 5.562796 5.562796 5.562796 5.562796 5.562796 5.562796 5.562796 5.562796 5.562796 5.562796 5.562796 5.562796 5.562796 5.562796 5.562796 5.562796 5.562796 5.562796 5.562796 5.562796 5.562796 5.562796 5.562796 5.562796 5.562796 5.562796 5.562796 5.562796 5.562796 5.562796 5.562796 5.562796 5.562796 5.562796 5.562796 5.562796 5.562796 5.562796 5.562796 5.562796 5.562796 
5.562796 5.562796 5.562796 5.562796 5.562796 5.562796 5.562796 5.562796 5.562796 5.562796 5.562796 5.562796 5.562796 5.562796 5.562796 5.562796 5.562796 5.562796 5.562796 5.562796 5.562796 5.562796 5.562796 5.562796 5.562796 5.562796 5.562796 5.562796 5.562796 5.562796 5.562796 5.562796 5.562796 5.562796 5.562796 5.562796 5.562796 5.562796 5.562796 5.562796 5.562796 5.562796 5.562796 5.562796 5.562796 5.562796 5.562796 5.562796 5.562796 5.562796 5.562796 5.562796 5.562796 5.562796 5.562796 5.562796 5.562796 5.562796 5.562796 5.562796 5.562796 5.562796 5.562796 5.562796 
5.562796 5.562796 5.562796 5.562796 5.562796 5.562796 5.562796 5.562796 5.562796 5.562796 5.562796 5.562796 5.562796 5.562796 5.562796 5.562796 5.562796 5.562796 5.562796 5.562796 5.562796 5.562796 5.562796 5.562796 5.562796 5.562796 5.562796 5.562796 5.562796 5.562796 5.562796 5.562796 5.562796 5.562796 5.562796 5.562796 5.562796 5.562796 5.562796 5.562796 5.562796 5.562796 5.562796 5.562796 5.562796 5.562796 5.562796 5.562796 5.562796 5.562796 5.562796 5.562796 5.562796 5.562796 5.562796 5.562796 5.562796 5.562796 5.562796 5.562796 5.562796 5.562796 5.562796 5.562796 
5.562796 5.562796 5.562796 5.562796 5.562796 5.562796 5.562796 5.562796 5.562796 5.562796 5.562796 5.562796 5.562796 5.562796 5.562796 5.562796 5.562796 5.562796 5.562796 5.562796 5.562796 5.562796 5.562796 5.562796 5.562796 5.562796 5.562796 5.562796 5.562796 5.562796 5.562796 5.562796 5.562796 5.562796 5.562796 5.562796 5.562796 5.562796 5.562796 5.562796 5.562796 5.562796 5.562796 5.562796 5.562796 5.562796 5.562796 5.562796 5.562796 5.562796 5.562796 5.562796 5.562796 5.562796 5.562796 5.562796 5.562796 5.562796 5.562796 5.562796 5.562796 5.562796 5.562796 5.562796 
5.562796 5.562796 5.562796 5.562796 5.562796 5.562796 5.562796 5.562796 5.562796 5.562796 5.562796 5.562796 5.562796 5.562796 5.562796 5.562796 5.562796 5.562796 5.562796 5.562796 5.562796 5.562796 5.562796 5.562796 5.562796 5.562796 5.562796 5.562796 5.562796 5.562796 5.562796 5.562796 5.562796 5.562796 5.562796 5.562796 5.562796 5.562796 5.562796 5.562796 5.562796 5.562796 5.562796 5.562796 5.562796 5.562796 5.562796 5.562796 5.562796 5.562796 5.562796 5.562796 5.562796 5.562796 5.562796 5.562796 5.562796 5.562796 5.562796 5.562796 5.562796 5.562796 5.562796 5.562796 
5.562796 5.562796 5.562796 5.562796 5.562796 5.562796 5.562796 5.562796 5.562796 5.562796 5.562796 5.562796 5.562796 5.562796 5.562796 5.562796 5.562796 5.562796 5.562796 5.562796 5.562796 5.562796 5.562796 5.562796 5.562796 5.562796 5.562796 5.562796 5.562796 5.562796 5.562796 5.562796 5.562796 5.562796 5.562796 5.562796 5.562796 5.562796 5.562796 5.562796 5.562796 5.562796 5.562796 5.562796 5.562796 5.562796 5.562796 5.562796 5.562796 5.562796 5.562796 5.562796 5.562796 5.562796 5.562796 5.562796 5.562796 5.562796 5.562796 5.562796 5.562796 5.562796 5.562796 5.562796 
5.562796 5.562796 5.562796 5.562796 5.562796 5.562796 5.562796 5.562796 5.562796 5.562796 5.562796 5.562796 5.562796 5.562796 5.562796 5.562796 5.562796 5.562796 5.562796 5.562796 5.562796 5.562796 5.562796 5.562796 5.562796 5.562796 5.562796 5.562796 5.562796 5.562796 5.562796 5.562796 5.562796 5.562796 5.562796 5.562796 5.562796 5.562796 5.562796 5.562796 5.562796 5.562796 5.562796 5.562796 5.562796 5.562796 5.562796 5.562796 5.562796 5.562796 5.562796 5.562796 5.562796 5.562796 5.562796 5.562796 5.562796 5.562796 5.562796 5.562796 5.562796 5.562796 5.562796 5.562796 
5.562796 5.562796 5.562796 5.562796 5.562796 5.562796 5.562796 5.562796 5.562796 5.562796 5.562796 5.562796 5.562796 5.562796 5.562796 5.562796 5.562796 5.562796 5.562796 5.562796 5.562796 5.562796 5.562796 5.562796 5.562796 5.562796 5.562796 5.562796 5.562796 5.562796 5.562796 5.562796 5.562796 5.562796 5.562796 5.562796 5.562796 5.562796 5.562796 5.562796 5.562796 5.562796 5.562796 5.562796 5.562796 5.562796 5.562796 5.562796 5.562796 5.562796 5.562796 5.562796 5.562796 5.562796 5.562796 5.562796 5.562796 5.562796 5.562796 5.562796 5.562796 5.562796 5.562796 5.562796 
5.562796 5.562796 5.562796 5.562796 5.562796 5.562796 5.562796 5.562796 5.562796 5.562796 5.562796 5.562796 5.562796 5.562796 5.562796 5.562796 5.562796 5.562796 5.562796 5.562796 5.562796 5.562796 5.562796 5.562796 5.562796 5.562796 5.562796 5.562796 5.562796 5.562796 5.562796 5.562796 5.562796 5.562796 5.562796 5.562796 5.562796 5.562796 5.562796 5.562796 5.562796 5.562796 5.562796 5.562796 5.562796 5.562796 5.562796 5.562796 5.562796 5.562796 5.562796 5.562796 5.562796 5.562796 5.562796 5.562796 5.562796 5.562796 5.562796 5.562796 5.562796 5.562796 5.562796 5.562796 
5.562796 5.562796 5.562796 5.562796 5.562796 5.562796 5.562796 5.562796 5.562796 5.562796 5.562796 5.562796 5.562796 5.562796 5.562796 5.562796 5.562796 5.562796 5.562796 5.562796 5.562796 5.562796 5.562796 5.562796 5.562796 5.562796 5.562796 5.562796 5.562796 5.562796 5.562796 5.562796 5.562796 5.562796 5.562796 5.562796 5.562796 5.562796 5.562796 5.562796 5.562796 5.562796 5.562796 5.562796 5.562796 5.562796 5.562796 5.562796 5.562796 5.562796 5.562796 5.562796 5.562796 5.562796 5.562796 5.562796 5.562796 5.562796 5.562796 5.562796 5.562796 5.562796 5.562796 5.562796 
5.562796 5.562796 5.562796 5.562796 5.562796 5.562796 5.562796 5.562796 5.562796 5.562796 5.562796 5.562796 5.562796 5.562796 5.562796 5.562796 5.562796 5.562796 5.562796 5.562796 5.562796 5.562796 5.562796 5.562796 5.562796 5.562796 5.562796 5.562796 5.562796 5.562796 5.562796 5.562796 5.562796 5.562796 5.562796 5.562796 5.562796 5.562796 5.562796 5.562796 5.562796 5.562796 5.562796 5.562796 5.562796 5.562796 5.562796 5.562796 5.562796 5.562796 5.562796 5.562796 5.562796 5.562796 5.562796 5.562796 5.562796 5.562796 5.562796 5.562796 5.562796 5.562796 5.562796 5.562796 
5.562796 5.562796 5.562796 5.562796 5.562796 5.562796 5.562796 5.562796 5.562796 5.562796 5.562796 5.562796 5.562796 5.562796 5.562796 5.562796 5.562796 5.562796 5.562796 5.562796 5.562796 5.562796 5.562796 5.562796 5.562796 5.562796 5.562796 5.562796 5.562796 5.562796 5.562796 5.562796 5.562796 5.562796 5.562796 5.562796 5.562796 5.562796 5.562796 5.562796 5.562796 5.562796 5.562796 5.562796 5.562796 5.562796 5.562796 5.562796 5.562796 5.562796 5.562796 5.562796 5.562796 5.562796 5.562796 5.562796 5.562796 5.562796 5.562796 5.562796 5.562796 5.562796 5.562796 5.562796 
5.562796 5.562796 5.562796 5.562796 5.562796 5.562796 5.562796 5.562796 5.562796 5.562796 5.562796 5.562796 5.562796 5.562796 5.562796 5.562796 5.562796 5.562796 5.562796 5.562796 5.562796 5.562796 5.562796 5.562796 5.562796 5.562796 5.562796 5.562796 5.562796 5.562796 5.562796 5.562796 5.562796 5.562796 5.562796 5.562796 5.562796 5.562796 5.562796 5.562796 5.562796 5.562796 5.562796 5.562796 5.562796 5.562796 5.562796 5.562796 5.562796 5.562796 5.562796 5.562796 5.562796 5.562796 5.562796 5.562796 5.562796 5.562796 5.562796 5.562796 5.562796 5.562796 5.562796 5.562796 
5.562796 5.562796 5.562796 5.562796 5.562796 5.562796 5.562796 5.562796 5.562796 5.562796 5.562796 5.562796 5.562796 5.562796 5.562796 5.562796 5.562796 5.562796 5.562796 5.562796 5.562796 5.562796 5.562796 5.562796 5.562796 5.562796 5.562796 5.562796 5.562796 5.562796 5.562796 5.562796 5.562796 5.562796 5.562796 5.562796 5.562796 5.562796 5.562796 5.562796 5.562796 5.562796 5.562796 5.562796 5.562796 5.562796 5.562796 5.562796 5.562796 5.562796 5.562796 5.562796 5.562796 5.562796 5.562796 5.562796 5.562796 5.562796 5.562796 5.562796 5.562796 5.562796 5.562796 5.562796 
5.562796 5.562796 5.562796 5.562796 5.562796 5.562796 5.562796 5.562796 5.562796 5.562796 5.562796 5.562796 5.562796 5.562796 5.562796 5.562796 5.562796 5.562796 5.562796 5.562796 5.562796 5.562796 5.562796 5.562796 5.562796 5.562796 5.562796 5.562796 5.562796 5.562796 5.562796 5.562796 5.562796 5.562796 5.562796 5.562796 5.562796 5.562796 5.562796 5.562796 5.562796 5.562796 5.562796 5.562796 5.562796 5.562796 5.562796 5.562796 5.562796 5.562796 5.562796 5.562796 5.562796 5.562796 5.562796 5.562796 5.562796 5.562796 5.562796 5.562796 5.562796 5.562796 5.562796 5.562796 
5.562796 5.562796 5.562796 5.562796 5.562796 5.562796 5.562796 5.562796 5.562796 5.562796 5.562796 5.562796 5.562796 5.562796 5.562796 5.562796 5.562796 5.562796 5.562796 5.562796 5.562796 5.562796 5.562796 5.562796 5.562796 5.562796 5.562796 5.562796 5.562796 5.562796 5.562796 5.562796 5.562796 5.562796 5.562796 5.562796 5.562796 5.562796 5.562796 5.562796 5.562796 5.562796 5.562796 5.562796 5.562796 5.562796 5.562796 5.562796 5.562796 5.562796 5.562796 5.562796 5.562796 5.562796 5.562796 5.562796 5.562796 5.562796 5.562796 5.562796 5.562796 5.562796 5.562796 5.562796 
5.562796 5.562796 5.562796 5.562796 5.562796 5.562796 5.562796 5.562796 5.562796 5.562796 5.562796 5.562796 5.562796 5.562796 5.562796 5.562796 5.562796 5.562796 5.562796 5.562796 5.562796 5.562796 5.562796 5.562796 5.562796 5.562796 5.562796 5.562796 5.562796 5.562796 5.562796 5.562796 5.562796 5.562796 5.562796 5.562796 5.562796 5.562796 5.562796 5.562796 5.562796 5.562796 5.562796 5.562796 5.562796 5.562796 5.562796 5.562796 5.562796 5.562796 5.562796 5.562796 5.562796 5.562796 5.562796 5.562796 5.562796 5.562796 5.562796 5.562796 5.562796 5.562796 5.562796 5.562796 
5.562796 5.562796 5.562796 5.562796 5.562796 5.562796 5.562796 5.562796 5.562796 5.562796 5.562796 5.562796 5.562796 5.562796 5.562796 5.562796 5.562796 5.562796 5.562796 5.562796 5.562796 5.562796 5.562796 5.562796 5.562796 5.562796 5.562796 5.562796 5.562796 5.562796 5.562796 5.562796 5.562796 5.562796 5.562796 5.562796 5.562796 5.562796 5.562796 5.562796 5.562796 5.562796 5.562796 5.562796 5.562796 5.562796 5.562796 5.562796 5.562796 5.562796 5.562796 5.562796 5.562796 5.562796 5.562796 5.562796 5.562796 5.562796 5.562796 5.562796 5.562796 5.562796 5.562796 5.562796 
5.562796 5.562796 5.562796 5.562796 5.562796 5.562796 5.562796 5.562796 5.562796 5.562796 5.562796 5.562796 5.562796 5.562796 5.562796 5.562796 5.562796 5.562796 5.562796 5.562796 5.562796 5.562796 5.562796 5.562796 5.562796 5.562796 5.562796 5.562796 5.562796 5.562796 5.562796 5.562796 5.562796 5.562796 5.562796 5.562796 5.562796 5.562796 5.562796 5.562796 5.562796 5.562796 5.562796 5.562796 5.562796 5.562796 5.562796 5.562796 5.562796 5.562796 5.562796 5.562796 5.562796 5.562796 5.562796 5.562796 5.562796 5.562796 5.562796 5.562796 5.562796 5.562796 5.562796 5.562796 
5.562796 5.562796 5.562796 5.562796 5.562796 5.562796 5.562796 5.562796 5.562796 5.562796 5.562796 5.562796 5.562796 5.562796 5.562796 5.562796 5.562796 5.562796 5.562796 5.562796 5.562796 5.562796 5.562796 5.562796 5.562796 5.562796 5.562796 5.562796 5.562796 5.562796 5.562796 5.562796 5.562796 5.562796 5.562796 5.562796 5.562796 5.562796 5.562796 5.562796 5.562796 5.562796 5.562796 5.562796 5.562796 5.562796 5.562796 5.562796 5.562796 5.562796 5.562796 5.562796 5.562796 5.562796 5.562796 5.562796 5.562796 5.562796 5.562796 5.562796 5.562796 5.562796 5.562796 5.562796 
5.562796 5.562796 5.562796 5.562796 5.562796 5.562796 5.562796 5.562796 5.562796 5.562796 5.562796 5.562796 5.562796 5.562796 5.562796 5.562796 5.562796 5.562796 5.562796 5.562796 5.562796 5.562796 5.562796 5.562796 5.562796 5.562796 5.562796 5.562796 5.562796 5.562796 5.562796 5.562796 5.562796 5.562796 5.562796 5.562796 5.562796 5.562796 5.562796 5.562796 5.562796 5.562796 5.562796 5.562796 5.562796 5.562796 5.562796 5.562796 5.562796 5.562796 5.562796 5.562796 5.562796 5.562796 5.562796 5.562796 5.562796 5.562796 5.562796 5.562796 5.562796 5.562796 5.562796 5.562796 
5.562796 5.562796 5.562796 5.562796 5.562796 5.562796 5.562796 5.562796 5.562796 5.562796 5.562796 5.562796 5.562796 5.562796 5.562796 5.562796 5.562796 5.562796 5.562796 5.562796 5.562796 5.562796 5.562796 5.562796 5.562796 5.562796 5.562796 5.562796 5.562796 5.562796 5.562796 5.562796 5.562796 5.562796 5.562796 5.562796 5.562796 5.562796 5.562796 5.562796 5.562796 5.562796 5.562796 5.562796 5.562796 5.562796 5.562796 5.562796 5.562796 5.562796 5.562796 5.562796 5.562796 5.562796 5.562796 5.562796 5.562796 5.562796 5.562796 5.562796 5.562796 5.562796 5.562796 5.562796 
5.562796 5.562796 5.562796 5.562796 5.562796 5.562796 5.562796 5.562796 5.562796 5.562796 5.562796 5.562796 5.562796 5.562796 5.562796 5.562796 5.562796 5.562796 5.562796 5.562796 5.562796 5.562796 5.562796 5.562796 5.562796 5.562796 5.562796 5.562796 5.562796 5.562796 5.562796 5.562796 5.562796 5.562796 5.562796 5.562796 5.562796 5.562796 5.562796 5.562796 5.562796 5.562796 5.562796 5.562796 5.562796 5.562796 5.562796 5.562796 5.562796 5.562796 5.562796 5.562796 5.562796 5.562796 5.562796 5.562796 5.562796 5.562796 5.562796 5.562796 5.562796 5.562796 5.562796 5.562796 
5.562796 5.562796 5.562796 5.562796 5.562796 5.562796 5.562796 5.562796 5.562796 5.562796 5.562796 5.562796 5.562796 5.562796 5.562796 5.562796 5.562796 5.562796 5.562796 5.562796 5.562796 5.562796 5.562796 5.562796 5.562796 5.562796 5.562796 5.562796 5.562796 5.562796 5.562796 5.562796 5.562796 5.562796 5.562796 5.562796 5.562796 5.562796 5.562796 5.562796 5.562796 5.562796 5.562796 5.562796 5.562796 5.562796 5.562796 5.562796 5.562796 5.562796 5.562796 5.562796 5.562796 5.562796 5.562796 5.562796 5.562796 5.562796 5.562796 5.562796 5.562796 5.562796 5.562796 5.562796 
5.562796 5.562796 5.562796 5.562796 5.562796 5.562796 5.562796 5.562796 5.562796 5.562796 5.562796 5.562796 5.562796 5.562796 5.562796 5.562796 5.562796 5.562796 5.562796 5.562796 5.562796 5.562796 5.562796 5.562796 5.562796 5.562796 5.562796 5.562796 5.562796 5.562796 5.562796 5.562796 5.562796 5.562796 5.562796 5.562796 5.562796 5.562796 5.562796 5.562796 5.562796 5.562796 5.562796 5.562796 5.562796 5.562796 5.562796 5.562796 5.562796 5.562796 5.562796 5.562796 5.562796 5.562796 5.562796 5.562796 5.562796 5.562796 5.562796 5.562796 5.562796 5.562796 5.562796 5.562796 
5.562796 5.562796 5.562796 5.562796 5.562796 5.562796 5.562796 5.562796 5.562796 5.562796 5.562796 5.562796 5.562796 5.562796 5.562796 5.562796 5.562796 5.562796 5.562796 5.562796 5.562796 5.562796 5.562796 5.562796 5.562796 5.562796 5.562796 5.562796 5.562796 5.562796 5.562796 5.562796 5.562796 5.562796 5.562796 5.562796 5.562796 5.562796 5.562796 5.562796 5.562796 5.562796 5.562796 5.562796 5.562796 5.562796 5.562796 5.562796 5.562796 5.562796 5.562796 5.562796 5.562796 5.562796 5.562796 5.562796 5.562796 5.562796 5.562796 5.562796 5.562796 5.562796 5.562796 5.562796 
5.562796 5.562796 5.562796 5.562796 5.562796 5.562796 5.562796 5.562796 5.562796 5.562796 5.562796 5.562796 5.562796 5.562796 5.562796 5.562796 5.562796 5.562796 5.562796 5.562796 5.562796 5.562796 5.562796 5.562796 5.562796 5.562796 5.562796 5.562796 5.562796 5.562796 5.562796 5.562796 5.562796 5.562796 5.562796 5.562796 5.562796 5.562796 5.562796 5.562796 5.562796 5.562796 5.562796 5.562796 5.562796 5.562796 5.562796 5.562796 5.562796 5.562796 5.562796 5.562796 5.562796 5.562796 5.562796 5.562796 5.562796 5.562796 5.562796 5.562796 5.562796 5.562796 5.562796 5.562796 
5.562796 5.562796 5.562796 5.562796 5.562796 5.562796 5.562796 5.562796 5.562796 5.562796 5.562796 5.562796 5.562796 5.562796 5.562796 5.562796 5.562796 5.562796 5.562796 5.562796 5.562796 5.562796 5.562796 5.562796 5.562796 5.562796 5.562796 5.562796 5.562796 5.562796 5.562796 5.562796 5.562796 5.562796 5.562796 5.562796 5.562796 5.562796 5.562796 5.562796 5.562796 5.562796 5.562796 5.562796 5.562796 5.562796 5.562796 5.562796 5.562796 5.562796 5.562796 5.562796 5.562796 5.562796 5.562796 5.562796 5.562796 5.562796 5.562796 5.562796 5.562796 5.562796 5.562796 5.562796 
5.562796 5.562796 5.562796 5.562796 5.562796 5.562796 5.562796 5.562796 5.562796 5.562796 5.562796 5.562796 5.562796 5.562796 5.562796 5.562796 5.562796 5.562796 5.562796 5.562796 5.562796 5.562796 5.562796 5.562796 5.562796 5.562796 5.562796 5.562796 5.562796 5.562796 5.562796 5.562796 5.562796 5.562796 5.562796 5.562796 5.562796 5.562796 5.562796 5.562796 5.562796 5.562796 5.562796 5.562796 5.562796 5.562796 5.562796 5.562796 5.562796 5.562796 5.562796 5.562796 5.562796 5.562796 5.562796 5.562796 5.562796 5.562796 5.562796 5.562796 5.562796 5.562796 5.562796 5.562796 
5.562796 5.562796 5.562796 5.562796 5.562796 5.562796 5.562796 5.562796 5.562796 5.562796 5.562796 5.562796 5.562796 5.562796 5.562796 5.562796 5.562796 5.562796 5.562796 5.562796 5.562796 5.562796 5.562796 5.562796 5.562796 5.562796 5.562796 5.562796 5.562796 5.562796 5.562796 5.562796 5.562796 5.562796 5.562796 5.562796 5.562796 5.562796 5.562796 5.562796 5.562796 5.562796 5.562796 5.562796 5.562796 5.562796 5.562796 5.562796 5.562796 5.562796 5.562796 5.562796 5.562796 5.562796 5.562796 5.562796 5.562796 5.562796 5.562796 5.562796 5.562796 5.562796 5.562796 5.562796 
5.562796 5.562796 5.562796 5.562796 5.562796 5.562796 5.562796 5.562796 5.562796 5.562796 5.562796 5.562796 5.562796 5.562796 5.562796 5.562796 5.562796 5.562796 5.562796 5.562796 5.562796 5.562796 5.562796 5.562796 5.562796 5.562796 5.562796 5.562796 5.562796 5.562796 5.562796 5.562796 5.562796 5.562796 5.562796 5.562796 5.562796 5.562796 5.562796 5.562796 5.562796 5.562796 5.562796 5.562796 5.562796 5.562796 5.562796 5.562796 5.562796 5.562796 5.562796 5.562796 5.562796 5.562796 5.562796 5.562796 5.562796 5.562796 5.562796 5.562796 5.562796 5.562796 5.562796 5.562796 
5.562796 5.562796 5.562796 5.562796 5.562796 5.562796 5.562796 5.562796 5.562796 5.562796 5.562796 5.562796 5.562796 5.562796 5.562796 5.562796 5.562796 5.562796 5.562796 5.562796 5.562796 5.562796 5.562796 5.562796 5.562796 5.562796 5.562796 5.562796 5.562796 5.562796 5.562796 5.562796 5.562796 5.562796 5.562796 5.562796 5.562796 5.562796 5.562796 5.562796 5.562796 5.562796 5.562796 5.562796 5.562796 5.562796 5.562796 5.562796 5.562796 5.562796 5.562796 5.562796 5.562796 5.562796 5.562796 5.562796 5.562796 5.562796 5.562796 5.562796 5.562796 5.562796 5.562796 5.562796 
5.562796 5.562796 5.562796 5.562796 5.562796 5.562796 5.562796 5.562796 5.562796 5.562796 5.562796 5.562796 5.562796 5.562796 5.562796 5.562796 5.562796 5.562796 5.562796 5.562796 5.562796 5.562796 5.562796 5.562796 5.562796 5.562796 5.562796 5.562796 5.562796 5.562796 5.562796 5.562796 5.562796 5.562796 5.562796 5.562796 5.562796 5.562796 5.562796 5.562796 5.562796 5.562796 5.562796 5.562796 5.562796 5.562796 5.562796 5.562796 5.562796 5.562796 5.562796 5.562796 5.562796 5.562796 5.562796 5.562796 5.562796 5.562796 5.562796 5.562796 5.562796 5.562796 5.562796 5.562796 
5.562796 5.562796 5.562796 5.562796 5.562796 5.562796 5.562796 5.562796 5.562796 5.562796 5.562796 5.562796 5.562796 5.562796 5.562796 5.562796 5.562796 5.562796 5.562796 5.562796 5.562796 5.562796 5.562796 5.562796 5.562796 5.562796 5.562796 5.562796 5.562796 5.562796 5.562796 5.562796 5.562796 5.562796 5.562796 5.562796 5.562796 5.562796 5.562796 5.562796 5.562796 5.562796 5.562796 5.562796 5.562796 5.562796 5.562796 5.562796 5.562796 5.562796 5.562796 5.562796 5.562796 5.562796 5.562796 5.562796 5.562796 5.562796 5.562796 5.562796 5.562796 5.562796 5.562796 5.562796 
5.562796 5.562796 5.562796 5.562796 5.562796 5.562796 5.562796 5.562796 5.562796 5.562796 5.562796 5.562796 5.562796 5.562796 5.562796 5.562796 5.562796 5.562796 5.562796 5.562796 5.562796 5.562796 5.562796 5.562796 5.562796 5.562796 5.562796 5.562796 5.562796 5.562796 5.562796 5.562796 5.562796 5.562796 5.562796 5.562796 5.562796 5.562796 5.562796 5.562796 5.562796 5.562796 5.562796 5.562796 5.562796 5.562796 5.562796 5.562796 5.562796 5.562796 5.562796 5.562796 5.562796 5.562796 5.562796 5.562796 5.562796 5.562796 5.562796 5.562796 5.562796 5.562796 5.562796 5.562796 
5.562796 5.562796 5.562796 5.562796 5.562796 5.562796 5.562796 5.562796 5.562796 5.562796 5.562796 5.562796 5.562796 5.562796 5.562796 5.562796 5.562796 5.562796 5.562796 5.562796 5.562796 5.562796 5.562796 5.562796 5.562796 5.562796 5.562796 5.562796 5.562796 5.562796 5.562796 5.562796 5.562796 5.562796 5.562796 5.562796 5.562796 5.562796 5.562796 5.562796 5.562796 5.562796 5.562796 5.562796 5.562796 5.562796 5.562796 5.562796 5.562796 5.562796 5.562796 5.562796 5.562796 5.562796 5.562796 5.562796 5.562796 5.562796 5.562796 5.562796 5.562796 5.562796 5.562796 5.562796 
5.562796 5.562796 5.562796 5.562796 5.562796 5.562796 5.562796 5.562796 5.562796 5.562796 5.562796 5.562796 5.562796 5.562796 5.562796 5.562796 5.562796 5.562796 5.562796 5.562796 5.562796 5.562796 5.562796 5.562796 5.562796 5.562796 5.562796 5.562796 5.562796 5.562796 5.562796 5.562796 5.562796 5.562796 5.562796 5.562796 5.562796 5.562796 5.562796 5.562796 5.562796 5.562796 5.562796 5.562796 5.562796 5.562796 5.562796 5.562796 5.562796 5.562796 5.562796 5.562796 5.562796 5.562796 5.562796 5.562796 5.562796 5.562796 5.562796 5.562796 5.562796 5.562796 5.562796 5.562796 
5.562796 5.562796 5.562796 5.562796 5.562796 5.562796 5.562796 5.562796 5.562796 5.562796 5.562796 5.562796 5.562796 5.562796 5.562796 5.562796 5.562796 5.562796 5.562796 5.562796 5.562796 5.562796 5.562796 5.562796 5.562796 5.562796 5.562796 5.562796 5.562796 5.562796 5.562796 5.562796 5.562796 5.562796 5.562796 5.562796 5.562796 5.562796 5.562796 5.562796 5.562796 5.562796 5.562796 5.562796 5.562796 5.562796 5.562796 5.562796 5.562796 5.562796 5.562796 5.562796 5.562796 5.562796 5.562796 5.562796 5.562796 5.562796 5.562796 5.562796 5.562796 5.562796 5.562796 5.562796 
5.562796 5.562796 5.562796 5.562796 5.562796 5.562796 5.562796 5.562796 5.562796 5.562796 5.562796 5.562796 5.562796 5.562796 5.562796 5.562796 5.562796 5.562796 5.562796 5.562796 5.562796 5.562796 5.562796 5.562796 5.562796 5.562796 5.562796 5.562796 5.562796 5.562796 5.562796 5.562796 5.562796 5.562796 5.562796 5.562796 5.562796 5.562796 5.562796 5.562796 5.562796 5.562796 5.562796 5.562796 5.562796 5.562796 5.562796 5.562796 5.562796 5.562796 5.562796 5.562796 5.562796 5.562796 5.562796 5.562796 5.562796 5.562796 5.562796 5.562796 5.562796 5.562796 5.562796 5.562796 
5.562796 5.562796 5.562796 5.562796 5.562796 5.562796 5.562796 5.562796 5.562796 5.562796 5.562796 5.562796 5.562796 5.562796 5.562796 5.562796 5.562796 5.562796 5.562796 5.562796 5.562796 5.562796 5.562796 5.562796 5.562796 5.562796 5.562796 5.562796 5.562796 5.562796 5.562796 5.562796 5.562796 5.562796 5.562796 5.562796 5.562796 5.562796 5.562796 5.562796 5.562796 5.562796 5.562796 5.562796 5.562796 5.562796 5.562796 5.562796 5.562796 5.562796 5.562796 5.562796 5.562796 5.562796 5.562796 5.562796 5.562796 5.562796 5.562796 5.562796 5.562796 5.562796 5.562796 5.562796 
5.562796 5.562796 5.562796 5.562796 5.562796 5.562796 5.562796 5.562796 5.562796 5.562796 5.562796 5.562796 5.562796 5.562796 5.562796 5.562796 5.562796 5.562796 5.562796 5.562796 5.562796 5.562796 5.562796 5.562796 5.562796 5.562796 5.562796 5.562796 5.562796 5.562796 5.562796 5.562796 5.562796 5.562796 5.562796 5.562796 5.562796 5.562796 5.562796 5.562796 5.562796 5.562796 5.562796 5.562796 5.562796 5.562796 5.562796 5.562796 5.562796 5.562796 5.562796 5.562796 5.562796 5.562796 5.562796 5.562796 5.562796 5.562796 5.562796 5.562796 5.562796 5.562796 5.562796 5.562796 
5.562796 5.562796 5.562796 5.562796 5.562796 5.562796 5.562796 5.562796 5.562796 5.562796 5.562796 5.562796 5.562796 5.562796 5.562796 5.562796 5.562796 5.562796 5.562796 5.562796 5.562796 5.562796 5.562796 5.562796 5.562796 5.562796 5.562796 5.562796 5.562796 5.562796 5.562796 5.562796 5.562796 5.562796 5.562796 5.562796 5.562796 5.562796 5.562796 5.562796 5.562796 5.562796 5.562796 5.562796 5.562796 5.562796 5.562796 5.562796 5.562796 5.562796 5.562796 5.562796 5.562796 5.562796 5.562796 5.562796 5.562796 5.562796 5.562796 5.562796 5.562796 5.562796 5.562796 5.562796 
5.562796 5.562796 5.562796 5.562796 5.562796 5.562796 5.562796 5.562796 5.562796 5.562796 5.562796 5.562796 5.562796 5.562796 5.562796 5.562796 5.562796 5.562796 5.562796 5.562796 5.562796 5.562796 5.562796 5.562796 5.562796 5.562796 5.562796 5.562796 5.562796 5.562796 5.562796 5.562796 5.562796 5.562796 5.562796 5.562796 5.562796 5.562796 5.562796 5.562796 5.562796 5.562796 5.562796 5.562796 5.562796 5.562796 5.562796 5.562796 5.562796 5.562796 5.562796 5.562796 5.562796 5.562796 5.562796 5.562796 5.562796 5.562796 5.562796 5.562796 5.562796 5.562796 5.562796 5.562796 
5.562796 5.562796 5.562796 5.562796 5.562796 5.562796 5.562796 5.562796 5.562796 5.562796 5.562796 5.562796 5.562796 5.562796 5.562796 5.562796 5.562796 5.562796 5.562796 5.562796 5.562796 5.562796 5.562796 5.562796 5.562796 5.562796 5.562796 5.562796 5.562796 5.562796 5.562796 5.562796 5.562796 5.562796 5.562796 5.562796 5.562796 5.562796 5.562796 5.562796 5.562796 5.562796 5.562796 5.562796 5.562796 5.562796 5.562796 5.562796 5.562796 5.562796 5.562796 5.562796 5.562796 5.562796 5.562796 5.562796 5.562796 5.562796 5.562796 5.562796 5.562796 5.562796 5.562796 5.562796 
5.562796 5.562796 5.562796 5.562796 5.562796 5.562796 5.562796 5.562796 5.562796 5.562796 5.562796 5.562796 5.562796 5.562796 5.562796 5.562796 5.562796 5.562796 5.562796 5.562796 5.562796 5.562796 5.562796 5.562796 5.562796 5.562796 5.562796 5.562796 5.562796 5.562796 5.562796 5.562796 5.562796 5.562796 5.562796 5.562796 5.562796 5.562796 5.562796 5.562796 5.562796 5.562796 5.562796 5.562796 5.562796 5.562796 5.562796 5.562796 5.562796 5.562796 5.562796 5.562796 5.562796 5.562796 5.562796 5.562796 5.562796 5.562796 5.562796 5.562796 5.562796 5.562796 5.562796 5.562796 
5.562796 5.562796 5.562796 5.562796 5.562796 5.562796 5.562796 5.562796 5.562796 5.562796 5.562796 5.562796 5.562796 5.562796 5.562796 5.562796 5.562796 5.562796 5.562796 5.562796 5.562796 5.562796 5.562796 5.562796 5.562796 5.562796 5.562796 5.562796 5.562796 5.562796 5.562796 5.562796 5.562796 5.562796 5.562796 5.562796 5.562796 5.562796 5.562796 5.562796 5.562796 5.562796 5.562796 5.562796 5.562796 5.562796 5.562796 5.562796 5.562796 5.562796 5.562796 5.562796 5.562796 5.562796 5.562796 5.562796 5.562796 5.562796 5.562796 5.562796 5.562796 5.562796 5.562796 5.562796 
5.562796 5.562796 5.562796 5.562796 5.562796 5.562796 5.562796 5.562796 5.562796 5.562796 5.562796 5.562796 5.562796 5.562796 5.562796 5.562796 5.562796 5.562796 5.562796 5.562796 5.562796 5.562796 5.562796 5.562796 5.562796 5.562796 5.562796 5.562796 5.562796 5.562796 5.562796 5.562796 5.562796 5.562796 5.562796 5.562796 5.562796 5.562796 5.562796 5.562796 5.562796 5.562796 5.562796 5.562796 5.562796 5.562796 5.562796 5.562796 5.562796 5.562796 5.562796 5.562796 5.562796 5.562796 5.562796 5.562796 5.562796 5.562796 5.562796 5.562796 5.562796 5.562796 5.562796 5.562796 
5.562796 5.562796 5.562796 5.562796 5.562796 5.562796 5.562796 5.562796 5.562796 5.562796 5.562796 5.562796 5.562796 5.562796 5.562796 5.562796 5.562796 5.562796 5.562796 5.562796 5.562796 5.562796 5.562796 5.562796 5.562796 5.562796 5.562796 5.562796 5.562796 5.562796 5.562796 5.562796 5.562796 5.562796 5.562796 5.562796 5.562796 5.562796 5.562796 5.562796 5.562796 5.562796 5.562796 5.562796 5.562796 5.562796 5.562796 5.562796 5.562796 5.562796 5.562796 5.562796 5.562796 5.562796 5.562796 5.562796 5.562796 5.562796 5.562796 5.562796 5.562796 5.562796 5.562796 5.562796 
5.562796 5.562796 5.562796 5.562796 5.562796 5.562796 5.562796 5.562796 5.562796 5.562796 5.562796 5.562796 5.562796 5.562796 5.562796 5.562796 5.562796 5.562796 5.562796 5.562796 5.562796 5.562796 5.562796 5.562796 5.562796 5.562796 5.562796 5.562796 5.562796 5.562796 5.562796 5.562796 5.562796 5.562796 5.562796 5.562796 5.562796 5.562796 5.562796 5.562796 5.562796 5.562796 5.562796 5.562796 5.562796 5.562796 5.562796 5.562796 5.562796 5.562796 5.562796 5.562796 5.562796 5.562796 5.562796 5.562796 5.562796 5.562796 5.562796 5.562796 5.562796 5.562796 5.562796 5.562796 
5.562796 5.562796 5.562796 5.562796 5.562796 5.562796 5.562796 5.562796 5.562796 5.562796 5.562796 5.562796 5.562796 5.562796 5.562796 5.562796 5.562796 5.562796 5.562796 5.562796 5.562796 5.562796 5.562796 5.562796 5.562796 5.562796 5.562796 5.562796 5.562796 5.562796 5.562796 5.562796 5.562796 5.562796 5.562796 5.562796 5.562796 5.562796 5.562796 5.562796 5.562796 5.562796 5.562796 5.562796 5.562796 5.562796 5.562796 5.562796 5.562796 5.562796 5.562796 5.562796 5.562796 5.562796 5.562796 5.562796 5.562796 5.562796 5.562796 5.562796 5.562796 5.562796 5.562796 5.562796 
5.562796 5.562796 5.562796 5.562796 5.562796 5.562796 5.562796 5.562796 5.562796 5.562796 5.562796 5.562796 5.562796 5.562796 5.562796 5.562796 5.562796 5.562796 5.562796 5.562796 5.562796 5.562796 5.562796 5.562796 5.562796 5.562796 5.562796 5.562796 5.562796 5.562796 5.562796 5.562796 5.562796 5.562796 5.562796 5.562796 5.562796 5.562796 5.562796 5.562796 5.562796 5.562796 5.562796 5.562796 5.562796 5.562796 5.562796 5.562796 5.562796 5.562796 5.562796 5.562796 5.562796 5.562796 5.562796 5.562796 5.562796 5.562796 5.562796 5.562796 5.562796 5.562796 5.562796 5.562796 
5.562796 5.562796 5.562796 5.562796 5.562796 5.562796 5.562796 5.562796 5.562796 5.562796 5.562796 5.562796 5.562796 5.562796 5.562796 5.562796 5.562796 5.562796 5.562796 5.562796 5.562796 5.562796 5.562796 5.562796 5.562796 5.562796 5.562796 5.562796 5.562796 5.562796 5.562796 5.562796 5.562796 5.562796 5.562796 5.562796 5.562796 5.562796 5.562796 5.562796 5.562796 5.562796 5.562796 5.562796 5.562796 5.562796 5.562796 5.562796 5.562796 5.562796 5.562796 5.562796 5.562796 5.562796 5.562796 5.562796 5.562796 5.562796 5.562796 5.562796 5.562796 5.562796 5.562796 5.562796 
5.562796 5.562796 5.562796 5.562796 5.562796 5.562796 5.562796 5.562796 5.562796 5.562796 5.562796 5.562796 5.562796 5.562796 5.562796 5.562796 5.562796 5.562796 5.562796 5.562796 5.562796 5.562796 5.562796 5.562796 5.562796 5.562796 5.562796 5.562796 5.562796 5.562796 5.562796 5.562796 5.562796 5.562796 5.562796 5.562796 5.562796 5.562796 5.562796 5.562796 5.562796 5.562796 5.562796 5.562796 5.562796 5.562796 5.562796 5.562796 5.562796 5.562796 5.562796 5.562796 5.562796 5.562796 5.562796 5.562796 5.562796 5.562796 5.562796 5.562796 5.562796 5.562796 5.562796 5.562796 
5.562796 5.562796 5.562796 5.562796 5.562796 5.562796 5.562796 5.562796 5.562796 5.562796 5.562796 5.562796 5.562796 5.562796 5.562796 5.562796 5.562796 5.562796 5.562796 5.562796 5.562796 5.562796 5.562796 5.562796 5.562796 5.562796 5.562796 5.562796 5.562796 5.562796 5.562796 5.562796 5.562796 5.562796 5.562796 5.562796 5.562796 5.562796 5.562796 5.562796 5.562796 5.562796 5.562796 5.562796 5.562796 5.562796 5.562796 5.562796 5.562796 5.562796 5.562796 5.562796 5.562796 5.562796 5.562796 5.562796 5.562796 5.562796 5.562796 5.562796 5.562796 5.562796 5.562796 5.562796 
5.562796 5.562796 5.562796 5.562796 5.562796 5.562796 5.562796 5.562796 5.562796 5.562796 5.562796 5.562796 5.562796 5.562796 5.562796 5.562796 5.562796 5.562796 5.562796 5.562796 5.562796 5.562796 5.562796 5.562796 5.562796 5.562796 5.562796 5.562796 5.562796 5.562796 5.562796 5.562796 5.562796 5.562796 5.562796 5.562796 5.562796 5.562796 5.562796 5.562796 5.562796 5.562796 5.562796 5.562796 5.562796 5.562796 5.562796 5.562796 5.562796 5.562796 5.562796 5.562796 5.562796 5.562796 5.562796 5.562796 5.562796 5.562796 5.562796 5.562796 5.562796 5.562796 5.562796 5.562796 
