4.957759 4.957759 4.957759 4.957759 4.957759 4.957759 4.957759 4.957759 4.957759 4.957759 4.957759 4.957759 4.957759 4.957759 4.957759 4.957759 4.957759 4.957759 4.957759 4.957759 4.957759 4.957759 4.957759 4.957759 4.957759 4.957759 4.957759 4.957759 4.957759 4.957759 4.957759 4.957759 4.957759 4.957759 4.957759 4.957759 4.957759 4.957759 4.957759 4.957759 4.957759 4.957759 4.957759 4.957759 4.957759 4.957759 4.957759 4.957759 4.957759 4.957759 4.957759 4.957759 4.957759 4.957759 4.957759 4.957759 4.957759 4.957759 4.957759 4.957759 4.957759 4.957759 4.957759 4.957759 
4.957759 4.957759 4.957759 4.957759 4.957759 4.957759 4.957759 4.957759 4.957759 4.957759 4.957759 4.957759 4.957759 4.957759 4.957759 4.957759 4.957759 4.957759 4.957759 4.957759 4.957759 4.957759 4.957759 4.957759 4.957759 4.957759 4.957759 4.957759 4.957759 4.957759 4.957759 4.957759 4.957759 4.957759 4.957759 4.957759 4.957759 4.957759 4.957759 4.957759 4.957759 4.957759 4.957759 4.957759 4.957759 4.957759 4.957759 4.957759 4.957759 4.957759 4.957759 4.957759 4.957759 4.957759 4.957759 4.957759 4.957759 4.957759 4.957759 4.957759 4.957759 4.957759 4.957759 4.957759 
4.957759 4.957759 4.957759 4.957759 4.957759 4.957759 4.957759 4.957759 4.957759 4.957759 4.957759 4.957759 4.957759 4.957759 4.957759 4.957759 4.957759 4.957759 4.957759 4.957759 4.957759 4.957759 4.957759 4.957759 4.957759 4.957759 4.957759 4.957759 4.957759 4.957759 4.957759 4.957759 4.957759 4.957759 4.957759 4.957759 4.957759 4.957759 4.957759 4.957759 4.957759 4.957759 4.957759 4.957759 4.957759 4.957759 4.957759 4.957759 4.957759 4.957759 4.957759 4.957759 4.957759 4.957759 4.957759 4.957759 4.957759 4.957759 4.957759 4.957759 4.957759 4.957759 4.957759 4.957759 
4.957759 4.957759 4.957759 4.957759 4.957759 4.957759 4.957759 4.957759 4.957759 4.957759 4.957759 4.957759 4.957759 4.957759 4.957759 4.957759 4.957759 4.957759 4.957759 4.957759 4.957759 4.957759 4.957759 4.957759 4.957759 4.957759 4.957759 4.957759 4.957759 4.957759 4.957759 4.957759 4.957759 4.957759 4.957759 4.957759 4.957759 4.957759 4.957759 4.957759 4.957759 4.957759 4.957759 4.957759 4.957759 4.957759 4.957759 4.957759 4.957759 4.957759 4.957759 4.957759 4.957759 4.957759 4.957759 4.957759 4.957759 4.957759 4.957759 4.957759 4.957759 4.957759 4.957759 4.957759 
4.957759 4.957759 4.957759 4.957759 4.957759 4.957759 4.957759 4.957759 4.957759 4.957759 4.957759 4.957759 4.957759 4.957759 4.957759 4.957759 4.957759 4.957759 4.957759 4.957759 4.957759 4.957759 4.957759 4.957759 4.957759 4.957759 4.957759 4.957759 4.957759 4.957759 4.957759 4.957759 4.957759 4.957759 4.957759 4.957759 4.957759 4.957759 4.957759 4.957759 4.957759 4.957759 4.957759 4.957759 4.957759 4.957759 4.957759 4.957759 4.957759 4.957759 4.957759 4.957759 4.957759 4.957759 4.957759 4.957759 4.957759 4.957759 4.957759 4.957759 4.957759 4.957759 4.957759 4.957759 
4.957759 4.957759 4.957759 4.957759 4.957759 4.957759 4.957759 4.957759 4.957759 4.957759 4.957759 4.957759 4.957759 4.957759 4.957759 4.957759 4.957759 4.957759 4.957759 4.957759 4.957759 4.957759 4.957759 4.957759 4.957759 4.957759 4.957759 4.957759 4.957759 4.957759 4.957759 4.957759 4.957759 4.957759 4.957759 4.957759 4.957759 4.957759 4.957759 4.957759 4.957759 4.957759 4.957759 4.957759 4.957759 4.957759 4.957759 4.957759 4.957759 4.957759 4.957759 4.957759 4.957759 4.957759 4.957759 4.957759 4.957759 4.957759 4.957759 4.957759 4.957759 4.957759 4.957759 4.957759 
4.957759 4.957759 4.957759 4.957759 4.957759 4.957759 4.957759 4.957759 4.957759 4.957759 4.957759 4.957759 4.957759 4.957759 4.957759 4.957759 4.957759 4.957759 4.957759 4.957759 4.957759 4.957759 4.957759 4.957759 4.957759 4.957759 4.957759 4.957759 4.957759 4.957759 4.957759 4.957759 4.957759 4.957759 4.957759 4.957759 4.957759 4.957759 4.957759 4.957759 4.957759 4.957759 4.957759 4.957759 4.957759 4.957759 4.957759 4.957759 4.957759 4.957759 4.957759 4.957759 4.957759 4.957759 4.957759 4.957759 4.957759 4.957759 4.957759 4.957759 4.957759 4.957759 4.957759 4.957759 
4.957759 4.957759 4.957759 4.957759 4.957759 4.957759 4.957759 4.957759 4.957759 4.957759 4.957759 4.957759 4.957759 4.957759 4.957759 4.957759 4.957759 4.957759 4.957759 4.957759 4.957759 4.957759 4.957759 4.957759 4.957759 4.957759 4.957759 4.957759 4.957759 4.957759 4.957759 4.957759 4.957759 4.957759 4.957759 4.957759 4.957759 4.957759 4.957759 4.957759 4.957759 4.957759 4.957759 4.957759 4.957759 4.957759 4.957759 4.957759 4.957759 4.957759 4.957759 4.957759 4.957759 4.957759 4.957759 4.957759 4.957759 4.957759 4.957759 4.957759 4.957759 4.957759 4.957759 4.957759 
4.957759 4.957759 4.957759 4.957759 4.957759 4.957759 4.957759 4.957759 4.957759 4.957759 4.957759 4.957759 4.957759 4.957759 4.957759 4.957759 4.957759 4.957759 4.957759 4.957759 4.957759 4.957759 4.957759 4.957759 4.957759 4.957759 4.957759 4.957759 4.957759 4.957759 4.957759 4.957759 4.957759 4.957759 4.957759 4.957759 4.957759 4.957759 4.957759 4.957759 4.957759 4.957759 4.957759 4.957759 4.957759 4.957759 4.957759 4.957759 4.957759 4.957759 4.957759 4.957759 4.957759 4.957759 4.957759 4.957759 4.957759 4.957759 4.957759 4.957759 4.957759 4.957759 4.957759 4.957759 
4.957759 4.957759 4.957759 4.957759 4.957759 4.957759 4.957759 4.957759 4.957759 4.957759 4.957759 4.957759 4.957759 4.957759 4.957759 4.957759 4.957759 4.957759 4.957759 4.957759 4.957759 4.957759 4.957759 4.957759 4.957759 4.957759 4.957759 4.957759 4.957759 4.957759 4.957759 4.957759 4.957759 4.957759 4.957759 4.957759 4.957759 4.957759 4.957759 4.957759 4.957759 4.957759 4.957759 4.957759 4.957759 4.957759 4.957759 4.957759 4.957759 4.957759 4.957759 4.957759 4.957759 4.957759 4.957759 4.957759 4.957759 4.957759 4.957759 4.957759 4.957759 4.957759 4.957759 4.957759 
4.957759 4.957759 4.957759 4.957759 4.957759 4.957759 4.957759 4.957759 4.957759 4.957759 4.957759 4.957759 4.957759 4.957759 4.957759 4.957759 4.957759 4.957759 4.957759 4.957759 4.957759 4.957759 4.957759 4.957759 4.957759 4.957759 4.957759 4.957759 4.957759 4.957759 4.957759 4.957759 4.957759 4.957759 4.957759 4.957759 4.957759 4.957759 4.957759 4.957759 4.957759 4.957759 4.957759 4.957759 4.957759 4.957759 4.957759 4.957759 4.957759 4.957759 4.957759 4.957759 4.957759 4.957759 4.957759 4.957759 4.957759 4.957759 4.957759 4.957759 4.957759 4.957759 4.957759 4.957759 
4.957759 4.957759 4.957759 4.957759 4.957759 4.957759 4.957759 4.957759 4.957759 4.957759 4.957759 4.957759 4.957759 4.957759 4.957759 4.957759 4.957759 4.957759 4.957759 4.957759 4.957759 4.957759 4.957759 4.957759 4.957759 4.957759 4.957759 4.957759 4.957759 4.957759 4.957759 4.957759 4.957759 4.957759 4.957759 4.957759 4.957759 4.957759 4.957759 4.957759 4.957759 4.957759 4.957759 4.957759 4.957759 4.957759 4.957759 4.957759 4.957759 4.957759 4.957759 4.957759 4.957759 4.957759 4.957759 4.957759 4.957759 4.957759 4.957759 4.957759 4.957759 4.957759 4.957759 4.957759 
4.957759 4.957759 4.957759 4.957759 4.957759 4.957759 4.957759 4.957759 4.957759 4.957759 4.957759 4.957759 4.957759 4.957759 4.957759 4.957759 4.957759 4.957759 4.957759 4.957759 4.957759 4.957759 4.957759 4.957759 4.957759 4.957759 4.957759 4.957759 4.957759 4.957759 4.957759 4.957759 4.957759 4.957759 4.957759 4.957759 4.957759 4.957759 4.957759 4.957759 4.957759 4.957759 4.957759 4.957759 4.957759 4.957759 4.957759 4.957759 4.957759 4.957759 4.957759 4.957759 4.957759 4.957759 4.957759 4.957759 4.957759 4.957759 4.957759 4.957759 4.957759 4.957759 4.957759 4.957759 
4.957759 4.957759 4.957759 4.957759 4.957759 4.957759 4.957759 4.957759 4.957759 4.957759 4.957759 4.957759 4.957759 4.957759 4.957759 4.957759 4.957759 4.957759 4.957759 4.957759 4.957759 4.957759 4.957759 4.957759 4.957759 4.957759 4.957759 4.957759 4.957759 4.957759 4.957759 4.957759 4.957759 4.957759 4.957759 4.957759 4.957759 4.957759 4.957759 4.957759 4.957759 4.957759 4.957759 4.957759 4.957759 4.957759 4.957759 4.957759 4.957759 4.957759 4.957759 4.957759 4.957759 4.957759 4.957759 4.957759 4.957759 4.957759 4.957759 4.957759 4.957759 4.957759 4.957759 4.957759 
4.957759 4.957759 4.957759 4.957759 4.957759 4.957759 4.957759 4.957759 4.957759 4.957759 4.957759 4.957759 4.957759 4.957759 4.957759 4.957759 4.957759 4.957759 4.957759 4.957759 4.957759 4.957759 4.957759 4.957759 4.957759 4.957759 4.957759 4.957759 4.957759 4.957759 4.957759 4.957759 4.957759 4.957759 4.957759 4.957759 4.957759 4.957759 4.957759 4.957759 4.957759 4.957759 4.957759 4.957759 4.957759 4.957759 4.957759 4.957759 4.957759 4.957759 4.957759 4.957759 4.957759 4.957759 4.957759 4.957759 4.957759 4.957759 4.957759 4.957759 4.957759 4.957759 4.957759 4.957759 
4.957759 4.957759 4.957759 4.957759 4.957759 4.957759 4.957759 4.957759 4.957759 4.957759 4.957759 4.957759 4.957759 4.957759 4.957759 4.957759 4.957759 4.957759 4.957759 4.957759 4.957759 4.957759 4.957759 4.957759 4.957759 4.957759 4.957759 4.957759 4.957759 4.957759 4.957759 4.957759 4.957759 4.957759 4.957759 4.957759 4.957759 4.957759 4.957759 4.957759 4.957759 4.957759 4.957759 4.957759 4.957759 4.957759 4.957759 4.957759 4.957759 4.957759 4.957759 4.957759 4.957759 4.957759 4.957759 4.957759 4.957759 4.957759 4.957759 4.957759 4.957759 4.957759 4.957759 4.957759 
4.957759 4.957759 4.957759 4.957759 4.957759 4.957759 4.957759 4.957759 4.957759 4.957759 4.957759 4.957759 4.957759 4.957759 4.957759 4.957759 4.957759 4.957759 4.957759 4.957759 4.957759 4.957759 4.957759 4.957759 4.957759 4.957759 4.957759 4.957759 4.957759 4.957759 4.957759 4.957759 4.957759 4.957759 4.957759 4.957759 4.957759 4.957759 4.957759 4.957759 4.957759 4.957759 4.957759 4.957759 4.957759 4.957759 4.957759 4.957759 4.957759 4.957759 4.957759 4.957759 4.957759 4.957759 4.957759 4.957759 4.957759 4.957759 4.957759 4.957759 4.957759 4.957759 4.957759 4.957759 
4.957759 4.957759 4.957759 4.957759 4.957759 4.957759 4.957759 4.957759 4.957759 4.957759 4.957759 4.957759 4.957759 4.957759 4.957759 4.957759 4.957759 4.957759 4.957759 4.957759 4.957759 4.957759 4.957759 4.957759 4.957759 4.957759 4.957759 4.957759 4.957759 4.957759 4.957759 4.957759 4.957759 4.957759 4.957759 4.957759 4.957759 4.957759 4.957759 4.957759 4.957759 4.957759 4.957759 4.957759 4.957759 4.957759 4.957759 4.957759 4.957759 4.957759 4.957759 4.957759 4.957759 4.957759 4.957759 4.957759 4.957759 4.957759 4.957759 4.957759 4.957759 4.957759 4.957759 4.957759 
4.957759 4.957759 4.957759 4.957759 4.957759 4.957759 4.957759 4.957759 4.957759 4.957759 4.957759 4.957759 4.957759 4.957759 4.957759 4.957759 4.957759 4.957759 4.957759 4.957759 4.957759 4.957759 4.957759 4.957759 4.957759 4.957759 4.957759 4.957759 4.957759 4.957759 4.957759 4.957759 4.957759 4.957759 4.957759 4.957759 4.957759 4.957759 4.957759 4.957759 4.957759 4.957759 4.957759 4.957759 4.957759 4.957759 4.957759 4.957759 4.957759 4.957759 4.957759 4.957759 4.957759 4.957759 4.957759 4.957759 4.957759 4.957759 4.957759 4.957759 4.957759 4.957759 4.957759 4.957759 
4.957759 4.957759 4.957759 4.957759 4.957759 4.957759 4.957759 4.957759 4.957759 4.957759 4.957759 4.957759 4.957759 4.957759 4.957759 4.957759 4.957759 4.957759 4.957759 4.957759 4.957759 4.957759 4.957759 4.957759 4.957759 4.957759 4.957759 4.957759 4.957759 4.957759 4.957759 4.957759 4.957759 4.957759 4.957759 4.957759 4.957759 4.957759 4.957759 4.957759 4.957759 4.957759 4.957759 4.957759 4.957759 4.957759 4.957759 4.957759 4.957759 4.957759 4.957759 4.957759 4.957759 4.957759 4.957759 4.957759 4.957759 4.957759 4.957759 4.957759 4.957759 4.957759 4.957759 4.957759 
4.957759 4.957759 4.957759 4.957759 4.957759 4.957759 4.957759 4.957759 4.957759 4.957759 4.957759 4.957759 4.957759 4.957759 4.957759 4.957759 4.957759 4.957759 4.957759 4.957759 4.957759 4.957759 4.957759 4.957759 4.957759 4.957759 4.957759 4.957759 4.957759 4.957759 4.957759 4.957759 4.957759 4.957759 4.957759 4.957759 4.957759 4.957759 4.957759 4.957759 4.957759 4.957759 4.957759 4.957759 4.957759 4.957759 4.957759 4.957759 4.957759 4.957759 4.957759 4.957759 4.957759 4.957759 4.957759 4.957759 4.957759 4.957759 4.957759 4.957759 4.957759 4.957759 4.957759 4.957759 
4.957759 4.957759 4.957759 4.957759 4.957759 4.957759 4.957759 4.957759 4.957759 4.957759 4.957759 4.957759 4.957759 4.957759 4.957759 4.957759 4.957759 4.957759 4.957759 4.957759 4.957759 4.957759 4.957759 4.957759 4.957759 4.957759 4.957759 4.957759 4.957759 4.957759 4.957759 4.957759 4.957759 4.957759 4.957759 4.957759 4.957759 4.957759 4.957759 4.957759 4.957759 4.957759 4.957759 4.957759 4.957759 4.957759 4.957759 4.957759 4.957759 4.957759 4.957759 4.957759 4.957759 4.957759 4.957759 4.957759 4.957759 4.957759 4.957759 4.957759 4.957759 4.957759 4.957759 4.957759 
4.957759 4.957759 4.957759 4.957759 4.957759 4.957759 4.957759 4.957759 4.957759 4.957759 4.957759 4.957759 4.957759 4.957759 4.957759 4.957759 4.957759 4.957759 4.957759 4.957759 4.957759 4.957759 4.957759 4.957759 4.957759 4.957759 4.957759 4.957759 4.957759 4.957759 4.957759 4.957759 4.957759 4.957759 4.957759 4.957759 4.957759 4.957759 4.957759 4.957759 4.957759 4.957759 4.957759 4.957759 4.957759 4.957759 4.957759 4.957759 4.957759 4.957759 4.957759 4.957759 4.957759 4.957759 4.957759 4.957759 4.957759 4.957759 4.957759 4.957759 4.957759 4.957759 4.957759 4.957759 
4.957759 4.957759 4.957759 4.957759 4.957759 4.957759 4.957759 4.957759 4.957759 4.957759 4.957759 4.957759 4.957759 4.957759 4.957759 4.957759 4.957759 4.957759 4.957759 4.957759 4.957759 4.957759 4.957759 4.957759 4.957759 4.957759 4.957759 4.957759 4.957759 4.957759 4.957759 4.957759 4.957759 4.957759 4.957759 4.957759 4.957759 4.957759 4.957759 4.957759 4.957759 4.957759 4.957759 4.957759 4.957759 4.957759 4.957759 4.957759 4.957759 4.957759 4.957759 4.957759 4.957759 4.957759 4.957759 4.957759 4.957759 4.957759 4.957759 4.957759 4.957759 4.957759 4.957759 4.957759 
4.957759 4.957759 4.957759 4.957759 4.957759 4.957759 4.957759 4.957759 4.957759 4.957759 4.957759 4.957759 4.957759 4.957759 4.957759 4.957759 4.957759 4.957759 4.957759 4.957759 4.957759 4.957759 4.957759 4.957759 4.957759 4.957759 4.957759 4.957759 4.957759 4.957759 4.957759 4.957759 4.957759 4.957759 4.957759 4.957759 4.957759 4.957759 4.957759 4.957759 4.957759 4.957759 4.957759 4.957759 4.957759 4.957759 4.957759 4.957759 4.957759 4.957759 4.957759 4.957759 4.957759 4.957759 4.957759 4.957759 4.957759 4.957759 4.957759 4.957759 4.957759 4.957759 4.957759 4.957759 
4.957759 4.957759 4.957759 4.957759 4.957759 4.957759 4.957759 4.957759 4.957759 4.957759 4.957759 4.957759 4.957759 4.957759 4.957759 4.957759 4.957759 4.957759 4.957759 4.957759 4.957759 4.957759 4.957759 4.957759 4.957759 4.957759 4.957759 4.957759 4.957759 4.957759 4.957759 4.957759 4.957759 4.957759 4.957759 4.957759 4.957759 4.957759 4.957759 4.957759 4.957759 4.957759 4.957759 4.957759 4.957759 4.957759 4.957759 4.957759 4.957759 4.957759 4.957759 4.957759 4.957759 4.957759 4.957759 4.957759 4.957759 4.957759 4.957759 4.957759 4.957759 4.957759 4.957759 4.957759 
4.957759 4.957759 4.957759 4.957759 4.957759 4.957759 4.957759 4.957759 4.957759 4.957759 4.957759 4.957759 4.957759 4.957759 4.957759 4.957759 4.957759 4.957759 4.957759 4.957759 4.957759 4.957759 4.957759 4.957759 4.957759 4.957759 4.957759 4.957759 4.957759 4.957759 4.957759 4.957759 4.957759 4.957759 4.957759 4.957759 4.957759 4.957759 4.957759 4.957759 4.957759 4.957759 4.957759 4.957759 4.957759 4.957759 4.957759 4.957759 4.957759 4.957759 4.957759 4.957759 4.957759 4.957759 4.957759 4.957759 4.957759 4.957759 4.957759 4.957759 4.957759 4.957759 4.957759 4.957759 
4.957759 4.957759 4.957759 4.957759 4.957759 4.957759 4.957759 4.957759 4.957759 4.957759 4.957759 4.957759 4.957759 4.957759 4.957759 4.957759 4.957759 4.957759 4.957759 4.957759 4.957759 4.957759 4.957759 4.957759 4.957759 4.957759 4.957759 4.957759 4.957759 4.957759 4.957759 4.957759 4.957759 4.957759 4.957759 4.957759 4.957759 4.957759 4.957759 4.957759 4.957759 4.957759 4.957759 4.957759 4.957759 4.957759 4.957759 4.957759 4.957759 4.957759 4.957759 4.957759 4.957759 4.957759 4.957759 4.957759 4.957759 4.957759 4.957759 4.957759 4.957759 4.957759 4.957759 4.957759 
4.957759 4.957759 4.957759 4.957759 4.957759 4.957759 4.957759 4.957759 4.957759 4.957759 4.957759 4.957759 4.957759 4.957759 4.957759 4.957759 4.957759 4.957759 4.957759 4.957759 4.957759 4.957759 4.957759 4.957759 4.957759 4.957759 4.957759 4.957759 4.957759 4.957759 4.957759 4.957759 4.957759 4.957759 4.957759 4.957759 4.957759 4.957759 4.957759 4.957759 4.957759 4.957759 4.957759 4.957759 4.957759 4.957759 4.957759 4.957759 4.957759 4.957759 4.957759 4.957759 4.957759 4.957759 4.957759 4.957759 4.957759 4.957759 4.957759 4.957759 4.957759 4.957759 4.957759 4.957759 
4.957759 4.957759 4.957759 4.957759 4.957759 4.957759 4.957759 4.957759 4.957759 4.957759 4.957759 4.957759 4.957759 4.957759 4.957759 4.957759 4.957759 4.957759 4.957759 4.957759 4.957759 4.957759 4.957759 4.957759 4.957759 4.957759 4.957759 4.957759 4.957759 4.957759 4.957759 4.957759 4.957759 4.957759 4.957759 4.957759 4.957759 4.957759 4.957759 4.957759 4.957759 4.957759 4.957759 4.957759 4.957759 4.957759 4.957759 4.957759 4.957759 4.957759 4.957759 4.957759 4.957759 4.957759 4.957759 4.957759 4.957759 4.957759 4.957759 4.957759 4.957759 4.957759 4.957759 4.957759 
4.957759 4.957759 4.957759 4.957759 4.957759 4.957759 4.957759 4.957759 4.957759 4.957759 4.957759 4.957759 4.957759 4.957759 4.957759 4.957759 4.957759 4.957759 4.957759 4.957759 4.957759 4.957759 4.957759 4.957759 4.957759 4.957759 4.957759 4.957759 4.957759 4.957759 4.957759 4.957759 4.957759 4.957759 4.957759 4.957759 4.957759 4.957759 4.957759 4.957759 4.957759 4.957759 4.957759 4.957759 4.957759 4.957759 4.957759 4.957759 4.957759 4.957759 4.957759 4.957759 4.957759 4.957759 4.957759 4.957759 4.957759 4.957759 4.957759 4.957759 4.957759 4.957759 4.957759 4.957759 
4.957759 4.957759 4.957759 4.957759 4.957759 4.957759 4.957759 4.957759 4.957759 4.957759 4.957759 4.957759 4.957759 4.957759 4.957759 4.957759 4.957759 4.957759 4.957759 4.957759 4.957759 4.957759 4.957759 4.957759 4.957759 4.957759 4.957759 4.957759 4.957759 4.957759 4.957759 4.957759 4.957759 4.957759 4.957759 4.957759 4.957759 4.957759 4.957759 4.957759 4.957759 4.957759 4.957759 4.957759 4.957759 4.957759 4.957759 4.957759 4.957759 4.957759 4.957759 4.957759 4.957759 4.957759 4.957759 4.957759 4.957759 4.957759 4.957759 4.957759 4.957759 4.957759 4.957759 4.957759 
4.957759 4.957759 4.957759 4.957759 4.957759 4.957759 4.957759 4.957759 4.957759 4.957759 4.957759 4.957759 4.957759 4.957759 4.957759 4.957759 4.957759 4.957759 4.957759 4.957759 4.957759 4.957759 4.957759 4.957759 4.957759 4.957759 4.957759 4.957759 4.957759 4.957759 4.957759 4.957759 4.957759 4.957759 4.957759 4.957759 4.957759 4.957759 4.957759 4.957759 4.957759 4.957759 4.957759 4.957759 4.957759 4.957759 4.957759 4.957759 4.957759 4.957759 4.957759 4.957759 4.957759 4.957759 4.957759 4.957759 4.957759 4.957759 4.957759 4.957759 4.957759 4.957759 4.957759 4.957759 
4.957759 4.957759 4.957759 4.957759 4.957759 4.957759 4.957759 4.957759 4.957759 4.957759 4.957759 4.957759 4.957759 4.957759 4.957759 4.957759 4.957759 4.957759 4.957759 4.957759 4.957759 4.957759 4.957759 4.957759 4.957759 4.957759 4.957759 4.957759 4.957759 4.957759 4.957759 4.957759 4.957759 4.957759 4.957759 4.957759 4.957759 4.957759 4.957759 4.957759 4.957759 4.957759 4.957759 4.957759 4.957759 4.957759 4.957759 4.957759 4.957759 4.957759 4.957759 4.957759 4.957759 4.957759 4.957759 4.957759 4.957759 4.957759 4.957759 4.957759 4.957759 4.957759 4.957759 4.957759 
4.957759 4.957759 4.957759 4.957759 4.957759 4.957759 4.957759 4.957759 4.957759 4.957759 4.957759 4.957759 4.957759 4.957759 4.957759 4.957759 4.957759 4.957759 4.957759 4.957759 4.957759 4.957759 4.957759 4.957759 4.957759 4.957759 4.957759 4.957759 4.957759 4.957759 4.957759 4.957759 4.957759 4.957759 4.957759 4.957759 4.957759 4.957759 4.957759 4.957759 4.957759 4.957759 4.957759 4.957759 4.957759 4.957759 4.957759 4.957759 4.957759 4.957759 4.957759 4.957759 4.957759 4.957759 4.957759 4.957759 4.957759 4.957759 4.957759 4.957759 4.957759 4.957759 4.957759 4.957759 
4.957759 4.957759 4.957759 4.957759 4.957759 4.957759 4.957759 4.957759 4.957759 4.957759 4.957759 4.957759 4.957759 4.957759 4.957759 4.957759 4.957759 4.957759 4.957759 4.957759 4.957759 4.957759 4.957759 4.957759 4.957759 4.957759 4.957759 4.957759 4.957759 4.957759 4.957759 4.957759 4.957759 4.957759 4.957759 4.957759 4.957759 4.957759 4.957759 4.957759 4.957759 4.957759 4.957759 4.957759 4.957759 4.957759 4.957759 4.957759 4.957759 4.957759 4.957759 4.957759 4.957759 4.957759 4.957759 4.957759 4.957759 4.957759 4.957759 4.957759 4.957759 4.957759 4.957759 4.957759 
4.957759 4.957759 4.957759 4.957759 4.957759 4.957759 4.957759 4.957759 4.957759 4.957759 4.957759 4.957759 4.957759 4.957759 4.957759 4.957759 4.957759 4.957759 4.957759 4.957759 4.957759 4.957759 4.957759 4.957759 4.957759 4.957759 4.957759 4.957759 4.957759 4.957759 4.957759 4.957759 4.957759 4.957759 4.957759 4.957759 4.957759 4.957759 4.957759 4.957759 4.957759 4.957759 4.957759 4.957759 4.957759 4.957759 4.957759 4.957759 4.957759 4.957759 4.957759 4.957759 4.957759 4.957759 4.957759 4.957759 4.957759 4.957759 4.957759 4.957759 4.957759 4.957759 4.957759 4.957759 
4.957759 4.957759 4.957759 4.957759 4.957759 4.957759 4.957759 4.957759 4.957759 4.957759 4.957759 4.957759 4.957759 4.957759 4.957759 4.957759 4.957759 4.957759 4.957759 4.957759 4.957759 4.957759 4.957759 4.957759 4.957759 4.957759 4.957759 4.957759 4.957759 4.957759 4.957759 4.957759 4.957759 4.957759 4.957759 4.957759 4.957759 4.957759 4.957759 4.957759 4.957759 4.957759 4.957759 4.957759 4.957759 4.957759 4.957759 4.957759 4.957759 4.957759 4.957759 4.957759 4.957759 4.957759 4.957759 4.957759 4.957759 4.957759 4.957759 4.957759 4.957759 4.957759 4.957759 4.957759 
4.957759 4.957759 4.957759 4.957759 4.957759 4.957759 4.957759 4.957759 4.957759 4.957759 4.957759 4.957759 4.957759 4.957759 4.957759 4.957759 4.957759 4.957759 4.957759 4.957759 4.957759 4.957759 4.957759 4.957759 4.957759 4.957759 4.957759 4.957759 4.957759 4.957759 4.957759 4.957759 4.957759 4.957759 4.957759 4.957759 4.957759 4.957759 4.957759 4.957759 4.957759 4.957759 4.957759 4.957759 4.957759 4.957759 4.957759 4.957759 4.957759 4.957759 4.957759 4.957759 4.957759 4.957759 4.957759 4.957759 4.957759 4.957759 4.957759 4.957759 4.957759 4.957759 4.957759 4.957759 
4.957759 4.957759 4.957759 4.957759 4.957759 4.957759 4.957759 4.957759 4.957759 4.957759 4.957759 4.957759 4.957759 4.957759 4.957759 4.957759 4.957759 4.957759 4.957759 4.957759 4.957759 4.957759 4.957759 4.957759 4.957759 4.957759 4.957759 4.957759 4.957759 4.957759 4.957759 4.957759 4.957759 4.957759 4.957759 4.957759 4.957759 4.957759 4.957759 4.957759 4.957759 4.957759 4.957759 4.957759 4.957759 4.957759 4.957759 4.957759 4.957759 4.957759 4.957759 4.957759 4.957759 4.957759 4.957759 4.957759 4.957759 4.957759 4.957759 4.957759 4.957759 4.957759 4.957759 4.957759 
4.957759 4.957759 4.957759 4.957759 4.957759 4.957759 4.957759 4.957759 4.957759 4.957759 4.957759 4.957759 4.957759 4.957759 4.957759 4.957759 4.957759 4.957759 4.957759 4.957759 4.957759 4.957759 4.957759 4.957759 4.957759 4.957759 4.957759 4.957759 4.957759 4.957759 4.957759 4.957759 4.957759 4.957759 4.957759 4.957759 4.957759 4.957759 4.957759 4.957759 4.957759 4.957759 4.957759 4.957759 4.957759 4.957759 4.957759 4.957759 4.957759 4.957759 4.957759 4.957759 4.957759 4.957759 4.957759 4.957759 4.957759 4.957759 4.957759 4.957759 4.957759 4.957759 4.957759 4.957759 
4.957759 4.957759 4.957759 4.957759 4.957759 4.957759 4.957759 4.957759 4.957759 4.957759 4.957759 4.957759 4.957759 4.957759 4.957759 4.957759 4.957759 4.957759 4.957759 4.957759 4.957759 4.957759 4.957759 4.957759 4.957759 4.957759 4.957759 4.957759 4.957759 4.957759 4.957759 4.957759 4.957759 4.957759 4.957759 4.957759 4.957759 4.957759 4.957759 4.957759 4.957759 4.957759 4.957759 4.957759 4.957759 4.957759 4.957759 4.957759 4.957759 4.957759 4.957759 4.957759 4.957759 4.957759 4.957759 4.957759 4.957759 4.957759 4.957759 4.957759 4.957759 4.957759 4.957759 4.957759 
4.957759 4.957759 4.957759 4.957759 4.957759 4.957759 4.957759 4.957759 4.957759 4.957759 4.957759 4.957759 4.957759 4.957759 4.957759 4.957759 4.957759 4.957759 4.957759 4.957759 4.957759 4.957759 4.957759 4.957759 4.957759 4.957759 4.957759 4.957759 4.957759 4.957759 4.957759 4.957759 4.957759 4.957759 4.957759 4.957759 4.957759 4.957759 4.957759 4.957759 4.957759 4.957759 4.957759 4.957759 4.957759 4.957759 4.957759 4.957759 4.957759 4.957759 4.957759 4.957759 4.957759 4.957759 4.957759 4.957759 4.957759 4.957759 4.957759 4.957759 4.957759 4.957759 4.957759 4.957759 
4.957759 4.957759 4.957759 4.957759 4.957759 4.957759 4.957759 4.957759 4.957759 4.957759 4.957759 4.957759 4.957759 4.957759 4.957759 4.957759 4.957759 4.957759 4.957759 4.957759 4.957759 4.957759 4.957759 4.957759 4.957759 4.957759 4.957759 4.957759 4.957759 4.957759 4.957759 4.957759 4.957759 4.957759 4.957759 4.957759 4.957759 4.957759 4.957759 4.957759 4.957759 4.957759 4.957759 4.957759 4.957759 4.957759 4.957759 4.957759 4.957759 4.957759 4.957759 4.957759 4.957759 4.957759 4.957759 4.957759 4.957759 4.957759 4.957759 4.957759 4.957759 4.957759 4.957759 4.957759 
4.957759 4.957759 4.957759 4.957759 4.957759 4.957759 4.957759 4.957759 4.957759 4.957759 4.957759 4.957759 4.957759 4.957759 4.957759 4.957759 4.957759 4.957759 4.957759 4.957759 4.957759 4.957759 4.957759 4.957759 4.957759 4.957759 4.957759 4.957759 4.957759 4.957759 4.957759 4.957759 4.957759 4.957759 4.957759 4.957759 4.957759 4.957759 4.957759 4.957759 4.957759 4.957759 4.957759 4.957759 4.957759 4.957759 4.957759 4.957759 4.957759 4.957759 4.957759 4.957759 4.957759 4.957759 4.957759 4.957759 4.957759 4.957759 4.957759 4.957759 4.957759 4.957759 4.957759 4.957759 
4.957759 4.957759 4.957759 4.957759 4.957759 4.957759 4.957759 4.957759 4.957759 4.957759 4.957759 4.957759 4.957759 4.957759 4.957759 4.957759 4.957759 4.957759 4.957759 4.957759 4.957759 4.957759 4.957759 4.957759 4.957759 4.957759 4.957759 4.957759 4.957759 4.957759 4.957759 4.957759 4.957759 4.957759 4.957759 4.957759 4.957759 4.957759 4.957759 4.957759 4.957759 4.957759 4.957759 4.957759 4.957759 4.957759 4.957759 4.957759 4.957759 4.957759 4.957759 4.957759 4.957759 4.957759 4.957759 4.957759 4.957759 4.957759 4.957759 4.957759 4.957759 4.957759 4.957759 4.957759 
4.957759 4.957759 4.957759 4.957759 4.957759 4.957759 4.957759 4.957759 4.957759 4.957759 4.957759 4.957759 4.957759 4.957759 4.957759 4.957759 4.957759 4.957759 4.957759 4.957759 4.957759 4.957759 4.957759 4.957759 4.957759 4.957759 4.957759 4.957759 4.957759 4.957759 4.957759 4.957759 4.957759 4.957759 4.957759 4.957759 4.957759 4.957759 4.957759 4.957759 4.957759 4.957759 4.957759 4.957759 4.957759 4.957759 4.957759 4.957759 4.957759 4.957759 4.957759 4.957759 4.957759 4.957759 4.957759 4.957759 4.957759 4.957759 4.957759 4.957759 4.957759 4.957759 4.957759 4.957759 
4.957759 4.957759 4.957759 4.957759 4.957759 4.957759 4.957759 4.957759 4.957759 4.957759 4.957759 4.957759 4.957759 4.957759 4.957759 4.957759 4.957759 4.957759 4.957759 4.957759 4.957759 4.957759 4.957759 4.957759 4.957759 4.957759 4.957759 4.957759 4.957759 4.957759 4.957759 4.957759 4.957759 4.957759 4.957759 4.957759 4.957759 4.957759 4.957759 4.957759 4.957759 4.957759 4.957759 4.957759 4.957759 4.957759 4.957759 4.957759 4.957759 4.957759 4.957759 4.957759 4.957759 4.957759 4.957759 4.957759 4.957759 4.957759 4.957759 4.957759 4.957759 4.957759 4.957759 4.957759 
4.957759 4.957759 4.957759 4.957759 4.957759 4.957759 4.957759 4.957759 4.957759 4.957759 4.957759 4.957759 4.957759 4.957759 4.957759 4.957759 4.957759 4.957759 4.957759 4.957759 4.957759 4.957759 4.957759 4.957759 4.957759 4.957759 4.957759 4.957759 4.957759 4.957759 4.957759 4.957759 4.957759 4.957759 4.957759 4.957759 4.957759 4.957759 4.957759 4.957759 4.957759 4.957759 4.957759 4.957759 4.957759 4.957759 4.957759 4.957759 4.957759 4.957759 4.957759 4.957759 4.957759 4.957759 4.957759 4.957759 4.957759 4.957759 4.957759 4.957759 4.957759 4.957759 4.957759 4.957759 
4.957759 4.957759 4.957759 4.957759 4.957759 4.957759 4.957759 4.957759 4.957759 4.957759 4.957759 4.957759 4.957759 4.957759 4.957759 4.957759 4.957759 4.957759 4.957759 4.957759 4.957759 4.957759 4.957759 4.957759 4.957759 4.957759 4.957759 4.957759 4.957759 4.957759 4.957759 4.957759 4.957759 4.957759 4.957759 4.957759 4.957759 4.957759 4.957759 4.957759 4.957759 4.957759 4.957759 4.957759 4.957759 4.957759 4.957759 4.957759 4.957759 4.957759 4.957759 4.957759 4.957759 4.957759 4.957759 4.957759 4.957759 4.957759 4.957759 4.957759 4.957759 4.957759 4.957759 4.957759 
4.957759 4.957759 4.957759 4.957759 4.957759 4.957759 4.957759 4.957759 4.957759 4.957759 4.957759 4.957759 4.957759 4.957759 4.957759 4.957759 4.957759 4.957759 4.957759 4.957759 4.957759 4.957759 4.957759 4.957759 4.957759 4.957759 4.957759 4.957759 4.957759 4.957759 4.957759 4.957759 4.957759 4.957759 4.957759 4.957759 4.957759 4.957759 4.957759 4.957759 4.957759 4.957759 4.957759 4.957759 4.957759 4.957759 4.957759 4.957759 4.957759 4.957759 4.957759 4.957759 4.957759 4.957759 4.957759 4.957759 4.957759 4.957759 4.957759 4.957759 4.957759 4.957759 4.957759 4.957759 
4.957759 4.957759 4.957759 4.957759 4.957759 4.957759 4.957759 4.957759 4.957759 4.957759 4.957759 4.957759 4.957759 4.957759 4.957759 4.957759 4.957759 4.957759 4.957759 4.957759 4.957759 4.957759 4.957759 4.957759 4.957759 4.957759 4.957759 4.957759 4.957759 4.957759 4.957759 4.957759 4.957759 4.957759 4.957759 4.957759 4.957759 4.957759 4.957759 4.957759 4.957759 4.957759 4.957759 4.957759 4.957759 4.957759 4.957759 4.957759 4.957759 4.957759 4.957759 4.957759 4.957759 4.957759 4.957759 4.957759 4.957759 4.957759 4.957759 4.957759 4.957759 4.957759 4.957759 4.957759 
4.957759 4.957759 4.957759 4.957759 4.957759 4.957759 4.957759 4.957759 4.957759 4.957759 4.957759 4.957759 4.957759 4.957759 4.957759 4.957759 4.957759 4.957759 4.957759 4.957759 4.957759 4.957759 4.957759 4.957759 4.957759 4.957759 4.957759 4.957759 4.957759 4.957759 4.957759 4.957759 4.957759 4.957759 4.957759 4.957759 4.957759 4.957759 4.957759 4.957759 4.957759 4.957759 4.957759 4.957759 4.957759 4.957759 4.957759 4.957759 4.957759 4.957759 4.957759 4.957759 4.957759 4.957759 4.957759 4.957759 4.957759 4.957759 4.957759 4.957759 4.957759 4.957759 4.957759 4.957759 
4.957759 4.957759 4.957759 4.957759 4.957759 4.957759 4.957759 4.957759 4.957759 4.957759 4.957759 4.957759 4.957759 4.957759 4.957759 4.957759 4.957759 4.957759 4.957759 4.957759 4.957759 4.957759 4.957759 4.957759 4.957759 4.957759 4.957759 4.957759 4.957759 4.957759 4.957759 4.957759 4.957759 4.957759 4.957759 4.957759 4.957759 4.957759 4.957759 4.957759 4.957759 4.957759 4.957759 4.957759 4.957759 4.957759 4.957759 4.957759 4.957759 4.957759 4.957759 4.957759 4.957759 4.957759 4.957759 4.957759 4.957759 4.957759 4.957759 4.957759 4.957759 4.957759 4.957759 4.957759 
4.957759 4.957759 4.957759 4.957759 4.957759 4.957759 4.957759 4.957759 4.957759 4.957759 4.957759 4.957759 4.957759 4.957759 4.957759 4.957759 4.957759 4.957759 4.957759 4.957759 4.957759 4.957759 4.957759 4.957759 4.957759 4.957759 4.957759 4.957759 4.957759 4.957759 4.957759 4.957759 4.957759 4.957759 4.957759 4.957759 4.957759 4.957759 4.957759 4.957759 4.957759 4.957759 4.957759 4.957759 4.957759 4.957759 4.957759 4.957759 4.957759 4.957759 4.957759 4.957759 4.957759 4.957759 4.957759 4.957759 4.957759 4.957759 4.957759 4.957759 4.957759 4.957759 4.957759 4.957759 
4.957759 4.957759 4.957759 4.957759 4.957759 4.957759 4.957759 4.957759 4.957759 4.957759 4.957759 4.957759 4.957759 4.957759 4.957759 4.957759 4.957759 4.957759 4.957759 4.957759 4.957759 4.957759 4.957759 4.957759 4.957759 4.957759 4.957759 4.957759 4.957759 4.957759 4.957759 4.957759 4.957759 4.957759 4.957759 4.957759 4.957759 4.957759 4.957759 4.957759 4.957759 4.957759 4.957759 4.957759 4.957759 4.957759 4.957759 4.957759 4.957759 4.957759 4.957759 4.957759 4.957759 4.957759 4.957759 4.957759 4.957759 4.957759 4.957759 4.957759 4.957759 4.957759 4.957759 4.957759 
4.957759 4.957759 4.957759 4.957759 4.957759 4.957759 4.957759 4.957759 4.957759 4.957759 4.957759 4.957759 4.957759 4.957759 4.957759 4.957759 4.957759 4.957759 4.957759 4.957759 4.957759 4.957759 4.957759 4.957759 4.957759 4.957759 4.957759 4.957759 4.957759 4.957759 4.957759 4.957759 4.957759 4.957759 4.957759 4.957759 4.957759 4.957759 4.957759 4.957759 4.957759 4.957759 4.957759 4.957759 4.957759 4.957759 4.957759 4.957759 4.957759 4.957759 4.957759 4.957759 4.957759 4.957759 4.957759 4.957759 4.957759 4.957759 4.957759 4.957759 4.957759 4.957759 4.957759 4.957759 
4.957759 4.957759 4.957759 4.957759 4.957759 4.957759 4.957759 4.957759 4.957759 4.957759 4.957759 4.957759 4.957759 4.957759 4.957759 4.957759 4.957759 4.957759 4.957759 4.957759 4.957759 4.957759 4.957759 4.957759 4.957759 4.957759 4.957759 4.957759 4.957759 4.957759 4.957759 4.957759 4.957759 4.957759 4.957759 4.957759 4.957759 4.957759 4.957759 4.957759 4.957759 4.957759 4.957759 4.957759 4.957759 4.957759 4.957759 4.957759 4.957759 4.957759 4.957759 4.957759 4.957759 4.957759 4.957759 4.957759 4.957759 4.957759 4.957759 4.957759 4.957759 4.957759 4.957759 4.957759 
4.957759 4.957759 4.957759 4.957759 4.957759 4.957759 4.957759 4.957759 4.957759 4.957759 4.957759 4.957759 4.957759 4.957759 4.957759 4.957759 4.957759 4.957759 4.957759 4.957759 4.957759 4.957759 4.957759 4.957759 4.957759 4.957759 4.957759 4.957759 4.957759 4.957759 4.957759 4.957759 4.957759 4.957759 4.957759 4.957759 4.957759 4.957759 4.957759 4.957759 4.957759 4.957759 4.957759 4.957759 4.957759 4.957759 4.957759 4.957759 4.957759 4.957759 4.957759 4.957759 4.957759 4.957759 4.957759 4.957759 4.957759 4.957759 4.957759 4.957759 4.957759 4.957759 4.957759 4.957759 
4.957759 4.957759 4.957759 4.957759 4.957759 4.957759 4.957759 4.957759 4.957759 4.957759 4.957759 4.957759 4.957759 4.957759 4.957759 4.957759 4.957759 4.957759 4.957759 4.957759 4.957759 4.957759 4.957759 4.957759 4.957759 4.957759 4.957759 4.957759 4.957759 4.957759 4.957759 4.957759 4.957759 4.957759 4.957759 4.957759 4.957759 4.957759 4.957759 4.957759 4.957759 4.957759 4.957759 4.957759 4.957759 4.957759 4.957759 4.957759 4.957759 4.957759 4.957759 4.957759 4.957759 4.957759 4.957759 4.957759 4.957759 4.957759 4.957759 4.957759 4.957759 4.957759 4.957759 4.957759 
4.957759 4.957759 4.957759 4.957759 4.957759 4.957759 4.957759 4.957759 4.957759 4.957759 4.957759 4.957759 4.957759 4.957759 4.957759 4.957759 4.957759 4.957759 4.957759 4.957759 4.957759 4.957759 4.957759 4.957759 4.957759 4.957759 4.957759 4.957759 4.957759 4.957759 4.957759 4.957759 4.957759 4.957759 4.957759 4.957759 4.957759 4.957759 4.957759 4.957759 4.957759 4.957759 4.957759 4.957759 4.957759 4.957759 4.957759 4.957759 4.957759 4.957759 4.957759 4.957759 4.957759 4.957759 4.957759 4.957759 4.957759 4.957759 4.957759 4.957759 4.957759 4.957759 4.957759 4.957759 
4.957759 4.957759 4.957759 4.957759 4.957759 4.957759 4.957759 4.957759 4.957759 4.957759 4.957759 4.957759 4.957759 4.957759 4.957759 4.957759 4.957759 4.957759 4.957759 4.957759 4.957759 4.957759 4.957759 4.957759 4.957759 4.957759 4.957759 4.957759 4.957759 4.957759 4.957759 4.957759 4.957759 4.957759 4.957759 4.957759 4.957759 4.957759 4.957759 4.957759 4.957759 4.957759 4.957759 4.957759 4.957759 4.957759 4.957759 4.957759 4.957759 4.957759 4.957759 4.957759 4.957759 4.957759 4.957759 4.957759 4.957759 4.957759 4.957759 4.957759 4.957759 4.957759 4.957759 4.957759 
4.957759 4.957759 4.957759 4.957759 4.957759 4.957759 4.957759 4.957759 4.957759 4.957759 4.957759 4.957759 4.957759 4.957759 4.957759 4.957759 4.957759 4.957759 4.957759 4.957759 4.957759 4.957759 4.957759 4.957759 4.957759 4.957759 4.957759 4.957759 4.957759 4.957759 4.957759 4.957759 4.957759 4.957759 4.957759 4.957759 4.957759 4.957759 4.957759 4.957759 4.957759 4.957759 4.957759 4.957759 4.957759 4.957759 4.957759 4.957759 4.957759 4.957759 4.957759 4.957759 4.957759 4.957759 4.957759 4.957759 4.957759 4.957759 4.957759 4.957759 4.957759 4.957759 4.957759 4.957759 
4.957759 4.957759 4.957759 4.957759 4.957759 4.957759 4.957759 4.957759 4.957759 4.957759 4.957759 4.957759 4.957759 4.957759 4.957759 4.957759 4.957759 4.957759 4.957759 4.957759 4.957759 4.957759 4.957759 4.957759 4.957759 4.957759 4.957759 4.957759 4.957759 4.957759 4.957759 4.957759 4.957759 4.957759 4.957759 4.957759 4.957759 4.957759 4.957759 4.957759 4.957759 4.957759 4.957759 4.957759 4.957759 4.957759 4.957759 4.957759 4.957759 4.957759 4.957759 4.957759 4.957759 4.957759 4.957759 4.957759 4.957759 4.957759 4.957759 4.957759 4.957759 4.957759 4.957759 4.957759 
