4.352736 4.352736 4.352736 4.352736 4.352736 4.352736 4.352736 4.352736 4.352736 4.352736 4.352736 4.352736 4.352736 4.352736 4.352736 4.352736 4.352736 4.352736 4.352736 4.352736 4.352736 4.352736 4.352736 4.352736 4.352736 4.352736 4.352736 4.352736 4.352736 4.352736 4.352736 4.352736 4.352736 4.352736 4.352736 4.352736 4.352736 4.352736 4.352736 4.352736 4.352736 4.352736 4.352736 4.352736 4.352736 4.352736 4.352736 4.352736 4.352736 4.352736 4.352736 4.352736 4.352736 4.352736 4.352736 4.352736 4.352736 4.352736 4.352736 4.352736 4.352736 4.352736 4.352736 4.352736 
4.352736 4.352736 4.352736 4.352736 4.352736 4.352736 4.352736 4.352736 4.352736 4.352736 4.352736 4.352736 4.352736 4.352736 4.352736 4.352736 4.352736 4.352736 4.352736 4.352736 4.352736 4.352736 4.352736 4.352736 4.352736 4.352736 4.352736 4.352736 4.352736 4.352736 4.352736 4.352736 4.352736 4.352736 4.352736 4.352736 4.352736 4.352736 4.352736 4.352736 4.352736 4.352736 4.352736 4.352736 4.352736 4.352736 4.352736 4.352736 4.352736 4.352736 4.352736 4.352736 4.352736 4.352736 4.352736 4.352736 4.352736 4.352736 4.352736 4.352736 4.352736 4.352736 4.352736 4.352736 
4.352736 4.352736 4.352736 4.352736 4.352736 4.352736 4.352736 4.352736 4.352736 4.352736 4.352736 4.352736 4.352736 4.352736 4.352736 4.352736 4.352736 4.352736 4.352736 4.352736 4.352736 4.352736 4.352736 4.352736 4.352736 4.352736 4.352736 4.352736 4.352736 4.352736 4.352736 4.352736 4.352736 4.352736 4.352736 4.352736 4.352736 4.352736 4.352736 4.352736 4.352736 4.352736 4.352736 4.352736 4.352736 4.352736 4.352736 4.352736 4.352736 4.352736 4.352736 4.352736 4.352736 4.352736 4.352736 4.352736 4.352736 4.352736 4.352736 4.352736 4.352736 4.352736 4.352736 4.352736 
4.352736 4.352736 4.352736 4.352736 4.352736 4.352736 4.352736 4.352736 4.352736 4.352736 4.352736 4.352736 4.352736 4.352736 4.352736 4.352736 4.352736 4.352736 4.352736 4.352736 4.352736 4.352736 4.352736 4.352736 4.352736 4.352736 4.352736 4.352736 4.352736 4.352736 4.352736 4.352736 4.352736 4.352736 4.352736 4.352736 4.352736 4.352736 4.352736 4.352736 4.352736 4.352736 4.352736 4.352736 4.352736 4.352736 4.352736 4.352736 4.352736 4.352736 4.352736 4.352736 4.352736 4.352736 4.352736 4.352736 4.352736 4.352736 4.352736 4.352736 4.352736 4.352736 4.352736 4.352736 
4.352736 4.352736 4.352736 4.352736 4.352736 4.352736 4.352736 4.352736 4.352736 4.352736 4.352736 4.352736 4.352736 4.352736 4.352736 4.352736 4.352736 4.352736 4.352736 4.352736 4.352736 4.352736 4.352736 4.352736 4.352736 4.352736 4.352736 4.352736 4.352736 4.352736 4.352736 4.352736 4.352736 4.352736 4.352736 4.352736 4.352736 4.352736 4.352736 4.352736 4.352736 4.352736 4.352736 4.352736 4.352736 4.352736 4.352736 4.352736 4.352736 4.352736 4.352736 4.352736 4.352736 4.352736 4.352736 4.352736 4.352736 4.352736 4.352736 4.352736 4.352736 4.352736 4.352736 4.352736 
4.352736 4.352736 4.352736 4.352736 4.352736 4.352736 4.352736 4.352736 4.352736 4.352736 4.352736 4.352736 4.352736 4.352736 4.352736 4.352736 4.352736 4.352736 4.352736 4.352736 4.352736 4.352736 4.352736 4.352736 4.352736 4.352736 4.352736 4.352736 4.352736 4.352736 4.352736 4.352736 4.352736 4.352736 4.352736 4.352736 4.352736 4.352736 4.352736 4.352736 4.352736 4.352736 4.352736 4.352736 4.352736 4.352736 4.352736 4.352736 4.352736 4.352736 4.352736 4.352736 4.352736 4.352736 4.352736 4.352736 4.352736 4.352736 4.352736 4.352736 4.352736 4.352736 4.352736 4.352736 
4.352736 4.352736 4.352736 4.352736 4.352736 4.352736 4.352736 4.352736 4.352736 4.352736 4.352736 4.352736 4.352736 4.352736 4.352736 4.352736 4.352736 4.352736 4.352736 4.352736 4.352736 4.352736 4.352736 4.352736 4.352736 4.352736 4.352736 4.352736 4.352736 4.352736 4.352736 4.352736 4.352736 4.352736 4.352736 4.352736 4.352736 4.352736 4.352736 4.352736 4.352736 4.352736 4.352736 4.352736 4.352736 4.352736 4.352736 4.352736 4.352736 4.352736 4.352736 4.352736 4.352736 4.352736 4.352736 4.352736 4.352736 4.352736 4.352736 4.352736 4.352736 4.352736 4.352736 4.352736 
4.352736 4.352736 4.352736 4.352736 4.352736 4.352736 4.352736 4.352736 4.352736 4.352736 4.352736 4.352736 4.352736 4.352736 4.352736 4.352736 4.352736 4.352736 4.352736 4.352736 4.352736 4.352736 4.352736 4.352736 4.352736 4.352736 4.352736 4.352736 4.352736 4.352736 4.352736 4.352736 4.352736 4.352736 4.352736 4.352736 4.352736 4.352736 4.352736 4.352736 4.352736 4.352736 4.352736 4.352736 4.352736 4.352736 4.352736 4.352736 4.352736 4.352736 4.352736 4.352736 4.352736 4.352736 4.352736 4.352736 4.352736 4.352736 4.352736 4.352736 4.352736 4.352736 4.352736 4.352736 
4.352736 4.352736 4.352736 4.352736 4.352736 4.352736 4.352736 4.352736 4.352736 4.352736 4.352736 4.352736 4.352736 4.352736 4.352736 4.352736 4.352736 4.352736 4.352736 4.352736 4.352736 4.352736 4.352736 4.352736 4.352736 4.352736 4.352736 4.352736 4.352736 4.352736 4.352736 4.352736 4.352736 4.352736 4.352736 4.352736 4.352736 4.352736 4.352736 4.352736 4.352736 4.352736 4.352736 4.352736 4.352736 4.352736 4.352736 4.352736 4.352736 4.352736 4.352736 4.352736 4.352736 4.352736 4.352736 4.352736 4.352736 4.352736 4.352736 4.352736 4.352736 4.352736 4.352736 4.352736 
4.352736 4.352736 4.352736 4.352736 4.352736 4.352736 4.352736 4.352736 4.352736 4.352736 4.352736 4.352736 4.352736 4.352736 4.352736 4.352736 4.352736 4.352736 4.352736 4.352736 4.352736 4.352736 4.352736 4.352736 4.352736 4.352736 4.352736 4.352736 4.352736 4.352736 4.352736 4.352736 4.352736 4.352736 4.352736 4.352736 4.352736 4.352736 4.352736 4.352736 4.352736 4.352736 4.352736 4.352736 4.352736 4.352736 4.352736 4.352736 4.352736 4.352736 4.352736 4.352736 4.352736 4.352736 4.352736 4.352736 4.352736 4.352736 4.352736 4.352736 4.352736 4.352736 4.352736 4.352736 
4.352736 4.352736 4.352736 4.352736 4.352736 4.352736 4.352736 4.352736 4.352736 4.352736 4.352736 4.352736 4.352736 4.352736 4.352736 4.352736 4.352736 4.352736 4.352736 4.352736 4.352736 4.352736 4.352736 4.352736 4.352736 4.352736 4.352736 4.352736 4.352736 4.352736 4.352736 4.352736 4.352736 4.352736 4.352736 4.352736 4.352736 4.352736 4.352736 4.352736 4.352736 4.352736 4.352736 4.352736 4.352736 4.352736 4.352736 4.352736 4.352736 4.352736 4.352736 4.352736 4.352736 4.352736 4.352736 4.352736 4.352736 4.352736 4.352736 4.352736 4.352736 4.352736 4.352736 4.352736 
4.352736 4.352736 4.352736 4.352736 4.352736 4.352736 4.352736 4.352736 4.352736 4.352736 4.352736 4.352736 4.352736 4.352736 4.352736 4.352736 4.352736 4.352736 4.352736 4.352736 4.352736 4.352736 4.352736 4.352736 4.352736 4.352736 4.352736 4.352736 4.352736 4.352736 4.352736 4.352736 4.352736 4.352736 4.352736 4.352736 4.352736 4.352736 4.352736 4.352736 4.352736 4.352736 4.352736 4.352736 4.352736 4.352736 4.352736 4.352736 4.352736 4.352736 4.352736 4.352736 4.352736 4.352736 4.352736 4.352736 4.352736 4.352736 4.352736 4.352736 4.352736 4.352736 4.352736 4.352736 
4.352736 4.352736 4.352736 4.352736 4.352736 4.352736 4.352736 4.352736 4.352736 4.352736 4.352736 4.352736 4.352736 4.352736 4.352736 4.352736 4.352736 4.352736 4.352736 4.352736 4.352736 4.352736 4.352736 4.352736 4.352736 4.352736 4.352736 4.352736 4.352736 4.352736 4.352736 4.352736 4.352736 4.352736 4.352736 4.352736 4.352736 4.352736 4.352736 4.352736 4.352736 4.352736 4.352736 4.352736 4.352736 4.352736 4.352736 4.352736 4.352736 4.352736 4.352736 4.352736 4.352736 4.352736 4.352736 4.352736 4.352736 4.352736 4.352736 4.352736 4.352736 4.352736 4.352736 4.352736 
4.352736 4.352736 4.352736 4.352736 4.352736 4.352736 4.352736 4.352736 4.352736 4.352736 4.352736 4.352736 4.352736 4.352736 4.352736 4.352736 4.352736 4.352736 4.352736 4.352736 4.352736 4.352736 4.352736 4.352736 4.352736 4.352736 4.352736 4.352736 4.352736 4.352736 4.352736 4.352736 4.352736 4.352736 4.352736 4.352736 4.352736 4.352736 4.352736 4.352736 4.352736 4.352736 4.352736 4.352736 4.352736 4.352736 4.352736 4.352736 4.352736 4.352736 4.352736 4.352736 4.352736 4.352736 4.352736 4.352736 4.352736 4.352736 4.352736 4.352736 4.352736 4.352736 4.352736 4.352736 
4.352736 4.352736 4.352736 4.352736 4.352736 4.352736 4.352736 4.352736 4.352736 4.352736 4.352736 4.352736 4.352736 4.352736 4.352736 4.352736 4.352736 4.352736 4.352736 4.352736 4.352736 4.352736 4.352736 4.352736 4.352736 4.352736 4.352736 4.352736 4.352736 4.352736 4.352736 4.352736 4.352736 4.352736 4.352736 4.352736 4.352736 4.352736 4.352736 4.352736 4.352736 4.352736 4.352736 4.352736 4.352736 4.352736 4.352736 4.352736 4.352736 4.352736 4.352736 4.352736 4.352736 4.352736 4.352736 4.352736 4.352736 4.352736 4.352736 4.352736 4.352736 4.352736 4.352736 4.352736 
4.352736 4.352736 4.352736 4.352736 4.352736 4.352736 4.352736 4.352736 4.352736 4.352736 4.352736 4.352736 4.352736 4.352736 4.352736 4.352736 4.352736 4.352736 4.352736 4.352736 4.352736 4.352736 4.352736 4.352736 4.352736 4.352736 4.352736 4.352736 4.352736 4.352736 4.352736 4.352736 4.352736 4.352736 4.352736 4.352736 4.352736 4.352736 4.352736 4.352736 4.352736 4.352736 4.352736 4.352736 4.352736 4.352736 4.352736 4.352736 4.352736 4.352736 4.352736 4.352736 4.352736 4.352736 4.352736 4.352736 4.352736 4.352736 4.352736 4.352736 4.352736 4.352736 4.352736 4.352736 
4.352736 4.352736 4.352736 4.352736 4.352736 4.352736 4.352736 4.352736 4.352736 4.352736 4.352736 4.352736 4.352736 4.352736 4.352736 4.352736 4.352736 4.352736 4.352736 4.352736 4.352736 4.352736 4.352736 4.352736 4.352736 4.352736 4.352736 4.352736 4.352736 4.352736 4.352736 4.352736 4.352736 4.352736 4.352736 4.352736 4.352736 4.352736 4.352736 4.352736 4.352736 4.352736 4.352736 4.352736 4.352736 4.352736 4.352736 4.352736 4.352736 4.352736 4.352736 4.352736 4.352736 4.352736 4.352736 4.352736 4.352736 4.352736 4.352736 4.352736 4.352736 4.352736 4.352736 4.352736 
4.352736 4.352736 4.352736 4.352736 4.352736 4.352736 4.352736 4.352736 4.352736 4.352736 4.352736 4.352736 4.352736 4.352736 4.352736 4.352736 4.352736 4.352736 4.352736 4.352736 4.352736 4.352736 4.352736 4.352736 4.352736 4.352736 4.352736 4.352736 4.352736 4.352736 4.352736 4.352736 4.352736 4.352736 4.352736 4.352736 4.352736 4.352736 4.352736 4.352736 4.352736 4.352736 4.352736 4.352736 4.352736 4.352736 4.352736 4.352736 4.352736 4.352736 4.352736 4.352736 4.352736 4.352736 4.352736 4.352736 4.352736 4.352736 4.352736 4.352736 4.352736 4.352736 4.352736 4.352736 
4.352736 4.352736 4.352736 4.352736 4.352736 4.352736 4.352736 4.352736 4.352736 4.352736 4.352736 4.352736 4.352736 4.352736 4.352736 4.352736 4.352736 4.352736 4.352736 4.352736 4.352736 4.352736 4.352736 4.352736 4.352736 4.352736 4.352736 4.352736 4.352736 4.352736 4.352736 4.352736 4.352736 4.352736 4.352736 4.352736 4.352736 4.352736 4.352736 4.352736 4.352736 4.352736 4.352736 4.352736 4.352736 4.352736 4.352736 4.352736 4.352736 4.352736 4.352736 4.352736 4.352736 4.352736 4.352736 4.352736 4.352736 4.352736 4.352736 4.352736 4.352736 4.352736 4.352736 4.352736 
4.352736 4.352736 4.352736 4.352736 4.352736 4.352736 4.352736 4.352736 4.352736 4.352736 4.352736 4.352736 4.352736 4.352736 4.352736 4.352736 4.352736 4.352736 4.352736 4.352736 4.352736 4.352736 4.352736 4.352736 4.352736 4.352736 4.352736 4.352736 4.352736 4.352736 4.352736 4.352736 4.352736 4.352736 4.352736 4.352736 4.352736 4.352736 4.352736 4.352736 4.352736 4.352736 4.352736 4.352736 4.352736 4.352736 4.352736 4.352736 4.352736 4.352736 4.352736 4.352736 4.352736 4.352736 4.352736 4.352736 4.352736 4.352736 4.352736 4.352736 4.352736 4.352736 4.352736 4.352736 
4.352736 4.352736 4.352736 4.352736 4.352736 4.352736 4.352736 4.352736 4.352736 4.352736 4.352736 4.352736 4.352736 4.352736 4.352736 4.352736 4.352736 4.352736 4.352736 4.352736 4.352736 4.352736 4.352736 4.352736 4.352736 4.352736 4.352736 4.352736 4.352736 4.352736 4.352736 4.352736 4.352736 4.352736 4.352736 4.352736 4.352736 4.352736 4.352736 4.352736 4.352736 4.352736 4.352736 4.352736 4.352736 4.352736 4.352736 4.352736 4.352736 4.352736 4.352736 4.352736 4.352736 4.352736 4.352736 4.352736 4.352736 4.352736 4.352736 4.352736 4.352736 4.352736 4.352736 4.352736 
4.352736 4.352736 4.352736 4.352736 4.352736 4.352736 4.352736 4.352736 4.352736 4.352736 4.352736 4.352736 4.352736 4.352736 4.352736 4.352736 4.352736 4.352736 4.352736 4.352736 4.352736 4.352736 4.352736 4.352736 4.352736 4.352736 4.352736 4.352736 4.352736 4.352736 4.352736 4.352736 4.352736 4.352736 4.352736 4.352736 4.352736 4.352736 4.352736 4.352736 4.352736 4.352736 4.352736 4.352736 4.352736 4.352736 4.352736 4.352736 4.352736 4.352736 4.352736 4.352736 4.352736 4.352736 4.352736 4.352736 4.352736 4.352736 4.352736 4.352736 4.352736 4.352736 4.352736 4.352736 
4.352736 4.352736 4.352736 4.352736 4.352736 4.352736 4.352736 4.352736 4.352736 4.352736 4.352736 4.352736 4.352736 4.352736 4.352736 4.352736 4.352736 4.352736 4.352736 4.352736 4.352736 4.352736 4.352736 4.352736 4.352736 4.352736 4.352736 4.352736 4.352736 4.352736 4.352736 4.352736 4.352736 4.352736 4.352736 4.352736 4.352736 4.352736 4.352736 4.352736 4.352736 4.352736 4.352736 4.352736 4.352736 4.352736 4.352736 4.352736 4.352736 4.352736 4.352736 4.352736 4.352736 4.352736 4.352736 4.352736 4.352736 4.352736 4.352736 4.352736 4.352736 4.352736 4.352736 4.352736 
4.352736 4.352736 4.352736 4.352736 4.352736 4.352736 4.352736 4.352736 4.352736 4.352736 4.352736 4.352736 4.352736 4.352736 4.352736 4.352736 4.352736 4.352736 4.352736 4.352736 4.352736 4.352736 4.352736 4.352736 4.352736 4.352736 4.352736 4.352736 4.352736 4.352736 4.352736 4.352736 4.352736 4.352736 4.352736 4.352736 4.352736 4.352736 4.352736 4.352736 4.352736 4.352736 4.352736 4.352736 4.352736 4.352736 4.352736 4.352736 4.352736 4.352736 4.352736 4.352736 4.352736 4.352736 4.352736 4.352736 4.352736 4.352736 4.352736 4.352736 4.352736 4.352736 4.352736 4.352736 
4.352736 4.352736 4.352736 4.352736 4.352736 4.352736 4.352736 4.352736 4.352736 4.352736 4.352736 4.352736 4.352736 4.352736 4.352736 4.352736 4.352736 4.352736 4.352736 4.352736 4.352736 4.352736 4.352736 4.352736 4.352736 4.352736 4.352736 4.352736 4.352736 4.352736 4.352736 4.352736 4.352736 4.352736 4.352736 4.352736 4.352736 4.352736 4.352736 4.352736 4.352736 4.352736 4.352736 4.352736 4.352736 4.352736 4.352736 4.352736 4.352736 4.352736 4.352736 4.352736 4.352736 4.352736 4.352736 4.352736 4.352736 4.352736 4.352736 4.352736 4.352736 4.352736 4.352736 4.352736 
4.352736 4.352736 4.352736 4.352736 4.352736 4.352736 4.352736 4.352736 4.352736 4.352736 4.352736 4.352736 4.352736 4.352736 4.352736 4.352736 4.352736 4.352736 4.352736 4.352736 4.352736 4.352736 4.352736 4.352736 4.352736 4.352736 4.352736 4.352736 4.352736 4.352736 4.352736 4.352736 4.352736 4.352736 4.352736 4.352736 4.352736 4.352736 4.352736 4.352736 4.352736 4.352736 4.352736 4.352736 4.352736 4.352736 4.352736 4.352736 4.352736 4.352736 4.352736 4.352736 4.352736 4.352736 4.352736 4.352736 4.352736 4.352736 4.352736 4.352736 4.352736 4.352736 4.352736 4.352736 
4.352736 4.352736 4.352736 4.352736 4.352736 4.352736 4.352736 4.352736 4.352736 4.352736 4.352736 4.352736 4.352736 4.352736 4.352736 4.352736 4.352736 4.352736 4.352736 4.352736 4.352736 4.352736 4.352736 4.352736 4.352736 4.352736 4.352736 4.352736 4.352736 4.352736 4.352736 4.352736 4.352736 4.352736 4.352736 4.352736 4.352736 4.352736 4.352736 4.352736 4.352736 4.352736 4.352736 4.352736 4.352736 4.352736 4.352736 4.352736 4.352736 4.352736 4.352736 4.352736 4.352736 4.352736 4.352736 4.352736 4.352736 4.352736 4.352736 4.352736 4.352736 4.352736 4.352736 4.352736 
4.352736 4.352736 4.352736 4.352736 4.352736 4.352736 4.352736 4.352736 4.352736 4.352736 4.352736 4.352736 4.352736 4.352736 4.352736 4.352736 4.352736 4.352736 4.352736 4.352736 4.352736 4.352736 4.352736 4.352736 4.352736 4.352736 4.352736 4.352736 4.352736 4.352736 4.352736 4.352736 4.352736 4.352736 4.352736 4.352736 4.352736 4.352736 4.352736 4.352736 4.352736 4.352736 4.352736 4.352736 4.352736 4.352736 4.352736 4.352736 4.352736 4.352736 4.352736 4.352736 4.352736 4.352736 4.352736 4.352736 4.352736 4.352736 4.352736 4.352736 4.352736 4.352736 4.352736 4.352736 
4.352736 4.352736 4.352736 4.352736 4.352736 4.352736 4.352736 4.352736 4.352736 4.352736 4.352736 4.352736 4.352736 4.352736 4.352736 4.352736 4.352736 4.352736 4.352736 4.352736 4.352736 4.352736 4.352736 4.352736 4.352736 4.352736 4.352736 4.352736 4.352736 4.352736 4.352736 4.352736 4.352736 4.352736 4.352736 4.352736 4.352736 4.352736 4.352736 4.352736 4.352736 4.352736 4.352736 4.352736 4.352736 4.352736 4.352736 4.352736 4.352736 4.352736 4.352736 4.352736 4.352736 4.352736 4.352736 4.352736 4.352736 4.352736 4.352736 4.352736 4.352736 4.352736 4.352736 4.352736 
4.352736 4.352736 4.352736 4.352736 4.352736 4.352736 4.352736 4.352736 4.352736 4.352736 4.352736 4.352736 4.352736 4.352736 4.352736 4.352736 4.352736 4.352736 4.352736 4.352736 4.352736 4.352736 4.352736 4.352736 4.352736 4.352736 4.352736 4.352736 4.352736 4.352736 4.352736 4.352736 4.352736 4.352736 4.352736 4.352736 4.352736 4.352736 4.352736 4.352736 4.352736 4.352736 4.352736 4.352736 4.352736 4.352736 4.352736 4.352736 4.352736 4.352736 4.352736 4.352736 4.352736 4.352736 4.352736 4.352736 4.352736 4.352736 4.352736 4.352736 4.352736 4.352736 4.352736 4.352736 
4.352736 4.352736 4.352736 4.352736 4.352736 4.352736 4.352736 4.352736 4.352736 4.352736 4.352736 4.352736 4.352736 4.352736 4.352736 4.352736 4.352736 4.352736 4.352736 4.352736 4.352736 4.352736 4.352736 4.352736 4.352736 4.352736 4.352736 4.352736 4.352736 4.352736 4.352736 4.352736 4.352736 4.352736 4.352736 4.352736 4.352736 4.352736 4.352736 4.352736 4.352736 4.352736 4.352736 4.352736 4.352736 4.352736 4.352736 4.352736 4.352736 4.352736 4.352736 4.352736 4.352736 4.352736 4.352736 4.352736 4.352736 4.352736 4.352736 4.352736 4.352736 4.352736 4.352736 4.352736 
4.352736 4.352736 4.352736 4.352736 4.352736 4.352736 4.352736 4.352736 4.352736 4.352736 4.352736 4.352736 4.352736 4.352736 4.352736 4.352736 4.352736 4.352736 4.352736 4.352736 4.352736 4.352736 4.352736 4.352736 4.352736 4.352736 4.352736 4.352736 4.352736 4.352736 4.352736 4.352736 4.352736 4.352736 4.352736 4.352736 4.352736 4.352736 4.352736 4.352736 4.352736 4.352736 4.352736 4.352736 4.352736 4.352736 4.352736 4.352736 4.352736 4.352736 4.352736 4.352736 4.352736 4.352736 4.352736 4.352736 4.352736 4.352736 4.352736 4.352736 4.352736 4.352736 4.352736 4.352736 
4.352736 4.352736 4.352736 4.352736 4.352736 4.352736 4.352736 4.352736 4.352736 4.352736 4.352736 4.352736 4.352736 4.352736 4.352736 4.352736 4.352736 4.352736 4.352736 4.352736 4.352736 4.352736 4.352736 4.352736 4.352736 4.352736 4.352736 4.352736 4.352736 4.352736 4.352736 4.352736 4.352736 4.352736 4.352736 4.352736 4.352736 4.352736 4.352736 4.352736 4.352736 4.352736 4.352736 4.352736 4.352736 4.352736 4.352736 4.352736 4.352736 4.352736 4.352736 4.352736 4.352736 4.352736 4.352736 4.352736 4.352736 4.352736 4.352736 4.352736 4.352736 4.352736 4.352736 4.352736 
4.352736 4.352736 4.352736 4.352736 4.352736 4.352736 4.352736 4.352736 4.352736 4.352736 4.352736 4.352736 4.352736 4.352736 4.352736 4.352736 4.352736 4.352736 4.352736 4.352736 4.352736 4.352736 4.352736 4.352736 4.352736 4.352736 4.352736 4.352736 4.352736 4.352736 4.352736 4.352736 4.352736 4.352736 4.352736 4.352736 4.352736 4.352736 4.352736 4.352736 4.352736 4.352736 4.352736 4.352736 4.352736 4.352736 4.352736 4.352736 4.352736 4.352736 4.352736 4.352736 4.352736 4.352736 4.352736 4.352736 4.352736 4.352736 4.352736 4.352736 4.352736 4.352736 4.352736 4.352736 
4.352736 4.352736 4.352736 4.352736 4.352736 4.352736 4.352736 4.352736 4.352736 4.352736 4.352736 4.352736 4.352736 4.352736 4.352736 4.352736 4.352736 4.352736 4.352736 4.352736 4.352736 4.352736 4.352736 4.352736 4.352736 4.352736 4.352736 4.352736 4.352736 4.352736 4.352736 4.352736 4.352736 4.352736 4.352736 4.352736 4.352736 4.352736 4.352736 4.352736 4.352736 4.352736 4.352736 4.352736 4.352736 4.352736 4.352736 4.352736 4.352736 4.352736 4.352736 4.352736 4.352736 4.352736 4.352736 4.352736 4.352736 4.352736 4.352736 4.352736 4.352736 4.352736 4.352736 4.352736 
4.352736 4.352736 4.352736 4.352736 4.352736 4.352736 4.352736 4.352736 4.352736 4.352736 4.352736 4.352736 4.352736 4.352736 4.352736 4.352736 4.352736 4.352736 4.352736 4.352736 4.352736 4.352736 4.352736 4.352736 4.352736 4.352736 4.352736 4.352736 4.352736 4.352736 4.352736 4.352736 4.352736 4.352736 4.352736 4.352736 4.352736 4.352736 4.352736 4.352736 4.352736 4.352736 4.352736 4.352736 4.352736 4.352736 4.352736 4.352736 4.352736 4.352736 4.352736 4.352736 4.352736 4.352736 4.352736 4.352736 4.352736 4.352736 4.352736 4.352736 4.352736 4.352736 4.352736 4.352736 
4.352736 4.352736 4.352736 4.352736 4.352736 4.352736 4.352736 4.352736 4.352736 4.352736 4.352736 4.352736 4.352736 4.352736 4.352736 4.352736 4.352736 4.352736 4.352736 4.352736 4.352736 4.352736 4.352736 4.352736 4.352736 4.352736 4.352736 4.352736 4.352736 4.352736 4.352736 4.352736 4.352736 4.352736 4.352736 4.352736 4.352736 4.352736 4.352736 4.352736 4.352736 4.352736 4.352736 4.352736 4.352736 4.352736 4.352736 4.352736 4.352736 4.352736 4.352736 4.352736 4.352736 4.352736 4.352736 4.352736 4.352736 4.352736 4.352736 4.352736 4.352736 4.352736 4.352736 4.352736 
4.352736 4.352736 4.352736 4.352736 4.352736 4.352736 4.352736 4.352736 4.352736 4.352736 4.352736 4.352736 4.352736 4.352736 4.352736 4.352736 4.352736 4.352736 4.352736 4.352736 4.352736 4.352736 4.352736 4.352736 4.352736 4.352736 4.352736 4.352736 4.352736 4.352736 4.352736 4.352736 4.352736 4.352736 4.352736 4.352736 4.352736 4.352736 4.352736 4.352736 4.352736 4.352736 4.352736 4.352736 4.352736 4.352736 4.352736 4.352736 4.352736 4.352736 4.352736 4.352736 4.352736 4.352736 4.352736 4.352736 4.352736 4.352736 4.352736 4.352736 4.352736 4.352736 4.352736 4.352736 
4.352736 4.352736 4.352736 4.352736 4.352736 4.352736 4.352736 4.352736 4.352736 4.352736 4.352736 4.352736 4.352736 4.352736 4.352736 4.352736 4.352736 4.352736 4.352736 4.352736 4.352736 4.352736 4.352736 4.352736 4.352736 4.352736 4.352736 4.352736 4.352736 4.352736 4.352736 4.352736 4.352736 4.352736 4.352736 4.352736 4.352736 4.352736 4.352736 4.352736 4.352736 4.352736 4.352736 4.352736 4.352736 4.352736 4.352736 4.352736 4.352736 4.352736 4.352736 4.352736 4.352736 4.352736 4.352736 4.352736 4.352736 4.352736 4.352736 4.352736 4.352736 4.352736 4.352736 4.352736 
4.352736 4.352736 4.352736 4.352736 4.352736 4.352736 4.352736 4.352736 4.352736 4.352736 4.352736 4.352736 4.352736 4.352736 4.352736 4.352736 4.352736 4.352736 4.352736 4.352736 4.352736 4.352736 4.352736 4.352736 4.352736 4.352736 4.352736 4.352736 4.352736 4.352736 4.352736 4.352736 4.352736 4.352736 4.352736 4.352736 4.352736 4.352736 4.352736 4.352736 4.352736 4.352736 4.352736 4.352736 4.352736 4.352736 4.352736 4.352736 4.352736 4.352736 4.352736 4.352736 4.352736 4.352736 4.352736 4.352736 4.352736 4.352736 4.352736 4.352736 4.352736 4.352736 4.352736 4.352736 
4.352736 4.352736 4.352736 4.352736 4.352736 4.352736 4.352736 4.352736 4.352736 4.352736 4.352736 4.352736 4.352736 4.352736 4.352736 4.352736 4.352736 4.352736 4.352736 4.352736 4.352736 4.352736 4.352736 4.352736 4.352736 4.352736 4.352736 4.352736 4.352736 4.352736 4.352736 4.352736 4.352736 4.352736 4.352736 4.352736 4.352736 4.352736 4.352736 4.352736 4.352736 4.352736 4.352736 4.352736 4.352736 4.352736 4.352736 4.352736 4.352736 4.352736 4.352736 4.352736 4.352736 4.352736 4.352736 4.352736 4.352736 4.352736 4.352736 4.352736 4.352736 4.352736 4.352736 4.352736 
4.352736 4.352736 4.352736 4.352736 4.352736 4.352736 4.352736 4.352736 4.352736 4.352736 4.352736 4.352736 4.352736 4.352736 4.352736 4.352736 4.352736 4.352736 4.352736 4.352736 4.352736 4.352736 4.352736 4.352736 4.352736 4.352736 4.352736 4.352736 4.352736 4.352736 4.352736 4.352736 4.352736 4.352736 4.352736 4.352736 4.352736 4.352736 4.352736 4.352736 4.352736 4.352736 4.352736 4.352736 4.352736 4.352736 4.352736 4.352736 4.352736 4.352736 4.352736 4.352736 4.352736 4.352736 4.352736 4.352736 4.352736 4.352736 4.352736 4.352736 4.352736 4.352736 4.352736 4.352736 
4.352736 4.352736 4.352736 4.352736 4.352736 4.352736 4.352736 4.352736 4.352736 4.352736 4.352736 4.352736 4.352736 4.352736 4.352736 4.352736 4.352736 4.352736 4.352736 4.352736 4.352736 4.352736 4.352736 4.352736 4.352736 4.352736 4.352736 4.352736 4.352736 4.352736 4.352736 4.352736 4.352736 4.352736 4.352736 4.352736 4.352736 4.352736 4.352736 4.352736 4.352736 4.352736 4.352736 4.352736 4.352736 4.352736 4.352736 4.352736 4.352736 4.352736 4.352736 4.352736 4.352736 4.352736 4.352736 4.352736 4.352736 4.352736 4.352736 4.352736 4.352736 4.352736 4.352736 4.352736 
4.352736 4.352736 4.352736 4.352736 4.352736 4.352736 4.352736 4.352736 4.352736 4.352736 4.352736 4.352736 4.352736 4.352736 4.352736 4.352736 4.352736 4.352736 4.352736 4.352736 4.352736 4.352736 4.352736 4.352736 4.352736 4.352736 4.352736 4.352736 4.352736 4.352736 4.352736 4.352736 4.352736 4.352736 4.352736 4.352736 4.352736 4.352736 4.352736 4.352736 4.352736 4.352736 4.352736 4.352736 4.352736 4.352736 4.352736 4.352736 4.352736 4.352736 4.352736 4.352736 4.352736 4.352736 4.352736 4.352736 4.352736 4.352736 4.352736 4.352736 4.352736 4.352736 4.352736 4.352736 
4.352736 4.352736 4.352736 4.352736 4.352736 4.352736 4.352736 4.352736 4.352736 4.352736 4.352736 4.352736 4.352736 4.352736 4.352736 4.352736 4.352736 4.352736 4.352736 4.352736 4.352736 4.352736 4.352736 4.352736 4.352736 4.352736 4.352736 4.352736 4.352736 4.352736 4.352736 4.352736 4.352736 4.352736 4.352736 4.352736 4.352736 4.352736 4.352736 4.352736 4.352736 4.352736 4.352736 4.352736 4.352736 4.352736 4.352736 4.352736 4.352736 4.352736 4.352736 4.352736 4.352736 4.352736 4.352736 4.352736 4.352736 4.352736 4.352736 4.352736 4.352736 4.352736 4.352736 4.352736 
4.352736 4.352736 4.352736 4.352736 4.352736 4.352736 4.352736 4.352736 4.352736 4.352736 4.352736 4.352736 4.352736 4.352736 4.352736 4.352736 4.352736 4.352736 4.352736 4.352736 4.352736 4.352736 4.352736 4.352736 4.352736 4.352736 4.352736 4.352736 4.352736 4.352736 4.352736 4.352736 4.352736 4.352736 4.352736 4.352736 4.352736 4.352736 4.352736 4.352736 4.352736 4.352736 4.352736 4.352736 4.352736 4.352736 4.352736 4.352736 4.352736 4.352736 4.352736 4.352736 4.352736 4.352736 4.352736 4.352736 4.352736 4.352736 4.352736 4.352736 4.352736 4.352736 4.352736 4.352736 
4.352736 4.352736 4.352736 4.352736 4.352736 4.352736 4.352736 4.352736 4.352736 4.352736 4.352736 4.352736 4.352736 4.352736 4.352736 4.352736 4.352736 4.352736 4.352736 4.352736 4.352736 4.352736 4.352736 4.352736 4.352736 4.352736 4.352736 4.352736 4.352736 4.352736 4.352736 4.352736 4.352736 4.352736 4.352736 4.352736 4.352736 4.352736 4.352736 4.352736 4.352736 4.352736 4.352736 4.352736 4.352736 4.352736 4.352736 4.352736 4.352736 4.352736 4.352736 4.352736 4.352736 4.352736 4.352736 4.352736 4.352736 4.352736 4.352736 4.352736 4.352736 4.352736 4.352736 4.352736 
4.352736 4.352736 4.352736 4.352736 4.352736 4.352736 4.352736 4.352736 4.352736 4.352736 4.352736 4.352736 4.352736 4.352736 4.352736 4.352736 4.352736 4.352736 4.352736 4.352736 4.352736 4.352736 4.352736 4.352736 4.352736 4.352736 4.352736 4.352736 4.352736 4.352736 4.352736 4.352736 4.352736 4.352736 4.352736 4.352736 4.352736 4.352736 4.352736 4.352736 4.352736 4.352736 4.352736 4.352736 4.352736 4.352736 4.352736 4.352736 4.352736 4.352736 4.352736 4.352736 4.352736 4.352736 4.352736 4.352736 4.352736 4.352736 4.352736 4.352736 4.352736 4.352736 4.352736 4.352736 
4.352736 4.352736 4.352736 4.352736 4.352736 4.352736 4.352736 4.352736 4.352736 4.352736 4.352736 4.352736 4.352736 4.352736 4.352736 4.352736 4.352736 4.352736 4.352736 4.352736 4.352736 4.352736 4.352736 4.352736 4.352736 4.352736 4.352736 4.352736 4.352736 4.352736 4.352736 4.352736 4.352736 4.352736 4.352736 4.352736 4.352736 4.352736 4.352736 4.352736 4.352736 4.352736 4.352736 4.352736 4.352736 4.352736 4.352736 4.352736 4.352736 4.352736 4.352736 4.352736 4.352736 4.352736 4.352736 4.352736 4.352736 4.352736 4.352736 4.352736 4.352736 4.352736 4.352736 4.352736 
4.352736 4.352736 4.352736 4.352736 4.352736 4.352736 4.352736 4.352736 4.352736 4.352736 4.352736 4.352736 4.352736 4.352736 4.352736 4.352736 4.352736 4.352736 4.352736 4.352736 4.352736 4.352736 4.352736 4.352736 4.352736 4.352736 4.352736 4.352736 4.352736 4.352736 4.352736 4.352736 4.352736 4.352736 4.352736 4.352736 4.352736 4.352736 4.352736 4.352736 4.352736 4.352736 4.352736 4.352736 4.352736 4.352736 4.352736 4.352736 4.352736 4.352736 4.352736 4.352736 4.352736 4.352736 4.352736 4.352736 4.352736 4.352736 4.352736 4.352736 4.352736 4.352736 4.352736 4.352736 
4.352736 4.352736 4.352736 4.352736 4.352736 4.352736 4.352736 4.352736 4.352736 4.352736 4.352736 4.352736 4.352736 4.352736 4.352736 4.352736 4.352736 4.352736 4.352736 4.352736 4.352736 4.352736 4.352736 4.352736 4.352736 4.352736 4.352736 4.352736 4.352736 4.352736 4.352736 4.352736 4.352736 4.352736 4.352736 4.352736 4.352736 4.352736 4.352736 4.352736 4.352736 4.352736 4.352736 4.352736 4.352736 4.352736 4.352736 4.352736 4.352736 4.352736 4.352736 4.352736 4.352736 4.352736 4.352736 4.352736 4.352736 4.352736 4.352736 4.352736 4.352736 4.352736 4.352736 4.352736 
4.352736 4.352736 4.352736 4.352736 4.352736 4.352736 4.352736 4.352736 4.352736 4.352736 4.352736 4.352736 4.352736 4.352736 4.352736 4.352736 4.352736 4.352736 4.352736 4.352736 4.352736 4.352736 4.352736 4.352736 4.352736 4.352736 4.352736 4.352736 4.352736 4.352736 4.352736 4.352736 4.352736 4.352736 4.352736 4.352736 4.352736 4.352736 4.352736 4.352736 4.352736 4.352736 4.352736 4.352736 4.352736 4.352736 4.352736 4.352736 4.352736 4.352736 4.352736 4.352736 4.352736 4.352736 4.352736 4.352736 4.352736 4.352736 4.352736 4.352736 4.352736 4.352736 4.352736 4.352736 
4.352736 4.352736 4.352736 4.352736 4.352736 4.352736 4.352736 4.352736 4.352736 4.352736 4.352736 4.352736 4.352736 4.352736 4.352736 4.352736 4.352736 4.352736 4.352736 4.352736 4.352736 4.352736 4.352736 4.352736 4.352736 4.352736 4.352736 4.352736 4.352736 4.352736 4.352736 4.352736 4.352736 4.352736 4.352736 4.352736 4.352736 4.352736 4.352736 4.352736 4.352736 4.352736 4.352736 4.352736 4.352736 4.352736 4.352736 4.352736 4.352736 4.352736 4.352736 4.352736 4.352736 4.352736 4.352736 4.352736 4.352736 4.352736 4.352736 4.352736 4.352736 4.352736 4.352736 4.352736 
4.352736 4.352736 4.352736 4.352736 4.352736 4.352736 4.352736 4.352736 4.352736 4.352736 4.352736 4.352736 4.352736 4.352736 4.352736 4.352736 4.352736 4.352736 4.352736 4.352736 4.352736 4.352736 4.352736 4.352736 4.352736 4.352736 4.352736 4.352736 4.352736 4.352736 4.352736 4.352736 4.352736 4.352736 4.352736 4.352736 4.352736 4.352736 4.352736 4.352736 4.352736 4.352736 4.352736 4.352736 4.352736 4.352736 4.352736 4.352736 4.352736 4.352736 4.352736 4.352736 4.352736 4.352736 4.352736 4.352736 4.352736 4.352736 4.352736 4.352736 4.352736 4.352736 4.352736 4.352736 
4.352736 4.352736 4.352736 4.352736 4.352736 4.352736 4.352736 4.352736 4.352736 4.352736 4.352736 4.352736 4.352736 4.352736 4.352736 4.352736 4.352736 4.352736 4.352736 4.352736 4.352736 4.352736 4.352736 4.352736 4.352736 4.352736 4.352736 4.352736 4.352736 4.352736 4.352736 4.352736 4.352736 4.352736 4.352736 4.352736 4.352736 4.352736 4.352736 4.352736 4.352736 4.352736 4.352736 4.352736 4.352736 4.352736 4.352736 4.352736 4.352736 4.352736 4.352736 4.352736 4.352736 4.352736 4.352736 4.352736 4.352736 4.352736 4.352736 4.352736 4.352736 4.352736 4.352736 4.352736 
4.352736 4.352736 4.352736 4.352736 4.352736 4.352736 4.352736 4.352736 4.352736 4.352736 4.352736 4.352736 4.352736 4.352736 4.352736 4.352736 4.352736 4.352736 4.352736 4.352736 4.352736 4.352736 4.352736 4.352736 4.352736 4.352736 4.352736 4.352736 4.352736 4.352736 4.352736 4.352736 4.352736 4.352736 4.352736 4.352736 4.352736 4.352736 4.352736 4.352736 4.352736 4.352736 4.352736 4.352736 4.352736 4.352736 4.352736 4.352736 4.352736 4.352736 4.352736 4.352736 4.352736 4.352736 4.352736 4.352736 4.352736 4.352736 4.352736 4.352736 4.352736 4.352736 4.352736 4.352736 
4.352736 4.352736 4.352736 4.352736 4.352736 4.352736 4.352736 4.352736 4.352736 4.352736 4.352736 4.352736 4.352736 4.352736 4.352736 4.352736 4.352736 4.352736 4.352736 4.352736 4.352736 4.352736 4.352736 4.352736 4.352736 4.352736 4.352736 4.352736 4.352736 4.352736 4.352736 4.352736 4.352736 4.352736 4.352736 4.352736 4.352736 4.352736 4.352736 4.352736 4.352736 4.352736 4.352736 4.352736 4.352736 4.352736 4.352736 4.352736 4.352736 4.352736 4.352736 4.352736 4.352736 4.352736 4.352736 4.352736 4.352736 4.352736 4.352736 4.352736 4.352736 4.352736 4.352736 4.352736 
4.352736 4.352736 4.352736 4.352736 4.352736 4.352736 4.352736 4.352736 4.352736 4.352736 4.352736 4.352736 4.352736 4.352736 4.352736 4.352736 4.352736 4.352736 4.352736 4.352736 4.352736 4.352736 4.352736 4.352736 4.352736 4.352736 4.352736 4.352736 4.352736 4.352736 4.352736 4.352736 4.352736 4.352736 4.352736 4.352736 4.352736 4.352736 4.352736 4.352736 4.352736 4.352736 4.352736 4.352736 4.352736 4.352736 4.352736 4.352736 4.352736 4.352736 4.352736 4.352736 4.352736 4.352736 4.352736 4.352736 4.352736 4.352736 4.352736 4.352736 4.352736 4.352736 4.352736 4.352736 
4.352736 4.352736 4.352736 4.352736 4.352736 4.352736 4.352736 4.352736 4.352736 4.352736 4.352736 4.352736 4.352736 4.352736 4.352736 4.352736 4.352736 4.352736 4.352736 4.352736 4.352736 4.352736 4.352736 4.352736 4.352736 4.352736 4.352736 4.352736 4.352736 4.352736 4.352736 4.352736 4.352736 4.352736 4.352736 4.352736 4.352736 4.352736 4.352736 4.352736 4.352736 4.352736 4.352736 4.352736 4.352736 4.352736 4.352736 4.352736 4.352736 4.352736 4.352736 4.352736 4.352736 4.352736 4.352736 4.352736 4.352736 4.352736 4.352736 4.352736 4.352736 4.352736 4.352736 4.352736 
4.352736 4.352736 4.352736 4.352736 4.352736 4.352736 4.352736 4.352736 4.352736 4.352736 4.352736 4.352736 4.352736 4.352736 4.352736 4.352736 4.352736 4.352736 4.352736 4.352736 4.352736 4.352736 4.352736 4.352736 4.352736 4.352736 4.352736 4.352736 4.352736 4.352736 4.352736 4.352736 4.352736 4.352736 4.352736 4.352736 4.352736 4.352736 4.352736 4.352736 4.352736 4.352736 4.352736 4.352736 4.352736 4.352736 4.352736 4.352736 4.352736 4.352736 4.352736 4.352736 4.352736 4.352736 4.352736 4.352736 4.352736 4.352736 4.352736 4.352736 4.352736 4.352736 4.352736 4.352736 
4.352736 4.352736 4.352736 4.352736 4.352736 4.352736 4.352736 4.352736 4.352736 4.352736 4.352736 4.352736 4.352736 4.352736 4.352736 4.352736 4.352736 4.352736 4.352736 4.352736 4.352736 4.352736 4.352736 4.352736 4.352736 4.352736 4.352736 4.352736 4.352736 4.352736 4.352736 4.352736 4.352736 4.352736 4.352736 4.352736 4.352736 4.352736 4.352736 4.352736 4.352736 4.352736 4.352736 4.352736 4.352736 4.352736 4.352736 4.352736 4.352736 4.352736 4.352736 4.352736 4.352736 4.352736 4.352736 4.352736 4.352736 4.352736 4.352736 4.352736 4.352736 4.352736 4.352736 4.352736 
4.352736 4.352736 4.352736 4.352736 4.352736 4.352736 4.352736 4.352736 4.352736 4.352736 4.352736 4.352736 4.352736 4.352736 4.352736 4.352736 4.352736 4.352736 4.352736 4.352736 4.352736 4.352736 4.352736 4.352736 4.352736 4.352736 4.352736 4.352736 4.352736 4.352736 4.352736 4.352736 4.352736 4.352736 4.352736 4.352736 4.352736 4.352736 4.352736 4.352736 4.352736 4.352736 4.352736 4.352736 4.352736 4.352736 4.352736 4.352736 4.352736 4.352736 4.352736 4.352736 4.352736 4.352736 4.352736 4.352736 4.352736 4.352736 4.352736 4.352736 4.352736 4.352736 4.352736 4.352736 
4.352736 4.352736 4.352736 4.352736 4.352736 4.352736 4.352736 4.352736 4.352736 4.352736 4.352736 4.352736 4.352736 4.352736 4.352736 4.352736 4.352736 4.352736 4.352736 4.352736 4.352736 4.352736 4.352736 4.352736 4.352736 4.352736 4.352736 4.352736 4.352736 4.352736 4.352736 4.352736 4.352736 4.352736 4.352736 4.352736 4.352736 4.352736 4.352736 4.352736 4.352736 4.352736 4.352736 4.352736 4.352736 4.352736 4.352736 4.352736 4.352736 4.352736 4.352736 4.352736 4.352736 4.352736 4.352736 4.352736 4.352736 4.352736 4.352736 4.352736 4.352736 4.352736 4.352736 4.352736 
4.352736 4.352736 4.352736 4.352736 4.352736 4.352736 4.352736 4.352736 4.352736 4.352736 4.352736 4.352736 4.352736 4.352736 4.352736 4.352736 4.352736 4.352736 4.352736 4.352736 4.352736 4.352736 4.352736 4.352736 4.352736 4.352736 4.352736 4.352736 4.352736 4.352736 4.352736 4.352736 4.352736 4.352736 4.352736 4.352736 4.352736 4.352736 4.352736 4.352736 4.352736 4.352736 4.352736 4.352736 4.352736 4.352736 4.352736 4.352736 4.352736 4.352736 4.352736 4.352736 4.352736 4.352736 4.352736 4.352736 4.352736 4.352736 4.352736 4.352736 4.352736 4.352736 4.352736 4.352736 
