3.949398 3.949398 3.949398 3.949398 3.949398 3.949398 3.949398 3.949398 3.949398 3.949398 3.949398 3.949398 3.949398 3.949398 3.949398 3.949398 3.949398 3.949398 3.949398 3.949398 3.949398 3.949398 3.949398 3.949398 3.949398 3.949398 3.949398 3.949398 3.949398 3.949398 3.949398 3.949398 3.949398 3.949398 3.949398 3.949398 3.949398 3.949398 3.949398 3.949398 3.949398 3.949398 3.949398 3.949398 3.949398 3.949398 3.949398 3.949398 3.949398 3.949398 3.949398 3.949398 3.949398 3.949398 3.949398 3.949398 3.949398 3.949398 3.949398 3.949398 3.949398 3.949398 3.949398 3.949398 
3.949398 3.949398 3.949398 3.949398 3.949398 3.949398 3.949398 3.949398 3.949398 3.949398 3.949398 3.949398 3.949398 3.949398 3.949398 3.949398 3.949398 3.949398 3.949398 3.949398 3.949398 3.949398 3.949398 3.949398 3.949398 3.949398 3.949398 3.949398 3.949398 3.949398 3.949398 3.949398 3.949398 3.949398 3.949398 3.949398 3.949398 3.949398 3.949398 3.949398 3.949398 3.949398 3.949398 3.949398 3.949398 3.949398 3.949398 3.949398 3.949398 3.949398 3.949398 3.949398 3.949398 3.949398 3.949398 3.949398 3.949398 3.949398 3.949398 3.949398 3.949398 3.949398 3.949398 3.949398 
3.949398 3.949398 3.949398 3.949398 3.949398 3.949398 3.949398 3.949398 3.949398 3.949398 3.949398 3.949398 3.949398 3.949398 3.949398 3.949398 3.949398 3.949398 3.949398 3.949398 3.949398 3.949398 3.949398 3.949398 3.949398 3.949398 3.949398 3.949398 3.949398 3.949398 3.949398 3.949398 3.949398 3.949398 3.949398 3.949398 3.949398 3.949398 3.949398 3.949398 3.949398 3.949398 3.949398 3.949398 3.949398 3.949398 3.949398 3.949398 3.949398 3.949398 3.949398 3.949398 3.949398 3.949398 3.949398 3.949398 3.949398 3.949398 3.949398 3.949398 3.949398 3.949398 3.949398 3.949398 
3.949398 3.949398 3.949398 3.949398 3.949398 3.949398 3.949398 3.949398 3.949398 3.949398 3.949398 3.949398 3.949398 3.949398 3.949398 3.949398 3.949398 3.949398 3.949398 3.949398 3.949398 3.949398 3.949398 3.949398 3.949398 3.949398 3.949398 3.949398 3.949398 3.949398 3.949398 3.949398 3.949398 3.949398 3.949398 3.949398 3.949398 3.949398 3.949398 3.949398 3.949398 3.949398 3.949398 3.949398 3.949398 3.949398 3.949398 3.949398 3.949398 3.949398 3.949398 3.949398 3.949398 3.949398 3.949398 3.949398 3.949398 3.949398 3.949398 3.949398 3.949398 3.949398 3.949398 3.949398 
3.949398 3.949398 3.949398 3.949398 3.949398 3.949398 3.949398 3.949398 3.949398 3.949398 3.949398 3.949398 3.949398 3.949398 3.949398 3.949398 3.949398 3.949398 3.949398 3.949398 3.949398 3.949398 3.949398 3.949398 3.949398 3.949398 3.949398 3.949398 3.949398 3.949398 3.949398 3.949398 3.949398 3.949398 3.949398 3.949398 3.949398 3.949398 3.949398 3.949398 3.949398 3.949398 3.949398 3.949398 3.949398 3.949398 3.949398 3.949398 3.949398 3.949398 3.949398 3.949398 3.949398 3.949398 3.949398 3.949398 3.949398 3.949398 3.949398 3.949398 3.949398 3.949398 3.949398 3.949398 
3.949398 3.949398 3.949398 3.949398 3.949398 3.949398 3.949398 3.949398 3.949398 3.949398 3.949398 3.949398 3.949398 3.949398 3.949398 3.949398 3.949398 3.949398 3.949398 3.949398 3.949398 3.949398 3.949398 3.949398 3.949398 3.949398 3.949398 3.949398 3.949398 3.949398 3.949398 3.949398 3.949398 3.949398 3.949398 3.949398 3.949398 3.949398 3.949398 3.949398 3.949398 3.949398 3.949398 3.949398 3.949398 3.949398 3.949398 3.949398 3.949398 3.949398 3.949398 3.949398 3.949398 3.949398 3.949398 3.949398 3.949398 3.949398 3.949398 3.949398 3.949398 3.949398 3.949398 3.949398 
3.949398 3.949398 3.949398 3.949398 3.949398 3.949398 3.949398 3.949398 3.949398 3.949398 3.949398 3.949398 3.949398 3.949398 3.949398 3.949398 3.949398 3.949398 3.949398 3.949398 3.949398 3.949398 3.949398 3.949398 3.949398 3.949398 3.949398 3.949398 3.949398 3.949398 3.949398 3.949398 3.949398 3.949398 3.949398 3.949398 3.949398 3.949398 3.949398 3.949398 3.949398 3.949398 3.949398 3.949398 3.949398 3.949398 3.949398 3.949398 3.949398 3.949398 3.949398 3.949398 3.949398 3.949398 3.949398 3.949398 3.949398 3.949398 3.949398 3.949398 3.949398 3.949398 3.949398 3.949398 
3.949398 3.949398 3.949398 3.949398 3.949398 3.949398 3.949398 3.949398 3.949398 3.949398 3.949398 3.949398 3.949398 3.949398 3.949398 3.949398 3.949398 3.949398 3.949398 3.949398 3.949398 3.949398 3.949398 3.949398 3.949398 3.949398 3.949398 3.949398 3.949398 3.949398 3.949398 3.949398 3.949398 3.949398 3.949398 3.949398 3.949398 3.949398 3.949398 3.949398 3.949398 3.949398 3.949398 3.949398 3.949398 3.949398 3.949398 3.949398 3.949398 3.949398 3.949398 3.949398 3.949398 3.949398 3.949398 3.949398 3.949398 3.949398 3.949398 3.949398 3.949398 3.949398 3.949398 3.949398 
3.949398 3.949398 3.949398 3.949398 3.949398 3.949398 3.949398 3.949398 3.949398 3.949398 3.949398 3.949398 3.949398 3.949398 3.949398 3.949398 3.949398 3.949398 3.949398 3.949398 3.949398 3.949398 3.949398 3.949398 3.949398 3.949398 3.949398 3.949398 3.949398 3.949398 3.949398 3.949398 3.949398 3.949398 3.949398 3.949398 3.949398 3.949398 3.949398 3.949398 3.949398 3.949398 3.949398 3.949398 3.949398 3.949398 3.949398 3.949398 3.949398 3.949398 3.949398 3.949398 3.949398 3.949398 3.949398 3.949398 3.949398 3.949398 3.949398 3.949398 3.949398 3.949398 3.949398 3.949398 
3.949398 3.949398 3.949398 3.949398 3.949398 3.949398 3.949398 3.949398 3.949398 3.949398 3.949398 3.949398 3.949398 3.949398 3.949398 3.949398 3.949398 3.949398 3.949398 3.949398 3.949398 3.949398 3.949398 3.949398 3.949398 3.949398 3.949398 3.949398 3.949398 3.949398 3.949398 3.949398 3.949398 3.949398 3.949398 3.949398 3.949398 3.949398 3.949398 3.949398 3.949398 3.949398 3.949398 3.949398 3.949398 3.949398 3.949398 3.949398 3.949398 3.949398 3.949398 3.949398 3.949398 3.949398 3.949398 3.949398 3.949398 3.949398 3.949398 3.949398 3.949398 3.949398 3.949398 3.949398 
3.949398 3.949398 3.949398 3.949398 3.949398 3.949398 3.949398 3.949398 3.949398 3.949398 3.949398 3.949398 3.949398 3.949398 3.949398 3.949398 3.949398 3.949398 3.949398 3.949398 3.949398 3.949398 3.949398 3.949398 3.949398 3.949398 3.949398 3.949398 3.949398 3.949398 3.949398 3.949398 3.949398 3.949398 3.949398 3.949398 3.949398 3.949398 3.949398 3.949398 3.949398 3.949398 3.949398 3.949398 3.949398 3.949398 3.949398 3.949398 3.949398 3.949398 3.949398 3.949398 3.949398 3.949398 3.949398 3.949398 3.949398 3.949398 3.949398 3.949398 3.949398 3.949398 3.949398 3.949398 
3.949398 3.949398 3.949398 3.949398 3.949398 3.949398 3.949398 3.949398 3.949398 3.949398 3.949398 3.949398 3.949398 3.949398 3.949398 3.949398 3.949398 3.949398 3.949398 3.949398 3.949398 3.949398 3.949398 3.949398 3.949398 3.949398 3.949398 3.949398 3.949398 3.949398 3.949398 3.949398 3.949398 3.949398 3.949398 3.949398 3.949398 3.949398 3.949398 3.949398 3.949398 3.949398 3.949398 3.949398 3.949398 3.949398 3.949398 3.949398 3.949398 3.949398 3.949398 3.949398 3.949398 3.949398 3.949398 3.949398 3.949398 3.949398 3.949398 3.949398 3.949398 3.949398 3.949398 3.949398 
3.949398 3.949398 3.949398 3.949398 3.949398 3.949398 3.949398 3.949398 3.949398 3.949398 3.949398 3.949398 3.949398 3.949398 3.949398 3.949398 3.949398 3.949398 3.949398 3.949398 3.949398 3.949398 3.949398 3.949398 3.949398 3.949398 3.949398 3.949398 3.949398 3.949398 3.949398 3.949398 3.949398 3.949398 3.949398 3.949398 3.949398 3.949398 3.949398 3.949398 3.949398 3.949398 3.949398 3.949398 3.949398 3.949398 3.949398 3.949398 3.949398 3.949398 3.949398 3.949398 3.949398 3.949398 3.949398 3.949398 3.949398 3.949398 3.949398 3.949398 3.949398 3.949398 3.949398 3.949398 
3.949398 3.949398 3.949398 3.949398 3.949398 3.949398 3.949398 3.949398 3.949398 3.949398 3.949398 3.949398 3.949398 3.949398 3.949398 3.949398 3.949398 3.949398 3.949398 3.949398 3.949398 3.949398 3.949398 3.949398 3.949398 3.949398 3.949398 3.949398 3.949398 3.949398 3.949398 3.949398 3.949398 3.949398 3.949398 3.949398 3.949398 3.949398 3.949398 3.949398 3.949398 3.949398 3.949398 3.949398 3.949398 3.949398 3.949398 3.949398 3.949398 3.949398 3.949398 3.949398 3.949398 3.949398 3.949398 3.949398 3.949398 3.949398 3.949398 3.949398 3.949398 3.949398 3.949398 3.949398 
3.949398 3.949398 3.949398 3.949398 3.949398 3.949398 3.949398 3.949398 3.949398 3.949398 3.949398 3.949398 3.949398 3.949398 3.949398 3.949398 3.949398 3.949398 3.949398 3.949398 3.949398 3.949398 3.949398 3.949398 3.949398 3.949398 3.949398 3.949398 3.949398 3.949398 3.949398 3.949398 3.949398 3.949398 3.949398 3.949398 3.949398 3.949398 3.949398 3.949398 3.949398 3.949398 3.949398 3.949398 3.949398 3.949398 3.949398 3.949398 3.949398 3.949398 3.949398 3.949398 3.949398 3.949398 3.949398 3.949398 3.949398 3.949398 3.949398 3.949398 3.949398 3.949398 3.949398 3.949398 
3.949398 3.949398 3.949398 3.949398 3.949398 3.949398 3.949398 3.949398 3.949398 3.949398 3.949398 3.949398 3.949398 3.949398 3.949398 3.949398 3.949398 3.949398 3.949398 3.949398 3.949398 3.949398 3.949398 3.949398 3.949398 3.949398 3.949398 3.949398 3.949398 3.949398 3.949398 3.949398 3.949398 3.949398 3.949398 3.949398 3.949398 3.949398 3.949398 3.949398 3.949398 3.949398 3.949398 3.949398 3.949398 3.949398 3.949398 3.949398 3.949398 3.949398 3.949398 3.949398 3.949398 3.949398 3.949398 3.949398 3.949398 3.949398 3.949398 3.949398 3.949398 3.949398 3.949398 3.949398 
3.949398 3.949398 3.949398 3.949398 3.949398 3.949398 3.949398 3.949398 3.949398 3.949398 3.949398 3.949398 3.949398 3.949398 3.949398 3.949398 3.949398 3.949398 3.949398 3.949398 3.949398 3.949398 3.949398 3.949398 3.949398 3.949398 3.949398 3.949398 3.949398 3.949398 3.949398 3.949398 3.949398 3.949398 3.949398 3.949398 3.949398 3.949398 3.949398 3.949398 3.949398 3.949398 3.949398 3.949398 3.949398 3.949398 3.949398 3.949398 3.949398 3.949398 3.949398 3.949398 3.949398 3.949398 3.949398 3.949398 3.949398 3.949398 3.949398 3.949398 3.949398 3.949398 3.949398 3.949398 
3.949398 3.949398 3.949398 3.949398 3.949398 3.949398 3.949398 3.949398 3.949398 3.949398 3.949398 3.949398 3.949398 3.949398 3.949398 3.949398 3.949398 3.949398 3.949398 3.949398 3.949398 3.949398 3.949398 3.949398 3.949398 3.949398 3.949398 3.949398 3.949398 3.949398 3.949398 3.949398 3.949398 3.949398 3.949398 3.949398 3.949398 3.949398 3.949398 3.949398 3.949398 3.949398 3.949398 3.949398 3.949398 3.949398 3.949398 3.949398 3.949398 3.949398 3.949398 3.949398 3.949398 3.949398 3.949398 3.949398 3.949398 3.949398 3.949398 3.949398 3.949398 3.949398 3.949398 3.949398 
3.949398 3.949398 3.949398 3.949398 3.949398 3.949398 3.949398 3.949398 3.949398 3.949398 3.949398 3.949398 3.949398 3.949398 3.949398 3.949398 3.949398 3.949398 3.949398 3.949398 3.949398 3.949398 3.949398 3.949398 3.949398 3.949398 3.949398 3.949398 3.949398 3.949398 3.949398 3.949398 3.949398 3.949398 3.949398 3.949398 3.949398 3.949398 3.949398 3.949398 3.949398 3.949398 3.949398 3.949398 3.949398 3.949398 3.949398 3.949398 3.949398 3.949398 3.949398 3.949398 3.949398 3.949398 3.949398 3.949398 3.949398 3.949398 3.949398 3.949398 3.949398 3.949398 3.949398 3.949398 
3.949398 3.949398 3.949398 3.949398 3.949398 3.949398 3.949398 3.949398 3.949398 3.949398 3.949398 3.949398 3.949398 3.949398 3.949398 3.949398 3.949398 3.949398 3.949398 3.949398 3.949398 3.949398 3.949398 3.949398 3.949398 3.949398 3.949398 3.949398 3.949398 3.949398 3.949398 3.949398 3.949398 3.949398 3.949398 3.949398 3.949398 3.949398 3.949398 3.949398 3.949398 3.949398 3.949398 3.949398 3.949398 3.949398 3.949398 3.949398 3.949398 3.949398 3.949398 3.949398 3.949398 3.949398 3.949398 3.949398 3.949398 3.949398 3.949398 3.949398 3.949398 3.949398 3.949398 3.949398 
3.949398 3.949398 3.949398 3.949398 3.949398 3.949398 3.949398 3.949398 3.949398 3.949398 3.949398 3.949398 3.949398 3.949398 3.949398 3.949398 3.949398 3.949398 3.949398 3.949398 3.949398 3.949398 3.949398 3.949398 3.949398 3.949398 3.949398 3.949398 3.949398 3.949398 3.949398 3.949398 3.949398 3.949398 3.949398 3.949398 3.949398 3.949398 3.949398 3.949398 3.949398 3.949398 3.949398 3.949398 3.949398 3.949398 3.949398 3.949398 3.949398 3.949398 3.949398 3.949398 3.949398 3.949398 3.949398 3.949398 3.949398 3.949398 3.949398 3.949398 3.949398 3.949398 3.949398 3.949398 
3.949398 3.949398 3.949398 3.949398 3.949398 3.949398 3.949398 3.949398 3.949398 3.949398 3.949398 3.949398 3.949398 3.949398 3.949398 3.949398 3.949398 3.949398 3.949398 3.949398 3.949398 3.949398 3.949398 3.949398 3.949398 3.949398 3.949398 3.949398 3.949398 3.949398 3.949398 3.949398 3.949398 3.949398 3.949398 3.949398 3.949398 3.949398 3.949398 3.949398 3.949398 3.949398 3.949398 3.949398 3.949398 3.949398 3.949398 3.949398 3.949398 3.949398 3.949398 3.949398 3.949398 3.949398 3.949398 3.949398 3.949398 3.949398 3.949398 3.949398 3.949398 3.949398 3.949398 3.949398 
3.949398 3.949398 3.949398 3.949398 3.949398 3.949398 3.949398 3.949398 3.949398 3.949398 3.949398 3.949398 3.949398 3.949398 3.949398 3.949398 3.949398 3.949398 3.949398 3.949398 3.949398 3.949398 3.949398 3.949398 3.949398 3.949398 3.949398 3.949398 3.949398 3.949398 3.949398 3.949398 3.949398 3.949398 3.949398 3.949398 3.949398 3.949398 3.949398 3.949398 3.949398 3.949398 3.949398 3.949398 3.949398 3.949398 3.949398 3.949398 3.949398 3.949398 3.949398 3.949398 3.949398 3.949398 3.949398 3.949398 3.949398 3.949398 3.949398 3.949398 3.949398 3.949398 3.949398 3.949398 
3.949398 3.949398 3.949398 3.949398 3.949398 3.949398 3.949398 3.949398 3.949398 3.949398 3.949398 3.949398 3.949398 3.949398 3.949398 3.949398 3.949398 3.949398 3.949398 3.949398 3.949398 3.949398 3.949398 3.949398 3.949398 3.949398 3.949398 3.949398 3.949398 3.949398 3.949398 3.949398 3.949398 3.949398 3.949398 3.949398 3.949398 3.949398 3.949398 3.949398 3.949398 3.949398 3.949398 3.949398 3.949398 3.949398 3.949398 3.949398 3.949398 3.949398 3.949398 3.949398 3.949398 3.949398 3.949398 3.949398 3.949398 3.949398 3.949398 3.949398 3.949398 3.949398 3.949398 3.949398 
3.949398 3.949398 3.949398 3.949398 3.949398 3.949398 3.949398 3.949398 3.949398 3.949398 3.949398 3.949398 3.949398 3.949398 3.949398 3.949398 3.949398 3.949398 3.949398 3.949398 3.949398 3.949398 3.949398 3.949398 3.949398 3.949398 3.949398 3.949398 3.949398 3.949398 3.949398 3.949398 3.949398 3.949398 3.949398 3.949398 3.949398 3.949398 3.949398 3.949398 3.949398 3.949398 3.949398 3.949398 3.949398 3.949398 3.949398 3.949398 3.949398 3.949398 3.949398 3.949398 3.949398 3.949398 3.949398 3.949398 3.949398 3.949398 3.949398 3.949398 3.949398 3.949398 3.949398 3.949398 
3.949398 3.949398 3.949398 3.949398 3.949398 3.949398 3.949398 3.949398 3.949398 3.949398 3.949398 3.949398 3.949398 3.949398 3.949398 3.949398 3.949398 3.949398 3.949398 3.949398 3.949398 3.949398 3.949398 3.949398 3.949398 3.949398 3.949398 3.949398 3.949398 3.949398 3.949398 3.949398 3.949398 3.949398 3.949398 3.949398 3.949398 3.949398 3.949398 3.949398 3.949398 3.949398 3.949398 3.949398 3.949398 3.949398 3.949398 3.949398 3.949398 3.949398 3.949398 3.949398 3.949398 3.949398 3.949398 3.949398 3.949398 3.949398 3.949398 3.949398 3.949398 3.949398 3.949398 3.949398 
3.949398 3.949398 3.949398 3.949398 3.949398 3.949398 3.949398 3.949398 3.949398 3.949398 3.949398 3.949398 3.949398 3.949398 3.949398 3.949398 3.949398 3.949398 3.949398 3.949398 3.949398 3.949398 3.949398 3.949398 3.949398 3.949398 3.949398 3.949398 3.949398 3.949398 3.949398 3.949398 3.949398 3.949398 3.949398 3.949398 3.949398 3.949398 3.949398 3.949398 3.949398 3.949398 3.949398 3.949398 3.949398 3.949398 3.949398 3.949398 3.949398 3.949398 3.949398 3.949398 3.949398 3.949398 3.949398 3.949398 3.949398 3.949398 3.949398 3.949398 3.949398 3.949398 3.949398 3.949398 
3.949398 3.949398 3.949398 3.949398 3.949398 3.949398 3.949398 3.949398 3.949398 3.949398 3.949398 3.949398 3.949398 3.949398 3.949398 3.949398 3.949398 3.949398 3.949398 3.949398 3.949398 3.949398 3.949398 3.949398 3.949398 3.949398 3.949398 3.949398 3.949398 3.949398 3.949398 3.949398 3.949398 3.949398 3.949398 3.949398 3.949398 3.949398 3.949398 3.949398 3.949398 3.949398 3.949398 3.949398 3.949398 3.949398 3.949398 3.949398 3.949398 3.949398 3.949398 3.949398 3.949398 3.949398 3.949398 3.949398 3.949398 3.949398 3.949398 3.949398 3.949398 3.949398 3.949398 3.949398 
3.949398 3.949398 3.949398 3.949398 3.949398 3.949398 3.949398 3.949398 3.949398 3.949398 3.949398 3.949398 3.949398 3.949398 3.949398 3.949398 3.949398 3.949398 3.949398 3.949398 3.949398 3.949398 3.949398 3.949398 3.949398 3.949398 3.949398 3.949398 3.949398 3.949398 3.949398 3.949398 3.949398 3.949398 3.949398 3.949398 3.949398 3.949398 3.949398 3.949398 3.949398 3.949398 3.949398 3.949398 3.949398 3.949398 3.949398 3.949398 3.949398 3.949398 3.949398 3.949398 3.949398 3.949398 3.949398 3.949398 3.949398 3.949398 3.949398 3.949398 3.949398 3.949398 3.949398 3.949398 
3.949398 3.949398 3.949398 3.949398 3.949398 3.949398 3.949398 3.949398 3.949398 3.949398 3.949398 3.949398 3.949398 3.949398 3.949398 3.949398 3.949398 3.949398 3.949398 3.949398 3.949398 3.949398 3.949398 3.949398 3.949398 3.949398 3.949398 3.949398 3.949398 3.949398 3.949398 3.949398 3.949398 3.949398 3.949398 3.949398 3.949398 3.949398 3.949398 3.949398 3.949398 3.949398 3.949398 3.949398 3.949398 3.949398 3.949398 3.949398 3.949398 3.949398 3.949398 3.949398 3.949398 3.949398 3.949398 3.949398 3.949398 3.949398 3.949398 3.949398 3.949398 3.949398 3.949398 3.949398 
3.949398 3.949398 3.949398 3.949398 3.949398 3.949398 3.949398 3.949398 3.949398 3.949398 3.949398 3.949398 3.949398 3.949398 3.949398 3.949398 3.949398 3.949398 3.949398 3.949398 3.949398 3.949398 3.949398 3.949398 3.949398 3.949398 3.949398 3.949398 3.949398 3.949398 3.949398 3.949398 3.949398 3.949398 3.949398 3.949398 3.949398 3.949398 3.949398 3.949398 3.949398 3.949398 3.949398 3.949398 3.949398 3.949398 3.949398 3.949398 3.949398 3.949398 3.949398 3.949398 3.949398 3.949398 3.949398 3.949398 3.949398 3.949398 3.949398 3.949398 3.949398 3.949398 3.949398 3.949398 
3.949398 3.949398 3.949398 3.949398 3.949398 3.949398 3.949398 3.949398 3.949398 3.949398 3.949398 3.949398 3.949398 3.949398 3.949398 3.949398 3.949398 3.949398 3.949398 3.949398 3.949398 3.949398 3.949398 3.949398 3.949398 3.949398 3.949398 3.949398 3.949398 3.949398 3.949398 3.949398 3.949398 3.949398 3.949398 3.949398 3.949398 3.949398 3.949398 3.949398 3.949398 3.949398 3.949398 3.949398 3.949398 3.949398 3.949398 3.949398 3.949398 3.949398 3.949398 3.949398 3.949398 3.949398 3.949398 3.949398 3.949398 3.949398 3.949398 3.949398 3.949398 3.949398 3.949398 3.949398 
3.949398 3.949398 3.949398 3.949398 3.949398 3.949398 3.949398 3.949398 3.949398 3.949398 3.949398 3.949398 3.949398 3.949398 3.949398 3.949398 3.949398 3.949398 3.949398 3.949398 3.949398 3.949398 3.949398 3.949398 3.949398 3.949398 3.949398 3.949398 3.949398 3.949398 3.949398 3.949398 3.949398 3.949398 3.949398 3.949398 3.949398 3.949398 3.949398 3.949398 3.949398 3.949398 3.949398 3.949398 3.949398 3.949398 3.949398 3.949398 3.949398 3.949398 3.949398 3.949398 3.949398 3.949398 3.949398 3.949398 3.949398 3.949398 3.949398 3.949398 3.949398 3.949398 3.949398 3.949398 
3.949398 3.949398 3.949398 3.949398 3.949398 3.949398 3.949398 3.949398 3.949398 3.949398 3.949398 3.949398 3.949398 3.949398 3.949398 3.949398 3.949398 3.949398 3.949398 3.949398 3.949398 3.949398 3.949398 3.949398 3.949398 3.949398 3.949398 3.949398 3.949398 3.949398 3.949398 3.949398 3.949398 3.949398 3.949398 3.949398 3.949398 3.949398 3.949398 3.949398 3.949398 3.949398 3.949398 3.949398 3.949398 3.949398 3.949398 3.949398 3.949398 3.949398 3.949398 3.949398 3.949398 3.949398 3.949398 3.949398 3.949398 3.949398 3.949398 3.949398 3.949398 3.949398 3.949398 3.949398 
3.949398 3.949398 3.949398 3.949398 3.949398 3.949398 3.949398 3.949398 3.949398 3.949398 3.949398 3.949398 3.949398 3.949398 3.949398 3.949398 3.949398 3.949398 3.949398 3.949398 3.949398 3.949398 3.949398 3.949398 3.949398 3.949398 3.949398 3.949398 3.949398 3.949398 3.949398 3.949398 3.949398 3.949398 3.949398 3.949398 3.949398 3.949398 3.949398 3.949398 3.949398 3.949398 3.949398 3.949398 3.949398 3.949398 3.949398 3.949398 3.949398 3.949398 3.949398 3.949398 3.949398 3.949398 3.949398 3.949398 3.949398 3.949398 3.949398 3.949398 3.949398 3.949398 3.949398 3.949398 
3.949398 3.949398 3.949398 3.949398 3.949398 3.949398 3.949398 3.949398 3.949398 3.949398 3.949398 3.949398 3.949398 3.949398 3.949398 3.949398 3.949398 3.949398 3.949398 3.949398 3.949398 3.949398 3.949398 3.949398 3.949398 3.949398 3.949398 3.949398 3.949398 3.949398 3.949398 3.949398 3.949398 3.949398 3.949398 3.949398 3.949398 3.949398 3.949398 3.949398 3.949398 3.949398 3.949398 3.949398 3.949398 3.949398 3.949398 3.949398 3.949398 3.949398 3.949398 3.949398 3.949398 3.949398 3.949398 3.949398 3.949398 3.949398 3.949398 3.949398 3.949398 3.949398 3.949398 3.949398 
3.949398 3.949398 3.949398 3.949398 3.949398 3.949398 3.949398 3.949398 3.949398 3.949398 3.949398 3.949398 3.949398 3.949398 3.949398 3.949398 3.949398 3.949398 3.949398 3.949398 3.949398 3.949398 3.949398 3.949398 3.949398 3.949398 3.949398 3.949398 3.949398 3.949398 3.949398 3.949398 3.949398 3.949398 3.949398 3.949398 3.949398 3.949398 3.949398 3.949398 3.949398 3.949398 3.949398 3.949398 3.949398 3.949398 3.949398 3.949398 3.949398 3.949398 3.949398 3.949398 3.949398 3.949398 3.949398 3.949398 3.949398 3.949398 3.949398 3.949398 3.949398 3.949398 3.949398 3.949398 
3.949398 3.949398 3.949398 3.949398 3.949398 3.949398 3.949398 3.949398 3.949398 3.949398 3.949398 3.949398 3.949398 3.949398 3.949398 3.949398 3.949398 3.949398 3.949398 3.949398 3.949398 3.949398 3.949398 3.949398 3.949398 3.949398 3.949398 3.949398 3.949398 3.949398 3.949398 3.949398 3.949398 3.949398 3.949398 3.949398 3.949398 3.949398 3.949398 3.949398 3.949398 3.949398 3.949398 3.949398 3.949398 3.949398 3.949398 3.949398 3.949398 3.949398 3.949398 3.949398 3.949398 3.949398 3.949398 3.949398 3.949398 3.949398 3.949398 3.949398 3.949398 3.949398 3.949398 3.949398 
3.949398 3.949398 3.949398 3.949398 3.949398 3.949398 3.949398 3.949398 3.949398 3.949398 3.949398 3.949398 3.949398 3.949398 3.949398 3.949398 3.949398 3.949398 3.949398 3.949398 3.949398 3.949398 3.949398 3.949398 3.949398 3.949398 3.949398 3.949398 3.949398 3.949398 3.949398 3.949398 3.949398 3.949398 3.949398 3.949398 3.949398 3.949398 3.949398 3.949398 3.949398 3.949398 3.949398 3.949398 3.949398 3.949398 3.949398 3.949398 3.949398 3.949398 3.949398 3.949398 3.949398 3.949398 3.949398 3.949398 3.949398 3.949398 3.949398 3.949398 3.949398 3.949398 3.949398 3.949398 
3.949398 3.949398 3.949398 3.949398 3.949398 3.949398 3.949398 3.949398 3.949398 3.949398 3.949398 3.949398 3.949398 3.949398 3.949398 3.949398 3.949398 3.949398 3.949398 3.949398 3.949398 3.949398 3.949398 3.949398 3.949398 3.949398 3.949398 3.949398 3.949398 3.949398 3.949398 3.949398 3.949398 3.949398 3.949398 3.949398 3.949398 3.949398 3.949398 3.949398 3.949398 3.949398 3.949398 3.949398 3.949398 3.949398 3.949398 3.949398 3.949398 3.949398 3.949398 3.949398 3.949398 3.949398 3.949398 3.949398 3.949398 3.949398 3.949398 3.949398 3.949398 3.949398 3.949398 3.949398 
3.949398 3.949398 3.949398 3.949398 3.949398 3.949398 3.949398 3.949398 3.949398 3.949398 3.949398 3.949398 3.949398 3.949398 3.949398 3.949398 3.949398 3.949398 3.949398 3.949398 3.949398 3.949398 3.949398 3.949398 3.949398 3.949398 3.949398 3.949398 3.949398 3.949398 3.949398 3.949398 3.949398 3.949398 3.949398 3.949398 3.949398 3.949398 3.949398 3.949398 3.949398 3.949398 3.949398 3.949398 3.949398 3.949398 3.949398 3.949398 3.949398 3.949398 3.949398 3.949398 3.949398 3.949398 3.949398 3.949398 3.949398 3.949398 3.949398 3.949398 3.949398 3.949398 3.949398 3.949398 
3.949398 3.949398 3.949398 3.949398 3.949398 3.949398 3.949398 3.949398 3.949398 3.949398 3.949398 3.949398 3.949398 3.949398 3.949398 3.949398 3.949398 3.949398 3.949398 3.949398 3.949398 3.949398 3.949398 3.949398 3.949398 3.949398 3.949398 3.949398 3.949398 3.949398 3.949398 3.949398 3.949398 3.949398 3.949398 3.949398 3.949398 3.949398 3.949398 3.949398 3.949398 3.949398 3.949398 3.949398 3.949398 3.949398 3.949398 3.949398 3.949398 3.949398 3.949398 3.949398 3.949398 3.949398 3.949398 3.949398 3.949398 3.949398 3.949398 3.949398 3.949398 3.949398 3.949398 3.949398 
3.949398 3.949398 3.949398 3.949398 3.949398 3.949398 3.949398 3.949398 3.949398 3.949398 3.949398 3.949398 3.949398 3.949398 3.949398 3.949398 3.949398 3.949398 3.949398 3.949398 3.949398 3.949398 3.949398 3.949398 3.949398 3.949398 3.949398 3.949398 3.949398 3.949398 3.949398 3.949398 3.949398 3.949398 3.949398 3.949398 3.949398 3.949398 3.949398 3.949398 3.949398 3.949398 3.949398 3.949398 3.949398 3.949398 3.949398 3.949398 3.949398 3.949398 3.949398 3.949398 3.949398 3.949398 3.949398 3.949398 3.949398 3.949398 3.949398 3.949398 3.949398 3.949398 3.949398 3.949398 
3.949398 3.949398 3.949398 3.949398 3.949398 3.949398 3.949398 3.949398 3.949398 3.949398 3.949398 3.949398 3.949398 3.949398 3.949398 3.949398 3.949398 3.949398 3.949398 3.949398 3.949398 3.949398 3.949398 3.949398 3.949398 3.949398 3.949398 3.949398 3.949398 3.949398 3.949398 3.949398 3.949398 3.949398 3.949398 3.949398 3.949398 3.949398 3.949398 3.949398 3.949398 3.949398 3.949398 3.949398 3.949398 3.949398 3.949398 3.949398 3.949398 3.949398 3.949398 3.949398 3.949398 3.949398 3.949398 3.949398 3.949398 3.949398 3.949398 3.949398 3.949398 3.949398 3.949398 3.949398 
3.949398 3.949398 3.949398 3.949398 3.949398 3.949398 3.949398 3.949398 3.949398 3.949398 3.949398 3.949398 3.949398 3.949398 3.949398 3.949398 3.949398 3.949398 3.949398 3.949398 3.949398 3.949398 3.949398 3.949398 3.949398 3.949398 3.949398 3.949398 3.949398 3.949398 3.949398 3.949398 3.949398 3.949398 3.949398 3.949398 3.949398 3.949398 3.949398 3.949398 3.949398 3.949398 3.949398 3.949398 3.949398 3.949398 3.949398 3.949398 3.949398 3.949398 3.949398 3.949398 3.949398 3.949398 3.949398 3.949398 3.949398 3.949398 3.949398 3.949398 3.949398 3.949398 3.949398 3.949398 
3.949398 3.949398 3.949398 3.949398 3.949398 3.949398 3.949398 3.949398 3.949398 3.949398 3.949398 3.949398 3.949398 3.949398 3.949398 3.949398 3.949398 3.949398 3.949398 3.949398 3.949398 3.949398 3.949398 3.949398 3.949398 3.949398 3.949398 3.949398 3.949398 3.949398 3.949398 3.949398 3.949398 3.949398 3.949398 3.949398 3.949398 3.949398 3.949398 3.949398 3.949398 3.949398 3.949398 3.949398 3.949398 3.949398 3.949398 3.949398 3.949398 3.949398 3.949398 3.949398 3.949398 3.949398 3.949398 3.949398 3.949398 3.949398 3.949398 3.949398 3.949398 3.949398 3.949398 3.949398 
3.949398 3.949398 3.949398 3.949398 3.949398 3.949398 3.949398 3.949398 3.949398 3.949398 3.949398 3.949398 3.949398 3.949398 3.949398 3.949398 3.949398 3.949398 3.949398 3.949398 3.949398 3.949398 3.949398 3.949398 3.949398 3.949398 3.949398 3.949398 3.949398 3.949398 3.949398 3.949398 3.949398 3.949398 3.949398 3.949398 3.949398 3.949398 3.949398 3.949398 3.949398 3.949398 3.949398 3.949398 3.949398 3.949398 3.949398 3.949398 3.949398 3.949398 3.949398 3.949398 3.949398 3.949398 3.949398 3.949398 3.949398 3.949398 3.949398 3.949398 3.949398 3.949398 3.949398 3.949398 
3.949398 3.949398 3.949398 3.949398 3.949398 3.949398 3.949398 3.949398 3.949398 3.949398 3.949398 3.949398 3.949398 3.949398 3.949398 3.949398 3.949398 3.949398 3.949398 3.949398 3.949398 3.949398 3.949398 3.949398 3.949398 3.949398 3.949398 3.949398 3.949398 3.949398 3.949398 3.949398 3.949398 3.949398 3.949398 3.949398 3.949398 3.949398 3.949398 3.949398 3.949398 3.949398 3.949398 3.949398 3.949398 3.949398 3.949398 3.949398 3.949398 3.949398 3.949398 3.949398 3.949398 3.949398 3.949398 3.949398 3.949398 3.949398 3.949398 3.949398 3.949398 3.949398 3.949398 3.949398 
3.949398 3.949398 3.949398 3.949398 3.949398 3.949398 3.949398 3.949398 3.949398 3.949398 3.949398 3.949398 3.949398 3.949398 3.949398 3.949398 3.949398 3.949398 3.949398 3.949398 3.949398 3.949398 3.949398 3.949398 3.949398 3.949398 3.949398 3.949398 3.949398 3.949398 3.949398 3.949398 3.949398 3.949398 3.949398 3.949398 3.949398 3.949398 3.949398 3.949398 3.949398 3.949398 3.949398 3.949398 3.949398 3.949398 3.949398 3.949398 3.949398 3.949398 3.949398 3.949398 3.949398 3.949398 3.949398 3.949398 3.949398 3.949398 3.949398 3.949398 3.949398 3.949398 3.949398 3.949398 
3.949398 3.949398 3.949398 3.949398 3.949398 3.949398 3.949398 3.949398 3.949398 3.949398 3.949398 3.949398 3.949398 3.949398 3.949398 3.949398 3.949398 3.949398 3.949398 3.949398 3.949398 3.949398 3.949398 3.949398 3.949398 3.949398 3.949398 3.949398 3.949398 3.949398 3.949398 3.949398 3.949398 3.949398 3.949398 3.949398 3.949398 3.949398 3.949398 3.949398 3.949398 3.949398 3.949398 3.949398 3.949398 3.949398 3.949398 3.949398 3.949398 3.949398 3.949398 3.949398 3.949398 3.949398 3.949398 3.949398 3.949398 3.949398 3.949398 3.949398 3.949398 3.949398 3.949398 3.949398 
3.949398 3.949398 3.949398 3.949398 3.949398 3.949398 3.949398 3.949398 3.949398 3.949398 3.949398 3.949398 3.949398 3.949398 3.949398 3.949398 3.949398 3.949398 3.949398 3.949398 3.949398 3.949398 3.949398 3.949398 3.949398 3.949398 3.949398 3.949398 3.949398 3.949398 3.949398 3.949398 3.949398 3.949398 3.949398 3.949398 3.949398 3.949398 3.949398 3.949398 3.949398 3.949398 3.949398 3.949398 3.949398 3.949398 3.949398 3.949398 3.949398 3.949398 3.949398 3.949398 3.949398 3.949398 3.949398 3.949398 3.949398 3.949398 3.949398 3.949398 3.949398 3.949398 3.949398 3.949398 
3.949398 3.949398 3.949398 3.949398 3.949398 3.949398 3.949398 3.949398 3.949398 3.949398 3.949398 3.949398 3.949398 3.949398 3.949398 3.949398 3.949398 3.949398 3.949398 3.949398 3.949398 3.949398 3.949398 3.949398 3.949398 3.949398 3.949398 3.949398 3.949398 3.949398 3.949398 3.949398 3.949398 3.949398 3.949398 3.949398 3.949398 3.949398 3.949398 3.949398 3.949398 3.949398 3.949398 3.949398 3.949398 3.949398 3.949398 3.949398 3.949398 3.949398 3.949398 3.949398 3.949398 3.949398 3.949398 3.949398 3.949398 3.949398 3.949398 3.949398 3.949398 3.949398 3.949398 3.949398 
3.949398 3.949398 3.949398 3.949398 3.949398 3.949398 3.949398 3.949398 3.949398 3.949398 3.949398 3.949398 3.949398 3.949398 3.949398 3.949398 3.949398 3.949398 3.949398 3.949398 3.949398 3.949398 3.949398 3.949398 3.949398 3.949398 3.949398 3.949398 3.949398 3.949398 3.949398 3.949398 3.949398 3.949398 3.949398 3.949398 3.949398 3.949398 3.949398 3.949398 3.949398 3.949398 3.949398 3.949398 3.949398 3.949398 3.949398 3.949398 3.949398 3.949398 3.949398 3.949398 3.949398 3.949398 3.949398 3.949398 3.949398 3.949398 3.949398 3.949398 3.949398 3.949398 3.949398 3.949398 
3.949398 3.949398 3.949398 3.949398 3.949398 3.949398 3.949398 3.949398 3.949398 3.949398 3.949398 3.949398 3.949398 3.949398 3.949398 3.949398 3.949398 3.949398 3.949398 3.949398 3.949398 3.949398 3.949398 3.949398 3.949398 3.949398 3.949398 3.949398 3.949398 3.949398 3.949398 3.949398 3.949398 3.949398 3.949398 3.949398 3.949398 3.949398 3.949398 3.949398 3.949398 3.949398 3.949398 3.949398 3.949398 3.949398 3.949398 3.949398 3.949398 3.949398 3.949398 3.949398 3.949398 3.949398 3.949398 3.949398 3.949398 3.949398 3.949398 3.949398 3.949398 3.949398 3.949398 3.949398 
3.949398 3.949398 3.949398 3.949398 3.949398 3.949398 3.949398 3.949398 3.949398 3.949398 3.949398 3.949398 3.949398 3.949398 3.949398 3.949398 3.949398 3.949398 3.949398 3.949398 3.949398 3.949398 3.949398 3.949398 3.949398 3.949398 3.949398 3.949398 3.949398 3.949398 3.949398 3.949398 3.949398 3.949398 3.949398 3.949398 3.949398 3.949398 3.949398 3.949398 3.949398 3.949398 3.949398 3.949398 3.949398 3.949398 3.949398 3.949398 3.949398 3.949398 3.949398 3.949398 3.949398 3.949398 3.949398 3.949398 3.949398 3.949398 3.949398 3.949398 3.949398 3.949398 3.949398 3.949398 
3.949398 3.949398 3.949398 3.949398 3.949398 3.949398 3.949398 3.949398 3.949398 3.949398 3.949398 3.949398 3.949398 3.949398 3.949398 3.949398 3.949398 3.949398 3.949398 3.949398 3.949398 3.949398 3.949398 3.949398 3.949398 3.949398 3.949398 3.949398 3.949398 3.949398 3.949398 3.949398 3.949398 3.949398 3.949398 3.949398 3.949398 3.949398 3.949398 3.949398 3.949398 3.949398 3.949398 3.949398 3.949398 3.949398 3.949398 3.949398 3.949398 3.949398 3.949398 3.949398 3.949398 3.949398 3.949398 3.949398 3.949398 3.949398 3.949398 3.949398 3.949398 3.949398 3.949398 3.949398 
3.949398 3.949398 3.949398 3.949398 3.949398 3.949398 3.949398 3.949398 3.949398 3.949398 3.949398 3.949398 3.949398 3.949398 3.949398 3.949398 3.949398 3.949398 3.949398 3.949398 3.949398 3.949398 3.949398 3.949398 3.949398 3.949398 3.949398 3.949398 3.949398 3.949398 3.949398 3.949398 3.949398 3.949398 3.949398 3.949398 3.949398 3.949398 3.949398 3.949398 3.949398 3.949398 3.949398 3.949398 3.949398 3.949398 3.949398 3.949398 3.949398 3.949398 3.949398 3.949398 3.949398 3.949398 3.949398 3.949398 3.949398 3.949398 3.949398 3.949398 3.949398 3.949398 3.949398 3.949398 
3.949398 3.949398 3.949398 3.949398 3.949398 3.949398 3.949398 3.949398 3.949398 3.949398 3.949398 3.949398 3.949398 3.949398 3.949398 3.949398 3.949398 3.949398 3.949398 3.949398 3.949398 3.949398 3.949398 3.949398 3.949398 3.949398 3.949398 3.949398 3.949398 3.949398 3.949398 3.949398 3.949398 3.949398 3.949398 3.949398 3.949398 3.949398 3.949398 3.949398 3.949398 3.949398 3.949398 3.949398 3.949398 3.949398 3.949398 3.949398 3.949398 3.949398 3.949398 3.949398 3.949398 3.949398 3.949398 3.949398 3.949398 3.949398 3.949398 3.949398 3.949398 3.949398 3.949398 3.949398 
3.949398 3.949398 3.949398 3.949398 3.949398 3.949398 3.949398 3.949398 3.949398 3.949398 3.949398 3.949398 3.949398 3.949398 3.949398 3.949398 3.949398 3.949398 3.949398 3.949398 3.949398 3.949398 3.949398 3.949398 3.949398 3.949398 3.949398 3.949398 3.949398 3.949398 3.949398 3.949398 3.949398 3.949398 3.949398 3.949398 3.949398 3.949398 3.949398 3.949398 3.949398 3.949398 3.949398 3.949398 3.949398 3.949398 3.949398 3.949398 3.949398 3.949398 3.949398 3.949398 3.949398 3.949398 3.949398 3.949398 3.949398 3.949398 3.949398 3.949398 3.949398 3.949398 3.949398 3.949398 
3.949398 3.949398 3.949398 3.949398 3.949398 3.949398 3.949398 3.949398 3.949398 3.949398 3.949398 3.949398 3.949398 3.949398 3.949398 3.949398 3.949398 3.949398 3.949398 3.949398 3.949398 3.949398 3.949398 3.949398 3.949398 3.949398 3.949398 3.949398 3.949398 3.949398 3.949398 3.949398 3.949398 3.949398 3.949398 3.949398 3.949398 3.949398 3.949398 3.949398 3.949398 3.949398 3.949398 3.949398 3.949398 3.949398 3.949398 3.949398 3.949398 3.949398 3.949398 3.949398 3.949398 3.949398 3.949398 3.949398 3.949398 3.949398 3.949398 3.949398 3.949398 3.949398 3.949398 3.949398 
3.949398 3.949398 3.949398 3.949398 3.949398 3.949398 3.949398 3.949398 3.949398 3.949398 3.949398 3.949398 3.949398 3.949398 3.949398 3.949398 3.949398 3.949398 3.949398 3.949398 3.949398 3.949398 3.949398 3.949398 3.949398 3.949398 3.949398 3.949398 3.949398 3.949398 3.949398 3.949398 3.949398 3.949398 3.949398 3.949398 3.949398 3.949398 3.949398 3.949398 3.949398 3.949398 3.949398 3.949398 3.949398 3.949398 3.949398 3.949398 3.949398 3.949398 3.949398 3.949398 3.949398 3.949398 3.949398 3.949398 3.949398 3.949398 3.949398 3.949398 3.949398 3.949398 3.949398 3.949398 
3.949398 3.949398 3.949398 3.949398 3.949398 3.949398 3.949398 3.949398 3.949398 3.949398 3.949398 3.949398 3.949398 3.949398 3.949398 3.949398 3.949398 3.949398 3.949398 3.949398 3.949398 3.949398 3.949398 3.949398 3.949398 3.949398 3.949398 3.949398 3.949398 3.949398 3.949398 3.949398 3.949398 3.949398 3.949398 3.949398 3.949398 3.949398 3.949398 3.949398 3.949398 3.949398 3.949398 3.949398 3.949398 3.949398 3.949398 3.949398 3.949398 3.949398 3.949398 3.949398 3.949398 3.949398 3.949398 3.949398 3.949398 3.949398 3.949398 3.949398 3.949398 3.949398 3.949398 3.949398 
3.949398 3.949398 3.949398 3.949398 3.949398 3.949398 3.949398 3.949398 3.949398 3.949398 3.949398 3.949398 3.949398 3.949398 3.949398 3.949398 3.949398 3.949398 3.949398 3.949398 3.949398 3.949398 3.949398 3.949398 3.949398 3.949398 3.949398 3.949398 3.949398 3.949398 3.949398 3.949398 3.949398 3.949398 3.949398 3.949398 3.949398 3.949398 3.949398 3.949398 3.949398 3.949398 3.949398 3.949398 3.949398 3.949398 3.949398 3.949398 3.949398 3.949398 3.949398 3.949398 3.949398 3.949398 3.949398 3.949398 3.949398 3.949398 3.949398 3.949398 3.949398 3.949398 3.949398 3.949398 
3.949398 3.949398 3.949398 3.949398 3.949398 3.949398 3.949398 3.949398 3.949398 3.949398 3.949398 3.949398 3.949398 3.949398 3.949398 3.949398 3.949398 3.949398 3.949398 3.949398 3.949398 3.949398 3.949398 3.949398 3.949398 3.949398 3.949398 3.949398 3.949398 3.949398 3.949398 3.949398 3.949398 3.949398 3.949398 3.949398 3.949398 3.949398 3.949398 3.949398 3.949398 3.949398 3.949398 3.949398 3.949398 3.949398 3.949398 3.949398 3.949398 3.949398 3.949398 3.949398 3.949398 3.949398 3.949398 3.949398 3.949398 3.949398 3.949398 3.949398 3.949398 3.949398 3.949398 3.949398 
