9.193213 9.193213 9.193213 9.193213 9.193213 9.193213 9.193213 9.193213 9.193213 9.193213 9.193213 9.193213 9.193213 9.193213 9.193213 9.193213 9.193213 9.193213 9.193213 9.193213 9.193213 9.193213 9.193213 9.193213 9.193213 9.193213 9.193213 9.193213 9.193213 9.193213 9.193213 9.193213 9.193213 9.193213 9.193213 9.193213 9.193213 9.193213 9.193213 9.193213 9.193213 9.193213 9.193213 9.193213 9.193213 9.193213 9.193213 9.193213 9.193213 9.193213 9.193213 9.193213 9.193213 9.193213 9.193213 9.193213 9.193213 9.193213 9.193213 9.193213 9.193213 9.193213 9.193213 9.193213 
9.193213 9.193213 9.193213 9.193213 9.193213 9.193213 9.193213 9.193213 9.193213 9.193213 9.193213 9.193213 9.193213 9.193213 9.193213 9.193213 9.193213 9.193213 9.193213 9.193213 9.193213 9.193213 9.193213 9.193213 9.193213 9.193213 9.193213 9.193213 9.193213 9.193213 9.193213 9.193213 9.193213 9.193213 9.193213 9.193213 9.193213 9.193213 9.193213 9.193213 9.193213 9.193213 9.193213 9.193213 9.193213 9.193213 9.193213 9.193213 9.193213 9.193213 9.193213 9.193213 9.193213 9.193213 9.193213 9.193213 9.193213 9.193213 9.193213 9.193213 9.193213 9.193213 9.193213 9.193213 
9.193213 9.193213 9.193213 9.193213 9.193213 9.193213 9.193213 9.193213 9.193213 9.193213 9.193213 9.193213 9.193213 9.193213 9.193213 9.193213 9.193213 9.193213 9.193213 9.193213 9.193213 9.193213 9.193213 9.193213 9.193213 9.193213 9.193213 9.193213 9.193213 9.193213 9.193213 9.193213 9.193213 9.193213 9.193213 9.193213 9.193213 9.193213 9.193213 9.193213 9.193213 9.193213 9.193213 9.193213 9.193213 9.193213 9.193213 9.193213 9.193213 9.193213 9.193213 9.193213 9.193213 9.193213 9.193213 9.193213 9.193213 9.193213 9.193213 9.193213 9.193213 9.193213 9.193213 9.193213 
9.193213 9.193213 9.193213 9.193213 9.193213 9.193213 9.193213 9.193213 9.193213 9.193213 9.193213 9.193213 9.193213 9.193213 9.193213 9.193213 9.193213 9.193213 9.193213 9.193213 9.193213 9.193213 9.193213 9.193213 9.193213 9.193213 9.193213 9.193213 9.193213 9.193213 9.193213 9.193213 9.193213 9.193213 9.193213 9.193213 9.193213 9.193213 9.193213 9.193213 9.193213 9.193213 9.193213 9.193213 9.193213 9.193213 9.193213 9.193213 9.193213 9.193213 9.193213 9.193213 9.193213 9.193213 9.193213 9.193213 9.193213 9.193213 9.193213 9.193213 9.193213 9.193213 9.193213 9.193213 
9.193213 9.193213 9.193213 9.193213 9.193213 9.193213 9.193213 9.193213 9.193213 9.193213 9.193213 9.193213 9.193213 9.193213 9.193213 9.193213 9.193213 9.193213 9.193213 9.193213 9.193213 9.193213 9.193213 9.193213 9.193213 9.193213 9.193213 9.193213 9.193213 9.193213 9.193213 9.193213 9.193213 9.193213 9.193213 9.193213 9.193213 9.193213 9.193213 9.193213 9.193213 9.193213 9.193213 9.193213 9.193213 9.193213 9.193213 9.193213 9.193213 9.193213 9.193213 9.193213 9.193213 9.193213 9.193213 9.193213 9.193213 9.193213 9.193213 9.193213 9.193213 9.193213 9.193213 9.193213 
9.193213 9.193213 9.193213 9.193213 9.193213 9.193213 9.193213 9.193213 9.193213 9.193213 9.193213 9.193213 9.193213 9.193213 9.193213 9.193213 9.193213 9.193213 9.193213 9.193213 9.193213 9.193213 9.193213 9.193213 9.193213 9.193213 9.193213 9.193213 9.193213 9.193213 9.193213 9.193213 9.193213 9.193213 9.193213 9.193213 9.193213 9.193213 9.193213 9.193213 9.193213 9.193213 9.193213 9.193213 9.193213 9.193213 9.193213 9.193213 9.193213 9.193213 9.193213 9.193213 9.193213 9.193213 9.193213 9.193213 9.193213 9.193213 9.193213 9.193213 9.193213 9.193213 9.193213 9.193213 
9.193213 9.193213 9.193213 9.193213 9.193213 9.193213 9.193213 9.193213 9.193213 9.193213 9.193213 9.193213 9.193213 9.193213 9.193213 9.193213 9.193213 9.193213 9.193213 9.193213 9.193213 9.193213 9.193213 9.193213 9.193213 9.193213 9.193213 9.193213 9.193213 9.193213 9.193213 9.193213 9.193213 9.193213 9.193213 9.193213 9.193213 9.193213 9.193213 9.193213 9.193213 9.193213 9.193213 9.193213 9.193213 9.193213 9.193213 9.193213 9.193213 9.193213 9.193213 9.193213 9.193213 9.193213 9.193213 9.193213 9.193213 9.193213 9.193213 9.193213 9.193213 9.193213 9.193213 9.193213 
9.193213 9.193213 9.193213 9.193213 9.193213 9.193213 9.193213 9.193213 9.193213 9.193213 9.193213 9.193213 9.193213 9.193213 9.193213 9.193213 9.193213 9.193213 9.193213 9.193213 9.193213 9.193213 9.193213 9.193213 9.193213 9.193213 9.193213 9.193213 9.193213 9.193213 9.193213 9.193213 9.193213 9.193213 9.193213 9.193213 9.193213 9.193213 9.193213 9.193213 9.193213 9.193213 9.193213 9.193213 9.193213 9.193213 9.193213 9.193213 9.193213 9.193213 9.193213 9.193213 9.193213 9.193213 9.193213 9.193213 9.193213 9.193213 9.193213 9.193213 9.193213 9.193213 9.193213 9.193213 
9.193213 9.193213 9.193213 9.193213 9.193213 9.193213 9.193213 9.193213 9.193213 9.193213 9.193213 9.193213 9.193213 9.193213 9.193213 9.193213 9.193213 9.193213 9.193213 9.193213 9.193213 9.193213 9.193213 9.193213 9.193213 9.193213 9.193213 9.193213 9.193213 9.193213 9.193213 9.193213 9.193213 9.193213 9.193213 9.193213 9.193213 9.193213 9.193213 9.193213 9.193213 9.193213 9.193213 9.193213 9.193213 9.193213 9.193213 9.193213 9.193213 9.193213 9.193213 9.193213 9.193213 9.193213 9.193213 9.193213 9.193213 9.193213 9.193213 9.193213 9.193213 9.193213 9.193213 9.193213 
9.193213 9.193213 9.193213 9.193213 9.193213 9.193213 9.193213 9.193213 9.193213 9.193213 9.193213 9.193213 9.193213 9.193213 9.193213 9.193213 9.193213 9.193213 9.193213 9.193213 9.193213 9.193213 9.193213 9.193213 9.193213 9.193213 9.193213 9.193213 9.193213 9.193213 9.193213 9.193213 9.193213 9.193213 9.193213 9.193213 9.193213 9.193213 9.193213 9.193213 9.193213 9.193213 9.193213 9.193213 9.193213 9.193213 9.193213 9.193213 9.193213 9.193213 9.193213 9.193213 9.193213 9.193213 9.193213 9.193213 9.193213 9.193213 9.193213 9.193213 9.193213 9.193213 9.193213 9.193213 
9.193213 9.193213 9.193213 9.193213 9.193213 9.193213 9.193213 9.193213 9.193213 9.193213 9.193213 9.193213 9.193213 9.193213 9.193213 9.193213 9.193213 9.193213 9.193213 9.193213 9.193213 9.193213 9.193213 9.193213 9.193213 9.193213 9.193213 9.193213 9.193213 9.193213 9.193213 9.193213 9.193213 9.193213 9.193213 9.193213 9.193213 9.193213 9.193213 9.193213 9.193213 9.193213 9.193213 9.193213 9.193213 9.193213 9.193213 9.193213 9.193213 9.193213 9.193213 9.193213 9.193213 9.193213 9.193213 9.193213 9.193213 9.193213 9.193213 9.193213 9.193213 9.193213 9.193213 9.193213 
9.193213 9.193213 9.193213 9.193213 9.193213 9.193213 9.193213 9.193213 9.193213 9.193213 9.193213 9.193213 9.193213 9.193213 9.193213 9.193213 9.193213 9.193213 9.193213 9.193213 9.193213 9.193213 9.193213 9.193213 9.193213 9.193213 9.193213 9.193213 9.193213 9.193213 9.193213 9.193213 9.193213 9.193213 9.193213 9.193213 9.193213 9.193213 9.193213 9.193213 9.193213 9.193213 9.193213 9.193213 9.193213 9.193213 9.193213 9.193213 9.193213 9.193213 9.193213 9.193213 9.193213 9.193213 9.193213 9.193213 9.193213 9.193213 9.193213 9.193213 9.193213 9.193213 9.193213 9.193213 
9.193213 9.193213 9.193213 9.193213 9.193213 9.193213 9.193213 9.193213 9.193213 9.193213 9.193213 9.193213 9.193213 9.193213 9.193213 9.193213 9.193213 9.193213 9.193213 9.193213 9.193213 9.193213 9.193213 9.193213 9.193213 9.193213 9.193213 9.193213 9.193213 9.193213 9.193213 9.193213 9.193213 9.193213 9.193213 9.193213 9.193213 9.193213 9.193213 9.193213 9.193213 9.193213 9.193213 9.193213 9.193213 9.193213 9.193213 9.193213 9.193213 9.193213 9.193213 9.193213 9.193213 9.193213 9.193213 9.193213 9.193213 9.193213 9.193213 9.193213 9.193213 9.193213 9.193213 9.193213 
9.193213 9.193213 9.193213 9.193213 9.193213 9.193213 9.193213 9.193213 9.193213 9.193213 9.193213 9.193213 9.193213 9.193213 9.193213 9.193213 9.193213 9.193213 9.193213 9.193213 9.193213 9.193213 9.193213 9.193213 9.193213 9.193213 9.193213 9.193213 9.193213 9.193213 9.193213 9.193213 9.193213 9.193213 9.193213 9.193213 9.193213 9.193213 9.193213 9.193213 9.193213 9.193213 9.193213 9.193213 9.193213 9.193213 9.193213 9.193213 9.193213 9.193213 9.193213 9.193213 9.193213 9.193213 9.193213 9.193213 9.193213 9.193213 9.193213 9.193213 9.193213 9.193213 9.193213 9.193213 
9.193213 9.193213 9.193213 9.193213 9.193213 9.193213 9.193213 9.193213 9.193213 9.193213 9.193213 9.193213 9.193213 9.193213 9.193213 9.193213 9.193213 9.193213 9.193213 9.193213 9.193213 9.193213 9.193213 9.193213 9.193213 9.193213 9.193213 9.193213 9.193213 9.193213 9.193213 9.193213 9.193213 9.193213 9.193213 9.193213 9.193213 9.193213 9.193213 9.193213 9.193213 9.193213 9.193213 9.193213 9.193213 9.193213 9.193213 9.193213 9.193213 9.193213 9.193213 9.193213 9.193213 9.193213 9.193213 9.193213 9.193213 9.193213 9.193213 9.193213 9.193213 9.193213 9.193213 9.193213 
9.193213 9.193213 9.193213 9.193213 9.193213 9.193213 9.193213 9.193213 9.193213 9.193213 9.193213 9.193213 9.193213 9.193213 9.193213 9.193213 9.193213 9.193213 9.193213 9.193213 9.193213 9.193213 9.193213 9.193213 9.193213 9.193213 9.193213 9.193213 9.193213 9.193213 9.193213 9.193213 9.193213 9.193213 9.193213 9.193213 9.193213 9.193213 9.193213 9.193213 9.193213 9.193213 9.193213 9.193213 9.193213 9.193213 9.193213 9.193213 9.193213 9.193213 9.193213 9.193213 9.193213 9.193213 9.193213 9.193213 9.193213 9.193213 9.193213 9.193213 9.193213 9.193213 9.193213 9.193213 
9.193213 9.193213 9.193213 9.193213 9.193213 9.193213 9.193213 9.193213 9.193213 9.193213 9.193213 9.193213 9.193213 9.193213 9.193213 9.193213 9.193213 9.193213 9.193213 9.193213 9.193213 9.193213 9.193213 9.193213 9.193213 9.193213 9.193213 9.193213 9.193213 9.193213 9.193213 9.193213 9.193213 9.193213 9.193213 9.193213 9.193213 9.193213 9.193213 9.193213 9.193213 9.193213 9.193213 9.193213 9.193213 9.193213 9.193213 9.193213 9.193213 9.193213 9.193213 9.193213 9.193213 9.193213 9.193213 9.193213 9.193213 9.193213 9.193213 9.193213 9.193213 9.193213 9.193213 9.193213 
9.193213 9.193213 9.193213 9.193213 9.193213 9.193213 9.193213 9.193213 9.193213 9.193213 9.193213 9.193213 9.193213 9.193213 9.193213 9.193213 9.193213 9.193213 9.193213 9.193213 9.193213 9.193213 9.193213 9.193213 9.193213 9.193213 9.193213 9.193213 9.193213 9.193213 9.193213 9.193213 9.193213 9.193213 9.193213 9.193213 9.193213 9.193213 9.193213 9.193213 9.193213 9.193213 9.193213 9.193213 9.193213 9.193213 9.193213 9.193213 9.193213 9.193213 9.193213 9.193213 9.193213 9.193213 9.193213 9.193213 9.193213 9.193213 9.193213 9.193213 9.193213 9.193213 9.193213 9.193213 
9.193213 9.193213 9.193213 9.193213 9.193213 9.193213 9.193213 9.193213 9.193213 9.193213 9.193213 9.193213 9.193213 9.193213 9.193213 9.193213 9.193213 9.193213 9.193213 9.193213 9.193213 9.193213 9.193213 9.193213 9.193213 9.193213 9.193213 9.193213 9.193213 9.193213 9.193213 9.193213 9.193213 9.193213 9.193213 9.193213 9.193213 9.193213 9.193213 9.193213 9.193213 9.193213 9.193213 9.193213 9.193213 9.193213 9.193213 9.193213 9.193213 9.193213 9.193213 9.193213 9.193213 9.193213 9.193213 9.193213 9.193213 9.193213 9.193213 9.193213 9.193213 9.193213 9.193213 9.193213 
9.193213 9.193213 9.193213 9.193213 9.193213 9.193213 9.193213 9.193213 9.193213 9.193213 9.193213 9.193213 9.193213 9.193213 9.193213 9.193213 9.193213 9.193213 9.193213 9.193213 9.193213 9.193213 9.193213 9.193213 9.193213 9.193213 9.193213 9.193213 9.193213 9.193213 9.193213 9.193213 9.193213 9.193213 9.193213 9.193213 9.193213 9.193213 9.193213 9.193213 9.193213 9.193213 9.193213 9.193213 9.193213 9.193213 9.193213 9.193213 9.193213 9.193213 9.193213 9.193213 9.193213 9.193213 9.193213 9.193213 9.193213 9.193213 9.193213 9.193213 9.193213 9.193213 9.193213 9.193213 
9.193213 9.193213 9.193213 9.193213 9.193213 9.193213 9.193213 9.193213 9.193213 9.193213 9.193213 9.193213 9.193213 9.193213 9.193213 9.193213 9.193213 9.193213 9.193213 9.193213 9.193213 9.193213 9.193213 9.193213 9.193213 9.193213 9.193213 9.193213 9.193213 9.193213 9.193213 9.193213 9.193213 9.193213 9.193213 9.193213 9.193213 9.193213 9.193213 9.193213 9.193213 9.193213 9.193213 9.193213 9.193213 9.193213 9.193213 9.193213 9.193213 9.193213 9.193213 9.193213 9.193213 9.193213 9.193213 9.193213 9.193213 9.193213 9.193213 9.193213 9.193213 9.193213 9.193213 9.193213 
9.193213 9.193213 9.193213 9.193213 9.193213 9.193213 9.193213 9.193213 9.193213 9.193213 9.193213 9.193213 9.193213 9.193213 9.193213 9.193213 9.193213 9.193213 9.193213 9.193213 9.193213 9.193213 9.193213 9.193213 9.193213 9.193213 9.193213 9.193213 9.193213 9.193213 9.193213 9.193213 9.193213 9.193213 9.193213 9.193213 9.193213 9.193213 9.193213 9.193213 9.193213 9.193213 9.193213 9.193213 9.193213 9.193213 9.193213 9.193213 9.193213 9.193213 9.193213 9.193213 9.193213 9.193213 9.193213 9.193213 9.193213 9.193213 9.193213 9.193213 9.193213 9.193213 9.193213 9.193213 
9.193213 9.193213 9.193213 9.193213 9.193213 9.193213 9.193213 9.193213 9.193213 9.193213 9.193213 9.193213 9.193213 9.193213 9.193213 9.193213 9.193213 9.193213 9.193213 9.193213 9.193213 9.193213 9.193213 9.193213 9.193213 9.193213 9.193213 9.193213 9.193213 9.193213 9.193213 9.193213 9.193213 9.193213 9.193213 9.193213 9.193213 9.193213 9.193213 9.193213 9.193213 9.193213 9.193213 9.193213 9.193213 9.193213 9.193213 9.193213 9.193213 9.193213 9.193213 9.193213 9.193213 9.193213 9.193213 9.193213 9.193213 9.193213 9.193213 9.193213 9.193213 9.193213 9.193213 9.193213 
9.193213 9.193213 9.193213 9.193213 9.193213 9.193213 9.193213 9.193213 9.193213 9.193213 9.193213 9.193213 9.193213 9.193213 9.193213 9.193213 9.193213 9.193213 9.193213 9.193213 9.193213 9.193213 9.193213 9.193213 9.193213 9.193213 9.193213 9.193213 9.193213 9.193213 9.193213 9.193213 9.193213 9.193213 9.193213 9.193213 9.193213 9.193213 9.193213 9.193213 9.193213 9.193213 9.193213 9.193213 9.193213 9.193213 9.193213 9.193213 9.193213 9.193213 9.193213 9.193213 9.193213 9.193213 9.193213 9.193213 9.193213 9.193213 9.193213 9.193213 9.193213 9.193213 9.193213 9.193213 
9.193213 9.193213 9.193213 9.193213 9.193213 9.193213 9.193213 9.193213 9.193213 9.193213 9.193213 9.193213 9.193213 9.193213 9.193213 9.193213 9.193213 9.193213 9.193213 9.193213 9.193213 9.193213 9.193213 9.193213 9.193213 9.193213 9.193213 9.193213 9.193213 9.193213 9.193213 9.193213 9.193213 9.193213 9.193213 9.193213 9.193213 9.193213 9.193213 9.193213 9.193213 9.193213 9.193213 9.193213 9.193213 9.193213 9.193213 9.193213 9.193213 9.193213 9.193213 9.193213 9.193213 9.193213 9.193213 9.193213 9.193213 9.193213 9.193213 9.193213 9.193213 9.193213 9.193213 9.193213 
9.193213 9.193213 9.193213 9.193213 9.193213 9.193213 9.193213 9.193213 9.193213 9.193213 9.193213 9.193213 9.193213 9.193213 9.193213 9.193213 9.193213 9.193213 9.193213 9.193213 9.193213 9.193213 9.193213 9.193213 9.193213 9.193213 9.193213 9.193213 9.193213 9.193213 9.193213 9.193213 9.193213 9.193213 9.193213 9.193213 9.193213 9.193213 9.193213 9.193213 9.193213 9.193213 9.193213 9.193213 9.193213 9.193213 9.193213 9.193213 9.193213 9.193213 9.193213 9.193213 9.193213 9.193213 9.193213 9.193213 9.193213 9.193213 9.193213 9.193213 9.193213 9.193213 9.193213 9.193213 
9.193213 9.193213 9.193213 9.193213 9.193213 9.193213 9.193213 9.193213 9.193213 9.193213 9.193213 9.193213 9.193213 9.193213 9.193213 9.193213 9.193213 9.193213 9.193213 9.193213 9.193213 9.193213 9.193213 9.193213 9.193213 9.193213 9.193213 9.193213 9.193213 9.193213 9.193213 9.193213 9.193213 9.193213 9.193213 9.193213 9.193213 9.193213 9.193213 9.193213 9.193213 9.193213 9.193213 9.193213 9.193213 9.193213 9.193213 9.193213 9.193213 9.193213 9.193213 9.193213 9.193213 9.193213 9.193213 9.193213 9.193213 9.193213 9.193213 9.193213 9.193213 9.193213 9.193213 9.193213 
9.193213 9.193213 9.193213 9.193213 9.193213 9.193213 9.193213 9.193213 9.193213 9.193213 9.193213 9.193213 9.193213 9.193213 9.193213 9.193213 9.193213 9.193213 9.193213 9.193213 9.193213 9.193213 9.193213 9.193213 9.193213 9.193213 9.193213 9.193213 9.193213 9.193213 9.193213 9.193213 9.193213 9.193213 9.193213 9.193213 9.193213 9.193213 9.193213 9.193213 9.193213 9.193213 9.193213 9.193213 9.193213 9.193213 9.193213 9.193213 9.193213 9.193213 9.193213 9.193213 9.193213 9.193213 9.193213 9.193213 9.193213 9.193213 9.193213 9.193213 9.193213 9.193213 9.193213 9.193213 
9.193213 9.193213 9.193213 9.193213 9.193213 9.193213 9.193213 9.193213 9.193213 9.193213 9.193213 9.193213 9.193213 9.193213 9.193213 9.193213 9.193213 9.193213 9.193213 9.193213 9.193213 9.193213 9.193213 9.193213 9.193213 9.193213 9.193213 9.193213 9.193213 9.193213 9.193213 9.193213 9.193213 9.193213 9.193213 9.193213 9.193213 9.193213 9.193213 9.193213 9.193213 9.193213 9.193213 9.193213 9.193213 9.193213 9.193213 9.193213 9.193213 9.193213 9.193213 9.193213 9.193213 9.193213 9.193213 9.193213 9.193213 9.193213 9.193213 9.193213 9.193213 9.193213 9.193213 9.193213 
9.193213 9.193213 9.193213 9.193213 9.193213 9.193213 9.193213 9.193213 9.193213 9.193213 9.193213 9.193213 9.193213 9.193213 9.193213 9.193213 9.193213 9.193213 9.193213 9.193213 9.193213 9.193213 9.193213 9.193213 9.193213 9.193213 9.193213 9.193213 9.193213 9.193213 9.193213 9.193213 9.193213 9.193213 9.193213 9.193213 9.193213 9.193213 9.193213 9.193213 9.193213 9.193213 9.193213 9.193213 9.193213 9.193213 9.193213 9.193213 9.193213 9.193213 9.193213 9.193213 9.193213 9.193213 9.193213 9.193213 9.193213 9.193213 9.193213 9.193213 9.193213 9.193213 9.193213 9.193213 
9.193213 9.193213 9.193213 9.193213 9.193213 9.193213 9.193213 9.193213 9.193213 9.193213 9.193213 9.193213 9.193213 9.193213 9.193213 9.193213 9.193213 9.193213 9.193213 9.193213 9.193213 9.193213 9.193213 9.193213 9.193213 9.193213 9.193213 9.193213 9.193213 9.193213 9.193213 9.193213 9.193213 9.193213 9.193213 9.193213 9.193213 9.193213 9.193213 9.193213 9.193213 9.193213 9.193213 9.193213 9.193213 9.193213 9.193213 9.193213 9.193213 9.193213 9.193213 9.193213 9.193213 9.193213 9.193213 9.193213 9.193213 9.193213 9.193213 9.193213 9.193213 9.193213 9.193213 9.193213 
9.193213 9.193213 9.193213 9.193213 9.193213 9.193213 9.193213 9.193213 9.193213 9.193213 9.193213 9.193213 9.193213 9.193213 9.193213 9.193213 9.193213 9.193213 9.193213 9.193213 9.193213 9.193213 9.193213 9.193213 9.193213 9.193213 9.193213 9.193213 9.193213 9.193213 9.193213 9.193213 9.193213 9.193213 9.193213 9.193213 9.193213 9.193213 9.193213 9.193213 9.193213 9.193213 9.193213 9.193213 9.193213 9.193213 9.193213 9.193213 9.193213 9.193213 9.193213 9.193213 9.193213 9.193213 9.193213 9.193213 9.193213 9.193213 9.193213 9.193213 9.193213 9.193213 9.193213 9.193213 
9.193213 9.193213 9.193213 9.193213 9.193213 9.193213 9.193213 9.193213 9.193213 9.193213 9.193213 9.193213 9.193213 9.193213 9.193213 9.193213 9.193213 9.193213 9.193213 9.193213 9.193213 9.193213 9.193213 9.193213 9.193213 9.193213 9.193213 9.193213 9.193213 9.193213 9.193213 9.193213 9.193213 9.193213 9.193213 9.193213 9.193213 9.193213 9.193213 9.193213 9.193213 9.193213 9.193213 9.193213 9.193213 9.193213 9.193213 9.193213 9.193213 9.193213 9.193213 9.193213 9.193213 9.193213 9.193213 9.193213 9.193213 9.193213 9.193213 9.193213 9.193213 9.193213 9.193213 9.193213 
9.193213 9.193213 9.193213 9.193213 9.193213 9.193213 9.193213 9.193213 9.193213 9.193213 9.193213 9.193213 9.193213 9.193213 9.193213 9.193213 9.193213 9.193213 9.193213 9.193213 9.193213 9.193213 9.193213 9.193213 9.193213 9.193213 9.193213 9.193213 9.193213 9.193213 9.193213 9.193213 9.193213 9.193213 9.193213 9.193213 9.193213 9.193213 9.193213 9.193213 9.193213 9.193213 9.193213 9.193213 9.193213 9.193213 9.193213 9.193213 9.193213 9.193213 9.193213 9.193213 9.193213 9.193213 9.193213 9.193213 9.193213 9.193213 9.193213 9.193213 9.193213 9.193213 9.193213 9.193213 
9.193213 9.193213 9.193213 9.193213 9.193213 9.193213 9.193213 9.193213 9.193213 9.193213 9.193213 9.193213 9.193213 9.193213 9.193213 9.193213 9.193213 9.193213 9.193213 9.193213 9.193213 9.193213 9.193213 9.193213 9.193213 9.193213 9.193213 9.193213 9.193213 9.193213 9.193213 9.193213 9.193213 9.193213 9.193213 9.193213 9.193213 9.193213 9.193213 9.193213 9.193213 9.193213 9.193213 9.193213 9.193213 9.193213 9.193213 9.193213 9.193213 9.193213 9.193213 9.193213 9.193213 9.193213 9.193213 9.193213 9.193213 9.193213 9.193213 9.193213 9.193213 9.193213 9.193213 9.193213 
9.193213 9.193213 9.193213 9.193213 9.193213 9.193213 9.193213 9.193213 9.193213 9.193213 9.193213 9.193213 9.193213 9.193213 9.193213 9.193213 9.193213 9.193213 9.193213 9.193213 9.193213 9.193213 9.193213 9.193213 9.193213 9.193213 9.193213 9.193213 9.193213 9.193213 9.193213 9.193213 9.193213 9.193213 9.193213 9.193213 9.193213 9.193213 9.193213 9.193213 9.193213 9.193213 9.193213 9.193213 9.193213 9.193213 9.193213 9.193213 9.193213 9.193213 9.193213 9.193213 9.193213 9.193213 9.193213 9.193213 9.193213 9.193213 9.193213 9.193213 9.193213 9.193213 9.193213 9.193213 
9.193213 9.193213 9.193213 9.193213 9.193213 9.193213 9.193213 9.193213 9.193213 9.193213 9.193213 9.193213 9.193213 9.193213 9.193213 9.193213 9.193213 9.193213 9.193213 9.193213 9.193213 9.193213 9.193213 9.193213 9.193213 9.193213 9.193213 9.193213 9.193213 9.193213 9.193213 9.193213 9.193213 9.193213 9.193213 9.193213 9.193213 9.193213 9.193213 9.193213 9.193213 9.193213 9.193213 9.193213 9.193213 9.193213 9.193213 9.193213 9.193213 9.193213 9.193213 9.193213 9.193213 9.193213 9.193213 9.193213 9.193213 9.193213 9.193213 9.193213 9.193213 9.193213 9.193213 9.193213 
9.193213 9.193213 9.193213 9.193213 9.193213 9.193213 9.193213 9.193213 9.193213 9.193213 9.193213 9.193213 9.193213 9.193213 9.193213 9.193213 9.193213 9.193213 9.193213 9.193213 9.193213 9.193213 9.193213 9.193213 9.193213 9.193213 9.193213 9.193213 9.193213 9.193213 9.193213 9.193213 9.193213 9.193213 9.193213 9.193213 9.193213 9.193213 9.193213 9.193213 9.193213 9.193213 9.193213 9.193213 9.193213 9.193213 9.193213 9.193213 9.193213 9.193213 9.193213 9.193213 9.193213 9.193213 9.193213 9.193213 9.193213 9.193213 9.193213 9.193213 9.193213 9.193213 9.193213 9.193213 
9.193213 9.193213 9.193213 9.193213 9.193213 9.193213 9.193213 9.193213 9.193213 9.193213 9.193213 9.193213 9.193213 9.193213 9.193213 9.193213 9.193213 9.193213 9.193213 9.193213 9.193213 9.193213 9.193213 9.193213 9.193213 9.193213 9.193213 9.193213 9.193213 9.193213 9.193213 9.193213 9.193213 9.193213 9.193213 9.193213 9.193213 9.193213 9.193213 9.193213 9.193213 9.193213 9.193213 9.193213 9.193213 9.193213 9.193213 9.193213 9.193213 9.193213 9.193213 9.193213 9.193213 9.193213 9.193213 9.193213 9.193213 9.193213 9.193213 9.193213 9.193213 9.193213 9.193213 9.193213 
9.193213 9.193213 9.193213 9.193213 9.193213 9.193213 9.193213 9.193213 9.193213 9.193213 9.193213 9.193213 9.193213 9.193213 9.193213 9.193213 9.193213 9.193213 9.193213 9.193213 9.193213 9.193213 9.193213 9.193213 9.193213 9.193213 9.193213 9.193213 9.193213 9.193213 9.193213 9.193213 9.193213 9.193213 9.193213 9.193213 9.193213 9.193213 9.193213 9.193213 9.193213 9.193213 9.193213 9.193213 9.193213 9.193213 9.193213 9.193213 9.193213 9.193213 9.193213 9.193213 9.193213 9.193213 9.193213 9.193213 9.193213 9.193213 9.193213 9.193213 9.193213 9.193213 9.193213 9.193213 
9.193213 9.193213 9.193213 9.193213 9.193213 9.193213 9.193213 9.193213 9.193213 9.193213 9.193213 9.193213 9.193213 9.193213 9.193213 9.193213 9.193213 9.193213 9.193213 9.193213 9.193213 9.193213 9.193213 9.193213 9.193213 9.193213 9.193213 9.193213 9.193213 9.193213 9.193213 9.193213 9.193213 9.193213 9.193213 9.193213 9.193213 9.193213 9.193213 9.193213 9.193213 9.193213 9.193213 9.193213 9.193213 9.193213 9.193213 9.193213 9.193213 9.193213 9.193213 9.193213 9.193213 9.193213 9.193213 9.193213 9.193213 9.193213 9.193213 9.193213 9.193213 9.193213 9.193213 9.193213 
9.193213 9.193213 9.193213 9.193213 9.193213 9.193213 9.193213 9.193213 9.193213 9.193213 9.193213 9.193213 9.193213 9.193213 9.193213 9.193213 9.193213 9.193213 9.193213 9.193213 9.193213 9.193213 9.193213 9.193213 9.193213 9.193213 9.193213 9.193213 9.193213 9.193213 9.193213 9.193213 9.193213 9.193213 9.193213 9.193213 9.193213 9.193213 9.193213 9.193213 9.193213 9.193213 9.193213 9.193213 9.193213 9.193213 9.193213 9.193213 9.193213 9.193213 9.193213 9.193213 9.193213 9.193213 9.193213 9.193213 9.193213 9.193213 9.193213 9.193213 9.193213 9.193213 9.193213 9.193213 
9.193213 9.193213 9.193213 9.193213 9.193213 9.193213 9.193213 9.193213 9.193213 9.193213 9.193213 9.193213 9.193213 9.193213 9.193213 9.193213 9.193213 9.193213 9.193213 9.193213 9.193213 9.193213 9.193213 9.193213 9.193213 9.193213 9.193213 9.193213 9.193213 9.193213 9.193213 9.193213 9.193213 9.193213 9.193213 9.193213 9.193213 9.193213 9.193213 9.193213 9.193213 9.193213 9.193213 9.193213 9.193213 9.193213 9.193213 9.193213 9.193213 9.193213 9.193213 9.193213 9.193213 9.193213 9.193213 9.193213 9.193213 9.193213 9.193213 9.193213 9.193213 9.193213 9.193213 9.193213 
9.193213 9.193213 9.193213 9.193213 9.193213 9.193213 9.193213 9.193213 9.193213 9.193213 9.193213 9.193213 9.193213 9.193213 9.193213 9.193213 9.193213 9.193213 9.193213 9.193213 9.193213 9.193213 9.193213 9.193213 9.193213 9.193213 9.193213 9.193213 9.193213 9.193213 9.193213 9.193213 9.193213 9.193213 9.193213 9.193213 9.193213 9.193213 9.193213 9.193213 9.193213 9.193213 9.193213 9.193213 9.193213 9.193213 9.193213 9.193213 9.193213 9.193213 9.193213 9.193213 9.193213 9.193213 9.193213 9.193213 9.193213 9.193213 9.193213 9.193213 9.193213 9.193213 9.193213 9.193213 
9.193213 9.193213 9.193213 9.193213 9.193213 9.193213 9.193213 9.193213 9.193213 9.193213 9.193213 9.193213 9.193213 9.193213 9.193213 9.193213 9.193213 9.193213 9.193213 9.193213 9.193213 9.193213 9.193213 9.193213 9.193213 9.193213 9.193213 9.193213 9.193213 9.193213 9.193213 9.193213 9.193213 9.193213 9.193213 9.193213 9.193213 9.193213 9.193213 9.193213 9.193213 9.193213 9.193213 9.193213 9.193213 9.193213 9.193213 9.193213 9.193213 9.193213 9.193213 9.193213 9.193213 9.193213 9.193213 9.193213 9.193213 9.193213 9.193213 9.193213 9.193213 9.193213 9.193213 9.193213 
9.193213 9.193213 9.193213 9.193213 9.193213 9.193213 9.193213 9.193213 9.193213 9.193213 9.193213 9.193213 9.193213 9.193213 9.193213 9.193213 9.193213 9.193213 9.193213 9.193213 9.193213 9.193213 9.193213 9.193213 9.193213 9.193213 9.193213 9.193213 9.193213 9.193213 9.193213 9.193213 9.193213 9.193213 9.193213 9.193213 9.193213 9.193213 9.193213 9.193213 9.193213 9.193213 9.193213 9.193213 9.193213 9.193213 9.193213 9.193213 9.193213 9.193213 9.193213 9.193213 9.193213 9.193213 9.193213 9.193213 9.193213 9.193213 9.193213 9.193213 9.193213 9.193213 9.193213 9.193213 
9.193213 9.193213 9.193213 9.193213 9.193213 9.193213 9.193213 9.193213 9.193213 9.193213 9.193213 9.193213 9.193213 9.193213 9.193213 9.193213 9.193213 9.193213 9.193213 9.193213 9.193213 9.193213 9.193213 9.193213 9.193213 9.193213 9.193213 9.193213 9.193213 9.193213 9.193213 9.193213 9.193213 9.193213 9.193213 9.193213 9.193213 9.193213 9.193213 9.193213 9.193213 9.193213 9.193213 9.193213 9.193213 9.193213 9.193213 9.193213 9.193213 9.193213 9.193213 9.193213 9.193213 9.193213 9.193213 9.193213 9.193213 9.193213 9.193213 9.193213 9.193213 9.193213 9.193213 9.193213 
9.193213 9.193213 9.193213 9.193213 9.193213 9.193213 9.193213 9.193213 9.193213 9.193213 9.193213 9.193213 9.193213 9.193213 9.193213 9.193213 9.193213 9.193213 9.193213 9.193213 9.193213 9.193213 9.193213 9.193213 9.193213 9.193213 9.193213 9.193213 9.193213 9.193213 9.193213 9.193213 9.193213 9.193213 9.193213 9.193213 9.193213 9.193213 9.193213 9.193213 9.193213 9.193213 9.193213 9.193213 9.193213 9.193213 9.193213 9.193213 9.193213 9.193213 9.193213 9.193213 9.193213 9.193213 9.193213 9.193213 9.193213 9.193213 9.193213 9.193213 9.193213 9.193213 9.193213 9.193213 
9.193213 9.193213 9.193213 9.193213 9.193213 9.193213 9.193213 9.193213 9.193213 9.193213 9.193213 9.193213 9.193213 9.193213 9.193213 9.193213 9.193213 9.193213 9.193213 9.193213 9.193213 9.193213 9.193213 9.193213 9.193213 9.193213 9.193213 9.193213 9.193213 9.193213 9.193213 9.193213 9.193213 9.193213 9.193213 9.193213 9.193213 9.193213 9.193213 9.193213 9.193213 9.193213 9.193213 9.193213 9.193213 9.193213 9.193213 9.193213 9.193213 9.193213 9.193213 9.193213 9.193213 9.193213 9.193213 9.193213 9.193213 9.193213 9.193213 9.193213 9.193213 9.193213 9.193213 9.193213 
9.193213 9.193213 9.193213 9.193213 9.193213 9.193213 9.193213 9.193213 9.193213 9.193213 9.193213 9.193213 9.193213 9.193213 9.193213 9.193213 9.193213 9.193213 9.193213 9.193213 9.193213 9.193213 9.193213 9.193213 9.193213 9.193213 9.193213 9.193213 9.193213 9.193213 9.193213 9.193213 9.193213 9.193213 9.193213 9.193213 9.193213 9.193213 9.193213 9.193213 9.193213 9.193213 9.193213 9.193213 9.193213 9.193213 9.193213 9.193213 9.193213 9.193213 9.193213 9.193213 9.193213 9.193213 9.193213 9.193213 9.193213 9.193213 9.193213 9.193213 9.193213 9.193213 9.193213 9.193213 
9.193213 9.193213 9.193213 9.193213 9.193213 9.193213 9.193213 9.193213 9.193213 9.193213 9.193213 9.193213 9.193213 9.193213 9.193213 9.193213 9.193213 9.193213 9.193213 9.193213 9.193213 9.193213 9.193213 9.193213 9.193213 9.193213 9.193213 9.193213 9.193213 9.193213 9.193213 9.193213 9.193213 9.193213 9.193213 9.193213 9.193213 9.193213 9.193213 9.193213 9.193213 9.193213 9.193213 9.193213 9.193213 9.193213 9.193213 9.193213 9.193213 9.193213 9.193213 9.193213 9.193213 9.193213 9.193213 9.193213 9.193213 9.193213 9.193213 9.193213 9.193213 9.193213 9.193213 9.193213 
9.193213 9.193213 9.193213 9.193213 9.193213 9.193213 9.193213 9.193213 9.193213 9.193213 9.193213 9.193213 9.193213 9.193213 9.193213 9.193213 9.193213 9.193213 9.193213 9.193213 9.193213 9.193213 9.193213 9.193213 9.193213 9.193213 9.193213 9.193213 9.193213 9.193213 9.193213 9.193213 9.193213 9.193213 9.193213 9.193213 9.193213 9.193213 9.193213 9.193213 9.193213 9.193213 9.193213 9.193213 9.193213 9.193213 9.193213 9.193213 9.193213 9.193213 9.193213 9.193213 9.193213 9.193213 9.193213 9.193213 9.193213 9.193213 9.193213 9.193213 9.193213 9.193213 9.193213 9.193213 
9.193213 9.193213 9.193213 9.193213 9.193213 9.193213 9.193213 9.193213 9.193213 9.193213 9.193213 9.193213 9.193213 9.193213 9.193213 9.193213 9.193213 9.193213 9.193213 9.193213 9.193213 9.193213 9.193213 9.193213 9.193213 9.193213 9.193213 9.193213 9.193213 9.193213 9.193213 9.193213 9.193213 9.193213 9.193213 9.193213 9.193213 9.193213 9.193213 9.193213 9.193213 9.193213 9.193213 9.193213 9.193213 9.193213 9.193213 9.193213 9.193213 9.193213 9.193213 9.193213 9.193213 9.193213 9.193213 9.193213 9.193213 9.193213 9.193213 9.193213 9.193213 9.193213 9.193213 9.193213 
9.193213 9.193213 9.193213 9.193213 9.193213 9.193213 9.193213 9.193213 9.193213 9.193213 9.193213 9.193213 9.193213 9.193213 9.193213 9.193213 9.193213 9.193213 9.193213 9.193213 9.193213 9.193213 9.193213 9.193213 9.193213 9.193213 9.193213 9.193213 9.193213 9.193213 9.193213 9.193213 9.193213 9.193213 9.193213 9.193213 9.193213 9.193213 9.193213 9.193213 9.193213 9.193213 9.193213 9.193213 9.193213 9.193213 9.193213 9.193213 9.193213 9.193213 9.193213 9.193213 9.193213 9.193213 9.193213 9.193213 9.193213 9.193213 9.193213 9.193213 9.193213 9.193213 9.193213 9.193213 
9.193213 9.193213 9.193213 9.193213 9.193213 9.193213 9.193213 9.193213 9.193213 9.193213 9.193213 9.193213 9.193213 9.193213 9.193213 9.193213 9.193213 9.193213 9.193213 9.193213 9.193213 9.193213 9.193213 9.193213 9.193213 9.193213 9.193213 9.193213 9.193213 9.193213 9.193213 9.193213 9.193213 9.193213 9.193213 9.193213 9.193213 9.193213 9.193213 9.193213 9.193213 9.193213 9.193213 9.193213 9.193213 9.193213 9.193213 9.193213 9.193213 9.193213 9.193213 9.193213 9.193213 9.193213 9.193213 9.193213 9.193213 9.193213 9.193213 9.193213 9.193213 9.193213 9.193213 9.193213 
9.193213 9.193213 9.193213 9.193213 9.193213 9.193213 9.193213 9.193213 9.193213 9.193213 9.193213 9.193213 9.193213 9.193213 9.193213 9.193213 9.193213 9.193213 9.193213 9.193213 9.193213 9.193213 9.193213 9.193213 9.193213 9.193213 9.193213 9.193213 9.193213 9.193213 9.193213 9.193213 9.193213 9.193213 9.193213 9.193213 9.193213 9.193213 9.193213 9.193213 9.193213 9.193213 9.193213 9.193213 9.193213 9.193213 9.193213 9.193213 9.193213 9.193213 9.193213 9.193213 9.193213 9.193213 9.193213 9.193213 9.193213 9.193213 9.193213 9.193213 9.193213 9.193213 9.193213 9.193213 
9.193213 9.193213 9.193213 9.193213 9.193213 9.193213 9.193213 9.193213 9.193213 9.193213 9.193213 9.193213 9.193213 9.193213 9.193213 9.193213 9.193213 9.193213 9.193213 9.193213 9.193213 9.193213 9.193213 9.193213 9.193213 9.193213 9.193213 9.193213 9.193213 9.193213 9.193213 9.193213 9.193213 9.193213 9.193213 9.193213 9.193213 9.193213 9.193213 9.193213 9.193213 9.193213 9.193213 9.193213 9.193213 9.193213 9.193213 9.193213 9.193213 9.193213 9.193213 9.193213 9.193213 9.193213 9.193213 9.193213 9.193213 9.193213 9.193213 9.193213 9.193213 9.193213 9.193213 9.193213 
9.193213 9.193213 9.193213 9.193213 9.193213 9.193213 9.193213 9.193213 9.193213 9.193213 9.193213 9.193213 9.193213 9.193213 9.193213 9.193213 9.193213 9.193213 9.193213 9.193213 9.193213 9.193213 9.193213 9.193213 9.193213 9.193213 9.193213 9.193213 9.193213 9.193213 9.193213 9.193213 9.193213 9.193213 9.193213 9.193213 9.193213 9.193213 9.193213 9.193213 9.193213 9.193213 9.193213 9.193213 9.193213 9.193213 9.193213 9.193213 9.193213 9.193213 9.193213 9.193213 9.193213 9.193213 9.193213 9.193213 9.193213 9.193213 9.193213 9.193213 9.193213 9.193213 9.193213 9.193213 
9.193213 9.193213 9.193213 9.193213 9.193213 9.193213 9.193213 9.193213 9.193213 9.193213 9.193213 9.193213 9.193213 9.193213 9.193213 9.193213 9.193213 9.193213 9.193213 9.193213 9.193213 9.193213 9.193213 9.193213 9.193213 9.193213 9.193213 9.193213 9.193213 9.193213 9.193213 9.193213 9.193213 9.193213 9.193213 9.193213 9.193213 9.193213 9.193213 9.193213 9.193213 9.193213 9.193213 9.193213 9.193213 9.193213 9.193213 9.193213 9.193213 9.193213 9.193213 9.193213 9.193213 9.193213 9.193213 9.193213 9.193213 9.193213 9.193213 9.193213 9.193213 9.193213 9.193213 9.193213 
9.193213 9.193213 9.193213 9.193213 9.193213 9.193213 9.193213 9.193213 9.193213 9.193213 9.193213 9.193213 9.193213 9.193213 9.193213 9.193213 9.193213 9.193213 9.193213 9.193213 9.193213 9.193213 9.193213 9.193213 9.193213 9.193213 9.193213 9.193213 9.193213 9.193213 9.193213 9.193213 9.193213 9.193213 9.193213 9.193213 9.193213 9.193213 9.193213 9.193213 9.193213 9.193213 9.193213 9.193213 9.193213 9.193213 9.193213 9.193213 9.193213 9.193213 9.193213 9.193213 9.193213 9.193213 9.193213 9.193213 9.193213 9.193213 9.193213 9.193213 9.193213 9.193213 9.193213 9.193213 
9.193213 9.193213 9.193213 9.193213 9.193213 9.193213 9.193213 9.193213 9.193213 9.193213 9.193213 9.193213 9.193213 9.193213 9.193213 9.193213 9.193213 9.193213 9.193213 9.193213 9.193213 9.193213 9.193213 9.193213 9.193213 9.193213 9.193213 9.193213 9.193213 9.193213 9.193213 9.193213 9.193213 9.193213 9.193213 9.193213 9.193213 9.193213 9.193213 9.193213 9.193213 9.193213 9.193213 9.193213 9.193213 9.193213 9.193213 9.193213 9.193213 9.193213 9.193213 9.193213 9.193213 9.193213 9.193213 9.193213 9.193213 9.193213 9.193213 9.193213 9.193213 9.193213 9.193213 9.193213 
9.193213 9.193213 9.193213 9.193213 9.193213 9.193213 9.193213 9.193213 9.193213 9.193213 9.193213 9.193213 9.193213 9.193213 9.193213 9.193213 9.193213 9.193213 9.193213 9.193213 9.193213 9.193213 9.193213 9.193213 9.193213 9.193213 9.193213 9.193213 9.193213 9.193213 9.193213 9.193213 9.193213 9.193213 9.193213 9.193213 9.193213 9.193213 9.193213 9.193213 9.193213 9.193213 9.193213 9.193213 9.193213 9.193213 9.193213 9.193213 9.193213 9.193213 9.193213 9.193213 9.193213 9.193213 9.193213 9.193213 9.193213 9.193213 9.193213 9.193213 9.193213 9.193213 9.193213 9.193213 
9.193213 9.193213 9.193213 9.193213 9.193213 9.193213 9.193213 9.193213 9.193213 9.193213 9.193213 9.193213 9.193213 9.193213 9.193213 9.193213 9.193213 9.193213 9.193213 9.193213 9.193213 9.193213 9.193213 9.193213 9.193213 9.193213 9.193213 9.193213 9.193213 9.193213 9.193213 9.193213 9.193213 9.193213 9.193213 9.193213 9.193213 9.193213 9.193213 9.193213 9.193213 9.193213 9.193213 9.193213 9.193213 9.193213 9.193213 9.193213 9.193213 9.193213 9.193213 9.193213 9.193213 9.193213 9.193213 9.193213 9.193213 9.193213 9.193213 9.193213 9.193213 9.193213 9.193213 9.193213 
9.193213 9.193213 9.193213 9.193213 9.193213 9.193213 9.193213 9.193213 9.193213 9.193213 9.193213 9.193213 9.193213 9.193213 9.193213 9.193213 9.193213 9.193213 9.193213 9.193213 9.193213 9.193213 9.193213 9.193213 9.193213 9.193213 9.193213 9.193213 9.193213 9.193213 9.193213 9.193213 9.193213 9.193213 9.193213 9.193213 9.193213 9.193213 9.193213 9.193213 9.193213 9.193213 9.193213 9.193213 9.193213 9.193213 9.193213 9.193213 9.193213 9.193213 9.193213 9.193213 9.193213 9.193213 9.193213 9.193213 9.193213 9.193213 9.193213 9.193213 9.193213 9.193213 9.193213 9.193213 
