8.991517 8.991517 8.991517 8.991517 8.991517 8.991517 8.991517 8.991517 8.991517 8.991517 8.991517 8.991517 8.991517 8.991517 8.991517 8.991517 8.991517 8.991517 8.991517 8.991517 8.991517 8.991517 8.991517 8.991517 8.991517 8.991517 8.991517 8.991517 8.991517 8.991517 8.991517 8.991517 8.991517 8.991517 8.991517 8.991517 8.991517 8.991517 8.991517 8.991517 8.991517 8.991517 8.991517 8.991517 8.991517 8.991517 8.991517 8.991517 8.991517 8.991517 8.991517 8.991517 8.991517 8.991517 8.991517 8.991517 8.991517 8.991517 8.991517 8.991517 8.991517 8.991517 8.991517 8.991517 
8.991517 8.991517 8.991517 8.991517 8.991517 8.991517 8.991517 8.991517 8.991517 8.991517 8.991517 8.991517 8.991517 8.991517 8.991517 8.991517 8.991517 8.991517 8.991517 8.991517 8.991517 8.991517 8.991517 8.991517 8.991517 8.991517 8.991517 8.991517 8.991517 8.991517 8.991517 8.991517 8.991517 8.991517 8.991517 8.991517 8.991517 8.991517 8.991517 8.991517 8.991517 8.991517 8.991517 8.991517 8.991517 8.991517 8.991517 8.991517 8.991517 8.991517 8.991517 8.991517 8.991517 8.991517 8.991517 8.991517 8.991517 8.991517 8.991517 8.991517 8.991517 8.991517 8.991517 8.991517 
8.991517 8.991517 8.991517 8.991517 8.991517 8.991517 8.991517 8.991517 8.991517 8.991517 8.991517 8.991517 8.991517 8.991517 8.991517 8.991517 8.991517 8.991517 8.991517 8.991517 8.991517 8.991517 8.991517 8.991517 8.991517 8.991517 8.991517 8.991517 8.991517 8.991517 8.991517 8.991517 8.991517 8.991517 8.991517 8.991517 8.991517 8.991517 8.991517 8.991517 8.991517 8.991517 8.991517 8.991517 8.991517 8.991517 8.991517 8.991517 8.991517 8.991517 8.991517 8.991517 8.991517 8.991517 8.991517 8.991517 8.991517 8.991517 8.991517 8.991517 8.991517 8.991517 8.991517 8.991517 
8.991517 8.991517 8.991517 8.991517 8.991517 8.991517 8.991517 8.991517 8.991517 8.991517 8.991517 8.991517 8.991517 8.991517 8.991517 8.991517 8.991517 8.991517 8.991517 8.991517 8.991517 8.991517 8.991517 8.991517 8.991517 8.991517 8.991517 8.991517 8.991517 8.991517 8.991517 8.991517 8.991517 8.991517 8.991517 8.991517 8.991517 8.991517 8.991517 8.991517 8.991517 8.991517 8.991517 8.991517 8.991517 8.991517 8.991517 8.991517 8.991517 8.991517 8.991517 8.991517 8.991517 8.991517 8.991517 8.991517 8.991517 8.991517 8.991517 8.991517 8.991517 8.991517 8.991517 8.991517 
8.991517 8.991517 8.991517 8.991517 8.991517 8.991517 8.991517 8.991517 8.991517 8.991517 8.991517 8.991517 8.991517 8.991517 8.991517 8.991517 8.991517 8.991517 8.991517 8.991517 8.991517 8.991517 8.991517 8.991517 8.991517 8.991517 8.991517 8.991517 8.991517 8.991517 8.991517 8.991517 8.991517 8.991517 8.991517 8.991517 8.991517 8.991517 8.991517 8.991517 8.991517 8.991517 8.991517 8.991517 8.991517 8.991517 8.991517 8.991517 8.991517 8.991517 8.991517 8.991517 8.991517 8.991517 8.991517 8.991517 8.991517 8.991517 8.991517 8.991517 8.991517 8.991517 8.991517 8.991517 
8.991517 8.991517 8.991517 8.991517 8.991517 8.991517 8.991517 8.991517 8.991517 8.991517 8.991517 8.991517 8.991517 8.991517 8.991517 8.991517 8.991517 8.991517 8.991517 8.991517 8.991517 8.991517 8.991517 8.991517 8.991517 8.991517 8.991517 8.991517 8.991517 8.991517 8.991517 8.991517 8.991517 8.991517 8.991517 8.991517 8.991517 8.991517 8.991517 8.991517 8.991517 8.991517 8.991517 8.991517 8.991517 8.991517 8.991517 8.991517 8.991517 8.991517 8.991517 8.991517 8.991517 8.991517 8.991517 8.991517 8.991517 8.991517 8.991517 8.991517 8.991517 8.991517 8.991517 8.991517 
8.991517 8.991517 8.991517 8.991517 8.991517 8.991517 8.991517 8.991517 8.991517 8.991517 8.991517 8.991517 8.991517 8.991517 8.991517 8.991517 8.991517 8.991517 8.991517 8.991517 8.991517 8.991517 8.991517 8.991517 8.991517 8.991517 8.991517 8.991517 8.991517 8.991517 8.991517 8.991517 8.991517 8.991517 8.991517 8.991517 8.991517 8.991517 8.991517 8.991517 8.991517 8.991517 8.991517 8.991517 8.991517 8.991517 8.991517 8.991517 8.991517 8.991517 8.991517 8.991517 8.991517 8.991517 8.991517 8.991517 8.991517 8.991517 8.991517 8.991517 8.991517 8.991517 8.991517 8.991517 
8.991517 8.991517 8.991517 8.991517 8.991517 8.991517 8.991517 8.991517 8.991517 8.991517 8.991517 8.991517 8.991517 8.991517 8.991517 8.991517 8.991517 8.991517 8.991517 8.991517 8.991517 8.991517 8.991517 8.991517 8.991517 8.991517 8.991517 8.991517 8.991517 8.991517 8.991517 8.991517 8.991517 8.991517 8.991517 8.991517 8.991517 8.991517 8.991517 8.991517 8.991517 8.991517 8.991517 8.991517 8.991517 8.991517 8.991517 8.991517 8.991517 8.991517 8.991517 8.991517 8.991517 8.991517 8.991517 8.991517 8.991517 8.991517 8.991517 8.991517 8.991517 8.991517 8.991517 8.991517 
8.991517 8.991517 8.991517 8.991517 8.991517 8.991517 8.991517 8.991517 8.991517 8.991517 8.991517 8.991517 8.991517 8.991517 8.991517 8.991517 8.991517 8.991517 8.991517 8.991517 8.991517 8.991517 8.991517 8.991517 8.991517 8.991517 8.991517 8.991517 8.991517 8.991517 8.991517 8.991517 8.991517 8.991517 8.991517 8.991517 8.991517 8.991517 8.991517 8.991517 8.991517 8.991517 8.991517 8.991517 8.991517 8.991517 8.991517 8.991517 8.991517 8.991517 8.991517 8.991517 8.991517 8.991517 8.991517 8.991517 8.991517 8.991517 8.991517 8.991517 8.991517 8.991517 8.991517 8.991517 
8.991517 8.991517 8.991517 8.991517 8.991517 8.991517 8.991517 8.991517 8.991517 8.991517 8.991517 8.991517 8.991517 8.991517 8.991517 8.991517 8.991517 8.991517 8.991517 8.991517 8.991517 8.991517 8.991517 8.991517 8.991517 8.991517 8.991517 8.991517 8.991517 8.991517 8.991517 8.991517 8.991517 8.991517 8.991517 8.991517 8.991517 8.991517 8.991517 8.991517 8.991517 8.991517 8.991517 8.991517 8.991517 8.991517 8.991517 8.991517 8.991517 8.991517 8.991517 8.991517 8.991517 8.991517 8.991517 8.991517 8.991517 8.991517 8.991517 8.991517 8.991517 8.991517 8.991517 8.991517 
8.991517 8.991517 8.991517 8.991517 8.991517 8.991517 8.991517 8.991517 8.991517 8.991517 8.991517 8.991517 8.991517 8.991517 8.991517 8.991517 8.991517 8.991517 8.991517 8.991517 8.991517 8.991517 8.991517 8.991517 8.991517 8.991517 8.991517 8.991517 8.991517 8.991517 8.991517 8.991517 8.991517 8.991517 8.991517 8.991517 8.991517 8.991517 8.991517 8.991517 8.991517 8.991517 8.991517 8.991517 8.991517 8.991517 8.991517 8.991517 8.991517 8.991517 8.991517 8.991517 8.991517 8.991517 8.991517 8.991517 8.991517 8.991517 8.991517 8.991517 8.991517 8.991517 8.991517 8.991517 
8.991517 8.991517 8.991517 8.991517 8.991517 8.991517 8.991517 8.991517 8.991517 8.991517 8.991517 8.991517 8.991517 8.991517 8.991517 8.991517 8.991517 8.991517 8.991517 8.991517 8.991517 8.991517 8.991517 8.991517 8.991517 8.991517 8.991517 8.991517 8.991517 8.991517 8.991517 8.991517 8.991517 8.991517 8.991517 8.991517 8.991517 8.991517 8.991517 8.991517 8.991517 8.991517 8.991517 8.991517 8.991517 8.991517 8.991517 8.991517 8.991517 8.991517 8.991517 8.991517 8.991517 8.991517 8.991517 8.991517 8.991517 8.991517 8.991517 8.991517 8.991517 8.991517 8.991517 8.991517 
8.991517 8.991517 8.991517 8.991517 8.991517 8.991517 8.991517 8.991517 8.991517 8.991517 8.991517 8.991517 8.991517 8.991517 8.991517 8.991517 8.991517 8.991517 8.991517 8.991517 8.991517 8.991517 8.991517 8.991517 8.991517 8.991517 8.991517 8.991517 8.991517 8.991517 8.991517 8.991517 8.991517 8.991517 8.991517 8.991517 8.991517 8.991517 8.991517 8.991517 8.991517 8.991517 8.991517 8.991517 8.991517 8.991517 8.991517 8.991517 8.991517 8.991517 8.991517 8.991517 8.991517 8.991517 8.991517 8.991517 8.991517 8.991517 8.991517 8.991517 8.991517 8.991517 8.991517 8.991517 
8.991517 8.991517 8.991517 8.991517 8.991517 8.991517 8.991517 8.991517 8.991517 8.991517 8.991517 8.991517 8.991517 8.991517 8.991517 8.991517 8.991517 8.991517 8.991517 8.991517 8.991517 8.991517 8.991517 8.991517 8.991517 8.991517 8.991517 8.991517 8.991517 8.991517 8.991517 8.991517 8.991517 8.991517 8.991517 8.991517 8.991517 8.991517 8.991517 8.991517 8.991517 8.991517 8.991517 8.991517 8.991517 8.991517 8.991517 8.991517 8.991517 8.991517 8.991517 8.991517 8.991517 8.991517 8.991517 8.991517 8.991517 8.991517 8.991517 8.991517 8.991517 8.991517 8.991517 8.991517 
8.991517 8.991517 8.991517 8.991517 8.991517 8.991517 8.991517 8.991517 8.991517 8.991517 8.991517 8.991517 8.991517 8.991517 8.991517 8.991517 8.991517 8.991517 8.991517 8.991517 8.991517 8.991517 8.991517 8.991517 8.991517 8.991517 8.991517 8.991517 8.991517 8.991517 8.991517 8.991517 8.991517 8.991517 8.991517 8.991517 8.991517 8.991517 8.991517 8.991517 8.991517 8.991517 8.991517 8.991517 8.991517 8.991517 8.991517 8.991517 8.991517 8.991517 8.991517 8.991517 8.991517 8.991517 8.991517 8.991517 8.991517 8.991517 8.991517 8.991517 8.991517 8.991517 8.991517 8.991517 
8.991517 8.991517 8.991517 8.991517 8.991517 8.991517 8.991517 8.991517 8.991517 8.991517 8.991517 8.991517 8.991517 8.991517 8.991517 8.991517 8.991517 8.991517 8.991517 8.991517 8.991517 8.991517 8.991517 8.991517 8.991517 8.991517 8.991517 8.991517 8.991517 8.991517 8.991517 8.991517 8.991517 8.991517 8.991517 8.991517 8.991517 8.991517 8.991517 8.991517 8.991517 8.991517 8.991517 8.991517 8.991517 8.991517 8.991517 8.991517 8.991517 8.991517 8.991517 8.991517 8.991517 8.991517 8.991517 8.991517 8.991517 8.991517 8.991517 8.991517 8.991517 8.991517 8.991517 8.991517 
8.991517 8.991517 8.991517 8.991517 8.991517 8.991517 8.991517 8.991517 8.991517 8.991517 8.991517 8.991517 8.991517 8.991517 8.991517 8.991517 8.991517 8.991517 8.991517 8.991517 8.991517 8.991517 8.991517 8.991517 8.991517 8.991517 8.991517 8.991517 8.991517 8.991517 8.991517 8.991517 8.991517 8.991517 8.991517 8.991517 8.991517 8.991517 8.991517 8.991517 8.991517 8.991517 8.991517 8.991517 8.991517 8.991517 8.991517 8.991517 8.991517 8.991517 8.991517 8.991517 8.991517 8.991517 8.991517 8.991517 8.991517 8.991517 8.991517 8.991517 8.991517 8.991517 8.991517 8.991517 
8.991517 8.991517 8.991517 8.991517 8.991517 8.991517 8.991517 8.991517 8.991517 8.991517 8.991517 8.991517 8.991517 8.991517 8.991517 8.991517 8.991517 8.991517 8.991517 8.991517 8.991517 8.991517 8.991517 8.991517 8.991517 8.991517 8.991517 8.991517 8.991517 8.991517 8.991517 8.991517 8.991517 8.991517 8.991517 8.991517 8.991517 8.991517 8.991517 8.991517 8.991517 8.991517 8.991517 8.991517 8.991517 8.991517 8.991517 8.991517 8.991517 8.991517 8.991517 8.991517 8.991517 8.991517 8.991517 8.991517 8.991517 8.991517 8.991517 8.991517 8.991517 8.991517 8.991517 8.991517 
8.991517 8.991517 8.991517 8.991517 8.991517 8.991517 8.991517 8.991517 8.991517 8.991517 8.991517 8.991517 8.991517 8.991517 8.991517 8.991517 8.991517 8.991517 8.991517 8.991517 8.991517 8.991517 8.991517 8.991517 8.991517 8.991517 8.991517 8.991517 8.991517 8.991517 8.991517 8.991517 8.991517 8.991517 8.991517 8.991517 8.991517 8.991517 8.991517 8.991517 8.991517 8.991517 8.991517 8.991517 8.991517 8.991517 8.991517 8.991517 8.991517 8.991517 8.991517 8.991517 8.991517 8.991517 8.991517 8.991517 8.991517 8.991517 8.991517 8.991517 8.991517 8.991517 8.991517 8.991517 
8.991517 8.991517 8.991517 8.991517 8.991517 8.991517 8.991517 8.991517 8.991517 8.991517 8.991517 8.991517 8.991517 8.991517 8.991517 8.991517 8.991517 8.991517 8.991517 8.991517 8.991517 8.991517 8.991517 8.991517 8.991517 8.991517 8.991517 8.991517 8.991517 8.991517 8.991517 8.991517 8.991517 8.991517 8.991517 8.991517 8.991517 8.991517 8.991517 8.991517 8.991517 8.991517 8.991517 8.991517 8.991517 8.991517 8.991517 8.991517 8.991517 8.991517 8.991517 8.991517 8.991517 8.991517 8.991517 8.991517 8.991517 8.991517 8.991517 8.991517 8.991517 8.991517 8.991517 8.991517 
8.991517 8.991517 8.991517 8.991517 8.991517 8.991517 8.991517 8.991517 8.991517 8.991517 8.991517 8.991517 8.991517 8.991517 8.991517 8.991517 8.991517 8.991517 8.991517 8.991517 8.991517 8.991517 8.991517 8.991517 8.991517 8.991517 8.991517 8.991517 8.991517 8.991517 8.991517 8.991517 8.991517 8.991517 8.991517 8.991517 8.991517 8.991517 8.991517 8.991517 8.991517 8.991517 8.991517 8.991517 8.991517 8.991517 8.991517 8.991517 8.991517 8.991517 8.991517 8.991517 8.991517 8.991517 8.991517 8.991517 8.991517 8.991517 8.991517 8.991517 8.991517 8.991517 8.991517 8.991517 
8.991517 8.991517 8.991517 8.991517 8.991517 8.991517 8.991517 8.991517 8.991517 8.991517 8.991517 8.991517 8.991517 8.991517 8.991517 8.991517 8.991517 8.991517 8.991517 8.991517 8.991517 8.991517 8.991517 8.991517 8.991517 8.991517 8.991517 8.991517 8.991517 8.991517 8.991517 8.991517 8.991517 8.991517 8.991517 8.991517 8.991517 8.991517 8.991517 8.991517 8.991517 8.991517 8.991517 8.991517 8.991517 8.991517 8.991517 8.991517 8.991517 8.991517 8.991517 8.991517 8.991517 8.991517 8.991517 8.991517 8.991517 8.991517 8.991517 8.991517 8.991517 8.991517 8.991517 8.991517 
8.991517 8.991517 8.991517 8.991517 8.991517 8.991517 8.991517 8.991517 8.991517 8.991517 8.991517 8.991517 8.991517 8.991517 8.991517 8.991517 8.991517 8.991517 8.991517 8.991517 8.991517 8.991517 8.991517 8.991517 8.991517 8.991517 8.991517 8.991517 8.991517 8.991517 8.991517 8.991517 8.991517 8.991517 8.991517 8.991517 8.991517 8.991517 8.991517 8.991517 8.991517 8.991517 8.991517 8.991517 8.991517 8.991517 8.991517 8.991517 8.991517 8.991517 8.991517 8.991517 8.991517 8.991517 8.991517 8.991517 8.991517 8.991517 8.991517 8.991517 8.991517 8.991517 8.991517 8.991517 
8.991517 8.991517 8.991517 8.991517 8.991517 8.991517 8.991517 8.991517 8.991517 8.991517 8.991517 8.991517 8.991517 8.991517 8.991517 8.991517 8.991517 8.991517 8.991517 8.991517 8.991517 8.991517 8.991517 8.991517 8.991517 8.991517 8.991517 8.991517 8.991517 8.991517 8.991517 8.991517 8.991517 8.991517 8.991517 8.991517 8.991517 8.991517 8.991517 8.991517 8.991517 8.991517 8.991517 8.991517 8.991517 8.991517 8.991517 8.991517 8.991517 8.991517 8.991517 8.991517 8.991517 8.991517 8.991517 8.991517 8.991517 8.991517 8.991517 8.991517 8.991517 8.991517 8.991517 8.991517 
8.991517 8.991517 8.991517 8.991517 8.991517 8.991517 8.991517 8.991517 8.991517 8.991517 8.991517 8.991517 8.991517 8.991517 8.991517 8.991517 8.991517 8.991517 8.991517 8.991517 8.991517 8.991517 8.991517 8.991517 8.991517 8.991517 8.991517 8.991517 8.991517 8.991517 8.991517 8.991517 8.991517 8.991517 8.991517 8.991517 8.991517 8.991517 8.991517 8.991517 8.991517 8.991517 8.991517 8.991517 8.991517 8.991517 8.991517 8.991517 8.991517 8.991517 8.991517 8.991517 8.991517 8.991517 8.991517 8.991517 8.991517 8.991517 8.991517 8.991517 8.991517 8.991517 8.991517 8.991517 
8.991517 8.991517 8.991517 8.991517 8.991517 8.991517 8.991517 8.991517 8.991517 8.991517 8.991517 8.991517 8.991517 8.991517 8.991517 8.991517 8.991517 8.991517 8.991517 8.991517 8.991517 8.991517 8.991517 8.991517 8.991517 8.991517 8.991517 8.991517 8.991517 8.991517 8.991517 8.991517 8.991517 8.991517 8.991517 8.991517 8.991517 8.991517 8.991517 8.991517 8.991517 8.991517 8.991517 8.991517 8.991517 8.991517 8.991517 8.991517 8.991517 8.991517 8.991517 8.991517 8.991517 8.991517 8.991517 8.991517 8.991517 8.991517 8.991517 8.991517 8.991517 8.991517 8.991517 8.991517 
8.991517 8.991517 8.991517 8.991517 8.991517 8.991517 8.991517 8.991517 8.991517 8.991517 8.991517 8.991517 8.991517 8.991517 8.991517 8.991517 8.991517 8.991517 8.991517 8.991517 8.991517 8.991517 8.991517 8.991517 8.991517 8.991517 8.991517 8.991517 8.991517 8.991517 8.991517 8.991517 8.991517 8.991517 8.991517 8.991517 8.991517 8.991517 8.991517 8.991517 8.991517 8.991517 8.991517 8.991517 8.991517 8.991517 8.991517 8.991517 8.991517 8.991517 8.991517 8.991517 8.991517 8.991517 8.991517 8.991517 8.991517 8.991517 8.991517 8.991517 8.991517 8.991517 8.991517 8.991517 
8.991517 8.991517 8.991517 8.991517 8.991517 8.991517 8.991517 8.991517 8.991517 8.991517 8.991517 8.991517 8.991517 8.991517 8.991517 8.991517 8.991517 8.991517 8.991517 8.991517 8.991517 8.991517 8.991517 8.991517 8.991517 8.991517 8.991517 8.991517 8.991517 8.991517 8.991517 8.991517 8.991517 8.991517 8.991517 8.991517 8.991517 8.991517 8.991517 8.991517 8.991517 8.991517 8.991517 8.991517 8.991517 8.991517 8.991517 8.991517 8.991517 8.991517 8.991517 8.991517 8.991517 8.991517 8.991517 8.991517 8.991517 8.991517 8.991517 8.991517 8.991517 8.991517 8.991517 8.991517 
8.991517 8.991517 8.991517 8.991517 8.991517 8.991517 8.991517 8.991517 8.991517 8.991517 8.991517 8.991517 8.991517 8.991517 8.991517 8.991517 8.991517 8.991517 8.991517 8.991517 8.991517 8.991517 8.991517 8.991517 8.991517 8.991517 8.991517 8.991517 8.991517 8.991517 8.991517 8.991517 8.991517 8.991517 8.991517 8.991517 8.991517 8.991517 8.991517 8.991517 8.991517 8.991517 8.991517 8.991517 8.991517 8.991517 8.991517 8.991517 8.991517 8.991517 8.991517 8.991517 8.991517 8.991517 8.991517 8.991517 8.991517 8.991517 8.991517 8.991517 8.991517 8.991517 8.991517 8.991517 
8.991517 8.991517 8.991517 8.991517 8.991517 8.991517 8.991517 8.991517 8.991517 8.991517 8.991517 8.991517 8.991517 8.991517 8.991517 8.991517 8.991517 8.991517 8.991517 8.991517 8.991517 8.991517 8.991517 8.991517 8.991517 8.991517 8.991517 8.991517 8.991517 8.991517 8.991517 8.991517 8.991517 8.991517 8.991517 8.991517 8.991517 8.991517 8.991517 8.991517 8.991517 8.991517 8.991517 8.991517 8.991517 8.991517 8.991517 8.991517 8.991517 8.991517 8.991517 8.991517 8.991517 8.991517 8.991517 8.991517 8.991517 8.991517 8.991517 8.991517 8.991517 8.991517 8.991517 8.991517 
8.991517 8.991517 8.991517 8.991517 8.991517 8.991517 8.991517 8.991517 8.991517 8.991517 8.991517 8.991517 8.991517 8.991517 8.991517 8.991517 8.991517 8.991517 8.991517 8.991517 8.991517 8.991517 8.991517 8.991517 8.991517 8.991517 8.991517 8.991517 8.991517 8.991517 8.991517 8.991517 8.991517 8.991517 8.991517 8.991517 8.991517 8.991517 8.991517 8.991517 8.991517 8.991517 8.991517 8.991517 8.991517 8.991517 8.991517 8.991517 8.991517 8.991517 8.991517 8.991517 8.991517 8.991517 8.991517 8.991517 8.991517 8.991517 8.991517 8.991517 8.991517 8.991517 8.991517 8.991517 
8.991517 8.991517 8.991517 8.991517 8.991517 8.991517 8.991517 8.991517 8.991517 8.991517 8.991517 8.991517 8.991517 8.991517 8.991517 8.991517 8.991517 8.991517 8.991517 8.991517 8.991517 8.991517 8.991517 8.991517 8.991517 8.991517 8.991517 8.991517 8.991517 8.991517 8.991517 8.991517 8.991517 8.991517 8.991517 8.991517 8.991517 8.991517 8.991517 8.991517 8.991517 8.991517 8.991517 8.991517 8.991517 8.991517 8.991517 8.991517 8.991517 8.991517 8.991517 8.991517 8.991517 8.991517 8.991517 8.991517 8.991517 8.991517 8.991517 8.991517 8.991517 8.991517 8.991517 8.991517 
8.991517 8.991517 8.991517 8.991517 8.991517 8.991517 8.991517 8.991517 8.991517 8.991517 8.991517 8.991517 8.991517 8.991517 8.991517 8.991517 8.991517 8.991517 8.991517 8.991517 8.991517 8.991517 8.991517 8.991517 8.991517 8.991517 8.991517 8.991517 8.991517 8.991517 8.991517 8.991517 8.991517 8.991517 8.991517 8.991517 8.991517 8.991517 8.991517 8.991517 8.991517 8.991517 8.991517 8.991517 8.991517 8.991517 8.991517 8.991517 8.991517 8.991517 8.991517 8.991517 8.991517 8.991517 8.991517 8.991517 8.991517 8.991517 8.991517 8.991517 8.991517 8.991517 8.991517 8.991517 
8.991517 8.991517 8.991517 8.991517 8.991517 8.991517 8.991517 8.991517 8.991517 8.991517 8.991517 8.991517 8.991517 8.991517 8.991517 8.991517 8.991517 8.991517 8.991517 8.991517 8.991517 8.991517 8.991517 8.991517 8.991517 8.991517 8.991517 8.991517 8.991517 8.991517 8.991517 8.991517 8.991517 8.991517 8.991517 8.991517 8.991517 8.991517 8.991517 8.991517 8.991517 8.991517 8.991517 8.991517 8.991517 8.991517 8.991517 8.991517 8.991517 8.991517 8.991517 8.991517 8.991517 8.991517 8.991517 8.991517 8.991517 8.991517 8.991517 8.991517 8.991517 8.991517 8.991517 8.991517 
8.991517 8.991517 8.991517 8.991517 8.991517 8.991517 8.991517 8.991517 8.991517 8.991517 8.991517 8.991517 8.991517 8.991517 8.991517 8.991517 8.991517 8.991517 8.991517 8.991517 8.991517 8.991517 8.991517 8.991517 8.991517 8.991517 8.991517 8.991517 8.991517 8.991517 8.991517 8.991517 8.991517 8.991517 8.991517 8.991517 8.991517 8.991517 8.991517 8.991517 8.991517 8.991517 8.991517 8.991517 8.991517 8.991517 8.991517 8.991517 8.991517 8.991517 8.991517 8.991517 8.991517 8.991517 8.991517 8.991517 8.991517 8.991517 8.991517 8.991517 8.991517 8.991517 8.991517 8.991517 
8.991517 8.991517 8.991517 8.991517 8.991517 8.991517 8.991517 8.991517 8.991517 8.991517 8.991517 8.991517 8.991517 8.991517 8.991517 8.991517 8.991517 8.991517 8.991517 8.991517 8.991517 8.991517 8.991517 8.991517 8.991517 8.991517 8.991517 8.991517 8.991517 8.991517 8.991517 8.991517 8.991517 8.991517 8.991517 8.991517 8.991517 8.991517 8.991517 8.991517 8.991517 8.991517 8.991517 8.991517 8.991517 8.991517 8.991517 8.991517 8.991517 8.991517 8.991517 8.991517 8.991517 8.991517 8.991517 8.991517 8.991517 8.991517 8.991517 8.991517 8.991517 8.991517 8.991517 8.991517 
8.991517 8.991517 8.991517 8.991517 8.991517 8.991517 8.991517 8.991517 8.991517 8.991517 8.991517 8.991517 8.991517 8.991517 8.991517 8.991517 8.991517 8.991517 8.991517 8.991517 8.991517 8.991517 8.991517 8.991517 8.991517 8.991517 8.991517 8.991517 8.991517 8.991517 8.991517 8.991517 8.991517 8.991517 8.991517 8.991517 8.991517 8.991517 8.991517 8.991517 8.991517 8.991517 8.991517 8.991517 8.991517 8.991517 8.991517 8.991517 8.991517 8.991517 8.991517 8.991517 8.991517 8.991517 8.991517 8.991517 8.991517 8.991517 8.991517 8.991517 8.991517 8.991517 8.991517 8.991517 
8.991517 8.991517 8.991517 8.991517 8.991517 8.991517 8.991517 8.991517 8.991517 8.991517 8.991517 8.991517 8.991517 8.991517 8.991517 8.991517 8.991517 8.991517 8.991517 8.991517 8.991517 8.991517 8.991517 8.991517 8.991517 8.991517 8.991517 8.991517 8.991517 8.991517 8.991517 8.991517 8.991517 8.991517 8.991517 8.991517 8.991517 8.991517 8.991517 8.991517 8.991517 8.991517 8.991517 8.991517 8.991517 8.991517 8.991517 8.991517 8.991517 8.991517 8.991517 8.991517 8.991517 8.991517 8.991517 8.991517 8.991517 8.991517 8.991517 8.991517 8.991517 8.991517 8.991517 8.991517 
8.991517 8.991517 8.991517 8.991517 8.991517 8.991517 8.991517 8.991517 8.991517 8.991517 8.991517 8.991517 8.991517 8.991517 8.991517 8.991517 8.991517 8.991517 8.991517 8.991517 8.991517 8.991517 8.991517 8.991517 8.991517 8.991517 8.991517 8.991517 8.991517 8.991517 8.991517 8.991517 8.991517 8.991517 8.991517 8.991517 8.991517 8.991517 8.991517 8.991517 8.991517 8.991517 8.991517 8.991517 8.991517 8.991517 8.991517 8.991517 8.991517 8.991517 8.991517 8.991517 8.991517 8.991517 8.991517 8.991517 8.991517 8.991517 8.991517 8.991517 8.991517 8.991517 8.991517 8.991517 
8.991517 8.991517 8.991517 8.991517 8.991517 8.991517 8.991517 8.991517 8.991517 8.991517 8.991517 8.991517 8.991517 8.991517 8.991517 8.991517 8.991517 8.991517 8.991517 8.991517 8.991517 8.991517 8.991517 8.991517 8.991517 8.991517 8.991517 8.991517 8.991517 8.991517 8.991517 8.991517 8.991517 8.991517 8.991517 8.991517 8.991517 8.991517 8.991517 8.991517 8.991517 8.991517 8.991517 8.991517 8.991517 8.991517 8.991517 8.991517 8.991517 8.991517 8.991517 8.991517 8.991517 8.991517 8.991517 8.991517 8.991517 8.991517 8.991517 8.991517 8.991517 8.991517 8.991517 8.991517 
8.991517 8.991517 8.991517 8.991517 8.991517 8.991517 8.991517 8.991517 8.991517 8.991517 8.991517 8.991517 8.991517 8.991517 8.991517 8.991517 8.991517 8.991517 8.991517 8.991517 8.991517 8.991517 8.991517 8.991517 8.991517 8.991517 8.991517 8.991517 8.991517 8.991517 8.991517 8.991517 8.991517 8.991517 8.991517 8.991517 8.991517 8.991517 8.991517 8.991517 8.991517 8.991517 8.991517 8.991517 8.991517 8.991517 8.991517 8.991517 8.991517 8.991517 8.991517 8.991517 8.991517 8.991517 8.991517 8.991517 8.991517 8.991517 8.991517 8.991517 8.991517 8.991517 8.991517 8.991517 
8.991517 8.991517 8.991517 8.991517 8.991517 8.991517 8.991517 8.991517 8.991517 8.991517 8.991517 8.991517 8.991517 8.991517 8.991517 8.991517 8.991517 8.991517 8.991517 8.991517 8.991517 8.991517 8.991517 8.991517 8.991517 8.991517 8.991517 8.991517 8.991517 8.991517 8.991517 8.991517 8.991517 8.991517 8.991517 8.991517 8.991517 8.991517 8.991517 8.991517 8.991517 8.991517 8.991517 8.991517 8.991517 8.991517 8.991517 8.991517 8.991517 8.991517 8.991517 8.991517 8.991517 8.991517 8.991517 8.991517 8.991517 8.991517 8.991517 8.991517 8.991517 8.991517 8.991517 8.991517 
8.991517 8.991517 8.991517 8.991517 8.991517 8.991517 8.991517 8.991517 8.991517 8.991517 8.991517 8.991517 8.991517 8.991517 8.991517 8.991517 8.991517 8.991517 8.991517 8.991517 8.991517 8.991517 8.991517 8.991517 8.991517 8.991517 8.991517 8.991517 8.991517 8.991517 8.991517 8.991517 8.991517 8.991517 8.991517 8.991517 8.991517 8.991517 8.991517 8.991517 8.991517 8.991517 8.991517 8.991517 8.991517 8.991517 8.991517 8.991517 8.991517 8.991517 8.991517 8.991517 8.991517 8.991517 8.991517 8.991517 8.991517 8.991517 8.991517 8.991517 8.991517 8.991517 8.991517 8.991517 
8.991517 8.991517 8.991517 8.991517 8.991517 8.991517 8.991517 8.991517 8.991517 8.991517 8.991517 8.991517 8.991517 8.991517 8.991517 8.991517 8.991517 8.991517 8.991517 8.991517 8.991517 8.991517 8.991517 8.991517 8.991517 8.991517 8.991517 8.991517 8.991517 8.991517 8.991517 8.991517 8.991517 8.991517 8.991517 8.991517 8.991517 8.991517 8.991517 8.991517 8.991517 8.991517 8.991517 8.991517 8.991517 8.991517 8.991517 8.991517 8.991517 8.991517 8.991517 8.991517 8.991517 8.991517 8.991517 8.991517 8.991517 8.991517 8.991517 8.991517 8.991517 8.991517 8.991517 8.991517 
8.991517 8.991517 8.991517 8.991517 8.991517 8.991517 8.991517 8.991517 8.991517 8.991517 8.991517 8.991517 8.991517 8.991517 8.991517 8.991517 8.991517 8.991517 8.991517 8.991517 8.991517 8.991517 8.991517 8.991517 8.991517 8.991517 8.991517 8.991517 8.991517 8.991517 8.991517 8.991517 8.991517 8.991517 8.991517 8.991517 8.991517 8.991517 8.991517 8.991517 8.991517 8.991517 8.991517 8.991517 8.991517 8.991517 8.991517 8.991517 8.991517 8.991517 8.991517 8.991517 8.991517 8.991517 8.991517 8.991517 8.991517 8.991517 8.991517 8.991517 8.991517 8.991517 8.991517 8.991517 
8.991517 8.991517 8.991517 8.991517 8.991517 8.991517 8.991517 8.991517 8.991517 8.991517 8.991517 8.991517 8.991517 8.991517 8.991517 8.991517 8.991517 8.991517 8.991517 8.991517 8.991517 8.991517 8.991517 8.991517 8.991517 8.991517 8.991517 8.991517 8.991517 8.991517 8.991517 8.991517 8.991517 8.991517 8.991517 8.991517 8.991517 8.991517 8.991517 8.991517 8.991517 8.991517 8.991517 8.991517 8.991517 8.991517 8.991517 8.991517 8.991517 8.991517 8.991517 8.991517 8.991517 8.991517 8.991517 8.991517 8.991517 8.991517 8.991517 8.991517 8.991517 8.991517 8.991517 8.991517 
8.991517 8.991517 8.991517 8.991517 8.991517 8.991517 8.991517 8.991517 8.991517 8.991517 8.991517 8.991517 8.991517 8.991517 8.991517 8.991517 8.991517 8.991517 8.991517 8.991517 8.991517 8.991517 8.991517 8.991517 8.991517 8.991517 8.991517 8.991517 8.991517 8.991517 8.991517 8.991517 8.991517 8.991517 8.991517 8.991517 8.991517 8.991517 8.991517 8.991517 8.991517 8.991517 8.991517 8.991517 8.991517 8.991517 8.991517 8.991517 8.991517 8.991517 8.991517 8.991517 8.991517 8.991517 8.991517 8.991517 8.991517 8.991517 8.991517 8.991517 8.991517 8.991517 8.991517 8.991517 
8.991517 8.991517 8.991517 8.991517 8.991517 8.991517 8.991517 8.991517 8.991517 8.991517 8.991517 8.991517 8.991517 8.991517 8.991517 8.991517 8.991517 8.991517 8.991517 8.991517 8.991517 8.991517 8.991517 8.991517 8.991517 8.991517 8.991517 8.991517 8.991517 8.991517 8.991517 8.991517 8.991517 8.991517 8.991517 8.991517 8.991517 8.991517 8.991517 8.991517 8.991517 8.991517 8.991517 8.991517 8.991517 8.991517 8.991517 8.991517 8.991517 8.991517 8.991517 8.991517 8.991517 8.991517 8.991517 8.991517 8.991517 8.991517 8.991517 8.991517 8.991517 8.991517 8.991517 8.991517 
8.991517 8.991517 8.991517 8.991517 8.991517 8.991517 8.991517 8.991517 8.991517 8.991517 8.991517 8.991517 8.991517 8.991517 8.991517 8.991517 8.991517 8.991517 8.991517 8.991517 8.991517 8.991517 8.991517 8.991517 8.991517 8.991517 8.991517 8.991517 8.991517 8.991517 8.991517 8.991517 8.991517 8.991517 8.991517 8.991517 8.991517 8.991517 8.991517 8.991517 8.991517 8.991517 8.991517 8.991517 8.991517 8.991517 8.991517 8.991517 8.991517 8.991517 8.991517 8.991517 8.991517 8.991517 8.991517 8.991517 8.991517 8.991517 8.991517 8.991517 8.991517 8.991517 8.991517 8.991517 
8.991517 8.991517 8.991517 8.991517 8.991517 8.991517 8.991517 8.991517 8.991517 8.991517 8.991517 8.991517 8.991517 8.991517 8.991517 8.991517 8.991517 8.991517 8.991517 8.991517 8.991517 8.991517 8.991517 8.991517 8.991517 8.991517 8.991517 8.991517 8.991517 8.991517 8.991517 8.991517 8.991517 8.991517 8.991517 8.991517 8.991517 8.991517 8.991517 8.991517 8.991517 8.991517 8.991517 8.991517 8.991517 8.991517 8.991517 8.991517 8.991517 8.991517 8.991517 8.991517 8.991517 8.991517 8.991517 8.991517 8.991517 8.991517 8.991517 8.991517 8.991517 8.991517 8.991517 8.991517 
8.991517 8.991517 8.991517 8.991517 8.991517 8.991517 8.991517 8.991517 8.991517 8.991517 8.991517 8.991517 8.991517 8.991517 8.991517 8.991517 8.991517 8.991517 8.991517 8.991517 8.991517 8.991517 8.991517 8.991517 8.991517 8.991517 8.991517 8.991517 8.991517 8.991517 8.991517 8.991517 8.991517 8.991517 8.991517 8.991517 8.991517 8.991517 8.991517 8.991517 8.991517 8.991517 8.991517 8.991517 8.991517 8.991517 8.991517 8.991517 8.991517 8.991517 8.991517 8.991517 8.991517 8.991517 8.991517 8.991517 8.991517 8.991517 8.991517 8.991517 8.991517 8.991517 8.991517 8.991517 
8.991517 8.991517 8.991517 8.991517 8.991517 8.991517 8.991517 8.991517 8.991517 8.991517 8.991517 8.991517 8.991517 8.991517 8.991517 8.991517 8.991517 8.991517 8.991517 8.991517 8.991517 8.991517 8.991517 8.991517 8.991517 8.991517 8.991517 8.991517 8.991517 8.991517 8.991517 8.991517 8.991517 8.991517 8.991517 8.991517 8.991517 8.991517 8.991517 8.991517 8.991517 8.991517 8.991517 8.991517 8.991517 8.991517 8.991517 8.991517 8.991517 8.991517 8.991517 8.991517 8.991517 8.991517 8.991517 8.991517 8.991517 8.991517 8.991517 8.991517 8.991517 8.991517 8.991517 8.991517 
8.991517 8.991517 8.991517 8.991517 8.991517 8.991517 8.991517 8.991517 8.991517 8.991517 8.991517 8.991517 8.991517 8.991517 8.991517 8.991517 8.991517 8.991517 8.991517 8.991517 8.991517 8.991517 8.991517 8.991517 8.991517 8.991517 8.991517 8.991517 8.991517 8.991517 8.991517 8.991517 8.991517 8.991517 8.991517 8.991517 8.991517 8.991517 8.991517 8.991517 8.991517 8.991517 8.991517 8.991517 8.991517 8.991517 8.991517 8.991517 8.991517 8.991517 8.991517 8.991517 8.991517 8.991517 8.991517 8.991517 8.991517 8.991517 8.991517 8.991517 8.991517 8.991517 8.991517 8.991517 
8.991517 8.991517 8.991517 8.991517 8.991517 8.991517 8.991517 8.991517 8.991517 8.991517 8.991517 8.991517 8.991517 8.991517 8.991517 8.991517 8.991517 8.991517 8.991517 8.991517 8.991517 8.991517 8.991517 8.991517 8.991517 8.991517 8.991517 8.991517 8.991517 8.991517 8.991517 8.991517 8.991517 8.991517 8.991517 8.991517 8.991517 8.991517 8.991517 8.991517 8.991517 8.991517 8.991517 8.991517 8.991517 8.991517 8.991517 8.991517 8.991517 8.991517 8.991517 8.991517 8.991517 8.991517 8.991517 8.991517 8.991517 8.991517 8.991517 8.991517 8.991517 8.991517 8.991517 8.991517 
8.991517 8.991517 8.991517 8.991517 8.991517 8.991517 8.991517 8.991517 8.991517 8.991517 8.991517 8.991517 8.991517 8.991517 8.991517 8.991517 8.991517 8.991517 8.991517 8.991517 8.991517 8.991517 8.991517 8.991517 8.991517 8.991517 8.991517 8.991517 8.991517 8.991517 8.991517 8.991517 8.991517 8.991517 8.991517 8.991517 8.991517 8.991517 8.991517 8.991517 8.991517 8.991517 8.991517 8.991517 8.991517 8.991517 8.991517 8.991517 8.991517 8.991517 8.991517 8.991517 8.991517 8.991517 8.991517 8.991517 8.991517 8.991517 8.991517 8.991517 8.991517 8.991517 8.991517 8.991517 
8.991517 8.991517 8.991517 8.991517 8.991517 8.991517 8.991517 8.991517 8.991517 8.991517 8.991517 8.991517 8.991517 8.991517 8.991517 8.991517 8.991517 8.991517 8.991517 8.991517 8.991517 8.991517 8.991517 8.991517 8.991517 8.991517 8.991517 8.991517 8.991517 8.991517 8.991517 8.991517 8.991517 8.991517 8.991517 8.991517 8.991517 8.991517 8.991517 8.991517 8.991517 8.991517 8.991517 8.991517 8.991517 8.991517 8.991517 8.991517 8.991517 8.991517 8.991517 8.991517 8.991517 8.991517 8.991517 8.991517 8.991517 8.991517 8.991517 8.991517 8.991517 8.991517 8.991517 8.991517 
8.991517 8.991517 8.991517 8.991517 8.991517 8.991517 8.991517 8.991517 8.991517 8.991517 8.991517 8.991517 8.991517 8.991517 8.991517 8.991517 8.991517 8.991517 8.991517 8.991517 8.991517 8.991517 8.991517 8.991517 8.991517 8.991517 8.991517 8.991517 8.991517 8.991517 8.991517 8.991517 8.991517 8.991517 8.991517 8.991517 8.991517 8.991517 8.991517 8.991517 8.991517 8.991517 8.991517 8.991517 8.991517 8.991517 8.991517 8.991517 8.991517 8.991517 8.991517 8.991517 8.991517 8.991517 8.991517 8.991517 8.991517 8.991517 8.991517 8.991517 8.991517 8.991517 8.991517 8.991517 
8.991517 8.991517 8.991517 8.991517 8.991517 8.991517 8.991517 8.991517 8.991517 8.991517 8.991517 8.991517 8.991517 8.991517 8.991517 8.991517 8.991517 8.991517 8.991517 8.991517 8.991517 8.991517 8.991517 8.991517 8.991517 8.991517 8.991517 8.991517 8.991517 8.991517 8.991517 8.991517 8.991517 8.991517 8.991517 8.991517 8.991517 8.991517 8.991517 8.991517 8.991517 8.991517 8.991517 8.991517 8.991517 8.991517 8.991517 8.991517 8.991517 8.991517 8.991517 8.991517 8.991517 8.991517 8.991517 8.991517 8.991517 8.991517 8.991517 8.991517 8.991517 8.991517 8.991517 8.991517 
8.991517 8.991517 8.991517 8.991517 8.991517 8.991517 8.991517 8.991517 8.991517 8.991517 8.991517 8.991517 8.991517 8.991517 8.991517 8.991517 8.991517 8.991517 8.991517 8.991517 8.991517 8.991517 8.991517 8.991517 8.991517 8.991517 8.991517 8.991517 8.991517 8.991517 8.991517 8.991517 8.991517 8.991517 8.991517 8.991517 8.991517 8.991517 8.991517 8.991517 8.991517 8.991517 8.991517 8.991517 8.991517 8.991517 8.991517 8.991517 8.991517 8.991517 8.991517 8.991517 8.991517 8.991517 8.991517 8.991517 8.991517 8.991517 8.991517 8.991517 8.991517 8.991517 8.991517 8.991517 
8.991517 8.991517 8.991517 8.991517 8.991517 8.991517 8.991517 8.991517 8.991517 8.991517 8.991517 8.991517 8.991517 8.991517 8.991517 8.991517 8.991517 8.991517 8.991517 8.991517 8.991517 8.991517 8.991517 8.991517 8.991517 8.991517 8.991517 8.991517 8.991517 8.991517 8.991517 8.991517 8.991517 8.991517 8.991517 8.991517 8.991517 8.991517 8.991517 8.991517 8.991517 8.991517 8.991517 8.991517 8.991517 8.991517 8.991517 8.991517 8.991517 8.991517 8.991517 8.991517 8.991517 8.991517 8.991517 8.991517 8.991517 8.991517 8.991517 8.991517 8.991517 8.991517 8.991517 8.991517 
8.991517 8.991517 8.991517 8.991517 8.991517 8.991517 8.991517 8.991517 8.991517 8.991517 8.991517 8.991517 8.991517 8.991517 8.991517 8.991517 8.991517 8.991517 8.991517 8.991517 8.991517 8.991517 8.991517 8.991517 8.991517 8.991517 8.991517 8.991517 8.991517 8.991517 8.991517 8.991517 8.991517 8.991517 8.991517 8.991517 8.991517 8.991517 8.991517 8.991517 8.991517 8.991517 8.991517 8.991517 8.991517 8.991517 8.991517 8.991517 8.991517 8.991517 8.991517 8.991517 8.991517 8.991517 8.991517 8.991517 8.991517 8.991517 8.991517 8.991517 8.991517 8.991517 8.991517 8.991517 
8.991517 8.991517 8.991517 8.991517 8.991517 8.991517 8.991517 8.991517 8.991517 8.991517 8.991517 8.991517 8.991517 8.991517 8.991517 8.991517 8.991517 8.991517 8.991517 8.991517 8.991517 8.991517 8.991517 8.991517 8.991517 8.991517 8.991517 8.991517 8.991517 8.991517 8.991517 8.991517 8.991517 8.991517 8.991517 8.991517 8.991517 8.991517 8.991517 8.991517 8.991517 8.991517 8.991517 8.991517 8.991517 8.991517 8.991517 8.991517 8.991517 8.991517 8.991517 8.991517 8.991517 8.991517 8.991517 8.991517 8.991517 8.991517 8.991517 8.991517 8.991517 8.991517 8.991517 8.991517 
8.991517 8.991517 8.991517 8.991517 8.991517 8.991517 8.991517 8.991517 8.991517 8.991517 8.991517 8.991517 8.991517 8.991517 8.991517 8.991517 8.991517 8.991517 8.991517 8.991517 8.991517 8.991517 8.991517 8.991517 8.991517 8.991517 8.991517 8.991517 8.991517 8.991517 8.991517 8.991517 8.991517 8.991517 8.991517 8.991517 8.991517 8.991517 8.991517 8.991517 8.991517 8.991517 8.991517 8.991517 8.991517 8.991517 8.991517 8.991517 8.991517 8.991517 8.991517 8.991517 8.991517 8.991517 8.991517 8.991517 8.991517 8.991517 8.991517 8.991517 8.991517 8.991517 8.991517 8.991517 
8.991517 8.991517 8.991517 8.991517 8.991517 8.991517 8.991517 8.991517 8.991517 8.991517 8.991517 8.991517 8.991517 8.991517 8.991517 8.991517 8.991517 8.991517 8.991517 8.991517 8.991517 8.991517 8.991517 8.991517 8.991517 8.991517 8.991517 8.991517 8.991517 8.991517 8.991517 8.991517 8.991517 8.991517 8.991517 8.991517 8.991517 8.991517 8.991517 8.991517 8.991517 8.991517 8.991517 8.991517 8.991517 8.991517 8.991517 8.991517 8.991517 8.991517 8.991517 8.991517 8.991517 8.991517 8.991517 8.991517 8.991517 8.991517 8.991517 8.991517 8.991517 8.991517 8.991517 8.991517 
