8.588128 8.588128 8.588128 8.588128 8.588128 8.588128 8.588128 8.588128 8.588128 8.588128 8.588128 8.588128 8.588128 8.588128 8.588128 8.588128 8.588128 8.588128 8.588128 8.588128 8.588128 8.588128 8.588128 8.588128 8.588128 8.588128 8.588128 8.588128 8.588128 8.588128 8.588128 8.588128 8.588128 8.588128 8.588128 8.588128 8.588128 8.588128 8.588128 8.588128 8.588128 8.588128 8.588128 8.588128 8.588128 8.588128 8.588128 8.588128 8.588128 8.588128 8.588128 8.588128 8.588128 8.588128 8.588128 8.588128 8.588128 8.588128 8.588128 8.588128 8.588128 8.588128 8.588128 8.588128 
8.588128 8.588128 8.588128 8.588128 8.588128 8.588128 8.588128 8.588128 8.588128 8.588128 8.588128 8.588128 8.588128 8.588128 8.588128 8.588128 8.588128 8.588128 8.588128 8.588128 8.588128 8.588128 8.588128 8.588128 8.588128 8.588128 8.588128 8.588128 8.588128 8.588128 8.588128 8.588128 8.588128 8.588128 8.588128 8.588128 8.588128 8.588128 8.588128 8.588128 8.588128 8.588128 8.588128 8.588128 8.588128 8.588128 8.588128 8.588128 8.588128 8.588128 8.588128 8.588128 8.588128 8.588128 8.588128 8.588128 8.588128 8.588128 8.588128 8.588128 8.588128 8.588128 8.588128 8.588128 
8.588128 8.588128 8.588128 8.588128 8.588128 8.588128 8.588128 8.588128 8.588128 8.588128 8.588128 8.588128 8.588128 8.588128 8.588128 8.588128 8.588128 8.588128 8.588128 8.588128 8.588128 8.588128 8.588128 8.588128 8.588128 8.588128 8.588128 8.588128 8.588128 8.588128 8.588128 8.588128 8.588128 8.588128 8.588128 8.588128 8.588128 8.588128 8.588128 8.588128 8.588128 8.588128 8.588128 8.588128 8.588128 8.588128 8.588128 8.588128 8.588128 8.588128 8.588128 8.588128 8.588128 8.588128 8.588128 8.588128 8.588128 8.588128 8.588128 8.588128 8.588128 8.588128 8.588128 8.588128 
8.588128 8.588128 8.588128 8.588128 8.588128 8.588128 8.588128 8.588128 8.588128 8.588128 8.588128 8.588128 8.588128 8.588128 8.588128 8.588128 8.588128 8.588128 8.588128 8.588128 8.588128 8.588128 8.588128 8.588128 8.588128 8.588128 8.588128 8.588128 8.588128 8.588128 8.588128 8.588128 8.588128 8.588128 8.588128 8.588128 8.588128 8.588128 8.588128 8.588128 8.588128 8.588128 8.588128 8.588128 8.588128 8.588128 8.588128 8.588128 8.588128 8.588128 8.588128 8.588128 8.588128 8.588128 8.588128 8.588128 8.588128 8.588128 8.588128 8.588128 8.588128 8.588128 8.588128 8.588128 
8.588128 8.588128 8.588128 8.588128 8.588128 8.588128 8.588128 8.588128 8.588128 8.588128 8.588128 8.588128 8.588128 8.588128 8.588128 8.588128 8.588128 8.588128 8.588128 8.588128 8.588128 8.588128 8.588128 8.588128 8.588128 8.588128 8.588128 8.588128 8.588128 8.588128 8.588128 8.588128 8.588128 8.588128 8.588128 8.588128 8.588128 8.588128 8.588128 8.588128 8.588128 8.588128 8.588128 8.588128 8.588128 8.588128 8.588128 8.588128 8.588128 8.588128 8.588128 8.588128 8.588128 8.588128 8.588128 8.588128 8.588128 8.588128 8.588128 8.588128 8.588128 8.588128 8.588128 8.588128 
8.588128 8.588128 8.588128 8.588128 8.588128 8.588128 8.588128 8.588128 8.588128 8.588128 8.588128 8.588128 8.588128 8.588128 8.588128 8.588128 8.588128 8.588128 8.588128 8.588128 8.588128 8.588128 8.588128 8.588128 8.588128 8.588128 8.588128 8.588128 8.588128 8.588128 8.588128 8.588128 8.588128 8.588128 8.588128 8.588128 8.588128 8.588128 8.588128 8.588128 8.588128 8.588128 8.588128 8.588128 8.588128 8.588128 8.588128 8.588128 8.588128 8.588128 8.588128 8.588128 8.588128 8.588128 8.588128 8.588128 8.588128 8.588128 8.588128 8.588128 8.588128 8.588128 8.588128 8.588128 
8.588128 8.588128 8.588128 8.588128 8.588128 8.588128 8.588128 8.588128 8.588128 8.588128 8.588128 8.588128 8.588128 8.588128 8.588128 8.588128 8.588128 8.588128 8.588128 8.588128 8.588128 8.588128 8.588128 8.588128 8.588128 8.588128 8.588128 8.588128 8.588128 8.588128 8.588128 8.588128 8.588128 8.588128 8.588128 8.588128 8.588128 8.588128 8.588128 8.588128 8.588128 8.588128 8.588128 8.588128 8.588128 8.588128 8.588128 8.588128 8.588128 8.588128 8.588128 8.588128 8.588128 8.588128 8.588128 8.588128 8.588128 8.588128 8.588128 8.588128 8.588128 8.588128 8.588128 8.588128 
8.588128 8.588128 8.588128 8.588128 8.588128 8.588128 8.588128 8.588128 8.588128 8.588128 8.588128 8.588128 8.588128 8.588128 8.588128 8.588128 8.588128 8.588128 8.588128 8.588128 8.588128 8.588128 8.588128 8.588128 8.588128 8.588128 8.588128 8.588128 8.588128 8.588128 8.588128 8.588128 8.588128 8.588128 8.588128 8.588128 8.588128 8.588128 8.588128 8.588128 8.588128 8.588128 8.588128 8.588128 8.588128 8.588128 8.588128 8.588128 8.588128 8.588128 8.588128 8.588128 8.588128 8.588128 8.588128 8.588128 8.588128 8.588128 8.588128 8.588128 8.588128 8.588128 8.588128 8.588128 
8.588128 8.588128 8.588128 8.588128 8.588128 8.588128 8.588128 8.588128 8.588128 8.588128 8.588128 8.588128 8.588128 8.588128 8.588128 8.588128 8.588128 8.588128 8.588128 8.588128 8.588128 8.588128 8.588128 8.588128 8.588128 8.588128 8.588128 8.588128 8.588128 8.588128 8.588128 8.588128 8.588128 8.588128 8.588128 8.588128 8.588128 8.588128 8.588128 8.588128 8.588128 8.588128 8.588128 8.588128 8.588128 8.588128 8.588128 8.588128 8.588128 8.588128 8.588128 8.588128 8.588128 8.588128 8.588128 8.588128 8.588128 8.588128 8.588128 8.588128 8.588128 8.588128 8.588128 8.588128 
8.588128 8.588128 8.588128 8.588128 8.588128 8.588128 8.588128 8.588128 8.588128 8.588128 8.588128 8.588128 8.588128 8.588128 8.588128 8.588128 8.588128 8.588128 8.588128 8.588128 8.588128 8.588128 8.588128 8.588128 8.588128 8.588128 8.588128 8.588128 8.588128 8.588128 8.588128 8.588128 8.588128 8.588128 8.588128 8.588128 8.588128 8.588128 8.588128 8.588128 8.588128 8.588128 8.588128 8.588128 8.588128 8.588128 8.588128 8.588128 8.588128 8.588128 8.588128 8.588128 8.588128 8.588128 8.588128 8.588128 8.588128 8.588128 8.588128 8.588128 8.588128 8.588128 8.588128 8.588128 
8.588128 8.588128 8.588128 8.588128 8.588128 8.588128 8.588128 8.588128 8.588128 8.588128 8.588128 8.588128 8.588128 8.588128 8.588128 8.588128 8.588128 8.588128 8.588128 8.588128 8.588128 8.588128 8.588128 8.588128 8.588128 8.588128 8.588128 8.588128 8.588128 8.588128 8.588128 8.588128 8.588128 8.588128 8.588128 8.588128 8.588128 8.588128 8.588128 8.588128 8.588128 8.588128 8.588128 8.588128 8.588128 8.588128 8.588128 8.588128 8.588128 8.588128 8.588128 8.588128 8.588128 8.588128 8.588128 8.588128 8.588128 8.588128 8.588128 8.588128 8.588128 8.588128 8.588128 8.588128 
8.588128 8.588128 8.588128 8.588128 8.588128 8.588128 8.588128 8.588128 8.588128 8.588128 8.588128 8.588128 8.588128 8.588128 8.588128 8.588128 8.588128 8.588128 8.588128 8.588128 8.588128 8.588128 8.588128 8.588128 8.588128 8.588128 8.588128 8.588128 8.588128 8.588128 8.588128 8.588128 8.588128 8.588128 8.588128 8.588128 8.588128 8.588128 8.588128 8.588128 8.588128 8.588128 8.588128 8.588128 8.588128 8.588128 8.588128 8.588128 8.588128 8.588128 8.588128 8.588128 8.588128 8.588128 8.588128 8.588128 8.588128 8.588128 8.588128 8.588128 8.588128 8.588128 8.588128 8.588128 
8.588128 8.588128 8.588128 8.588128 8.588128 8.588128 8.588128 8.588128 8.588128 8.588128 8.588128 8.588128 8.588128 8.588128 8.588128 8.588128 8.588128 8.588128 8.588128 8.588128 8.588128 8.588128 8.588128 8.588128 8.588128 8.588128 8.588128 8.588128 8.588128 8.588128 8.588128 8.588128 8.588128 8.588128 8.588128 8.588128 8.588128 8.588128 8.588128 8.588128 8.588128 8.588128 8.588128 8.588128 8.588128 8.588128 8.588128 8.588128 8.588128 8.588128 8.588128 8.588128 8.588128 8.588128 8.588128 8.588128 8.588128 8.588128 8.588128 8.588128 8.588128 8.588128 8.588128 8.588128 
8.588128 8.588128 8.588128 8.588128 8.588128 8.588128 8.588128 8.588128 8.588128 8.588128 8.588128 8.588128 8.588128 8.588128 8.588128 8.588128 8.588128 8.588128 8.588128 8.588128 8.588128 8.588128 8.588128 8.588128 8.588128 8.588128 8.588128 8.588128 8.588128 8.588128 8.588128 8.588128 8.588128 8.588128 8.588128 8.588128 8.588128 8.588128 8.588128 8.588128 8.588128 8.588128 8.588128 8.588128 8.588128 8.588128 8.588128 8.588128 8.588128 8.588128 8.588128 8.588128 8.588128 8.588128 8.588128 8.588128 8.588128 8.588128 8.588128 8.588128 8.588128 8.588128 8.588128 8.588128 
8.588128 8.588128 8.588128 8.588128 8.588128 8.588128 8.588128 8.588128 8.588128 8.588128 8.588128 8.588128 8.588128 8.588128 8.588128 8.588128 8.588128 8.588128 8.588128 8.588128 8.588128 8.588128 8.588128 8.588128 8.588128 8.588128 8.588128 8.588128 8.588128 8.588128 8.588128 8.588128 8.588128 8.588128 8.588128 8.588128 8.588128 8.588128 8.588128 8.588128 8.588128 8.588128 8.588128 8.588128 8.588128 8.588128 8.588128 8.588128 8.588128 8.588128 8.588128 8.588128 8.588128 8.588128 8.588128 8.588128 8.588128 8.588128 8.588128 8.588128 8.588128 8.588128 8.588128 8.588128 
8.588128 8.588128 8.588128 8.588128 8.588128 8.588128 8.588128 8.588128 8.588128 8.588128 8.588128 8.588128 8.588128 8.588128 8.588128 8.588128 8.588128 8.588128 8.588128 8.588128 8.588128 8.588128 8.588128 8.588128 8.588128 8.588128 8.588128 8.588128 8.588128 8.588128 8.588128 8.588128 8.588128 8.588128 8.588128 8.588128 8.588128 8.588128 8.588128 8.588128 8.588128 8.588128 8.588128 8.588128 8.588128 8.588128 8.588128 8.588128 8.588128 8.588128 8.588128 8.588128 8.588128 8.588128 8.588128 8.588128 8.588128 8.588128 8.588128 8.588128 8.588128 8.588128 8.588128 8.588128 
8.588128 8.588128 8.588128 8.588128 8.588128 8.588128 8.588128 8.588128 8.588128 8.588128 8.588128 8.588128 8.588128 8.588128 8.588128 8.588128 8.588128 8.588128 8.588128 8.588128 8.588128 8.588128 8.588128 8.588128 8.588128 8.588128 8.588128 8.588128 8.588128 8.588128 8.588128 8.588128 8.588128 8.588128 8.588128 8.588128 8.588128 8.588128 8.588128 8.588128 8.588128 8.588128 8.588128 8.588128 8.588128 8.588128 8.588128 8.588128 8.588128 8.588128 8.588128 8.588128 8.588128 8.588128 8.588128 8.588128 8.588128 8.588128 8.588128 8.588128 8.588128 8.588128 8.588128 8.588128 
8.588128 8.588128 8.588128 8.588128 8.588128 8.588128 8.588128 8.588128 8.588128 8.588128 8.588128 8.588128 8.588128 8.588128 8.588128 8.588128 8.588128 8.588128 8.588128 8.588128 8.588128 8.588128 8.588128 8.588128 8.588128 8.588128 8.588128 8.588128 8.588128 8.588128 8.588128 8.588128 8.588128 8.588128 8.588128 8.588128 8.588128 8.588128 8.588128 8.588128 8.588128 8.588128 8.588128 8.588128 8.588128 8.588128 8.588128 8.588128 8.588128 8.588128 8.588128 8.588128 8.588128 8.588128 8.588128 8.588128 8.588128 8.588128 8.588128 8.588128 8.588128 8.588128 8.588128 8.588128 
8.588128 8.588128 8.588128 8.588128 8.588128 8.588128 8.588128 8.588128 8.588128 8.588128 8.588128 8.588128 8.588128 8.588128 8.588128 8.588128 8.588128 8.588128 8.588128 8.588128 8.588128 8.588128 8.588128 8.588128 8.588128 8.588128 8.588128 8.588128 8.588128 8.588128 8.588128 8.588128 8.588128 8.588128 8.588128 8.588128 8.588128 8.588128 8.588128 8.588128 8.588128 8.588128 8.588128 8.588128 8.588128 8.588128 8.588128 8.588128 8.588128 8.588128 8.588128 8.588128 8.588128 8.588128 8.588128 8.588128 8.588128 8.588128 8.588128 8.588128 8.588128 8.588128 8.588128 8.588128 
8.588128 8.588128 8.588128 8.588128 8.588128 8.588128 8.588128 8.588128 8.588128 8.588128 8.588128 8.588128 8.588128 8.588128 8.588128 8.588128 8.588128 8.588128 8.588128 8.588128 8.588128 8.588128 8.588128 8.588128 8.588128 8.588128 8.588128 8.588128 8.588128 8.588128 8.588128 8.588128 8.588128 8.588128 8.588128 8.588128 8.588128 8.588128 8.588128 8.588128 8.588128 8.588128 8.588128 8.588128 8.588128 8.588128 8.588128 8.588128 8.588128 8.588128 8.588128 8.588128 8.588128 8.588128 8.588128 8.588128 8.588128 8.588128 8.588128 8.588128 8.588128 8.588128 8.588128 8.588128 
8.588128 8.588128 8.588128 8.588128 8.588128 8.588128 8.588128 8.588128 8.588128 8.588128 8.588128 8.588128 8.588128 8.588128 8.588128 8.588128 8.588128 8.588128 8.588128 8.588128 8.588128 8.588128 8.588128 8.588128 8.588128 8.588128 8.588128 8.588128 8.588128 8.588128 8.588128 8.588128 8.588128 8.588128 8.588128 8.588128 8.588128 8.588128 8.588128 8.588128 8.588128 8.588128 8.588128 8.588128 8.588128 8.588128 8.588128 8.588128 8.588128 8.588128 8.588128 8.588128 8.588128 8.588128 8.588128 8.588128 8.588128 8.588128 8.588128 8.588128 8.588128 8.588128 8.588128 8.588128 
8.588128 8.588128 8.588128 8.588128 8.588128 8.588128 8.588128 8.588128 8.588128 8.588128 8.588128 8.588128 8.588128 8.588128 8.588128 8.588128 8.588128 8.588128 8.588128 8.588128 8.588128 8.588128 8.588128 8.588128 8.588128 8.588128 8.588128 8.588128 8.588128 8.588128 8.588128 8.588128 8.588128 8.588128 8.588128 8.588128 8.588128 8.588128 8.588128 8.588128 8.588128 8.588128 8.588128 8.588128 8.588128 8.588128 8.588128 8.588128 8.588128 8.588128 8.588128 8.588128 8.588128 8.588128 8.588128 8.588128 8.588128 8.588128 8.588128 8.588128 8.588128 8.588128 8.588128 8.588128 
8.588128 8.588128 8.588128 8.588128 8.588128 8.588128 8.588128 8.588128 8.588128 8.588128 8.588128 8.588128 8.588128 8.588128 8.588128 8.588128 8.588128 8.588128 8.588128 8.588128 8.588128 8.588128 8.588128 8.588128 8.588128 8.588128 8.588128 8.588128 8.588128 8.588128 8.588128 8.588128 8.588128 8.588128 8.588128 8.588128 8.588128 8.588128 8.588128 8.588128 8.588128 8.588128 8.588128 8.588128 8.588128 8.588128 8.588128 8.588128 8.588128 8.588128 8.588128 8.588128 8.588128 8.588128 8.588128 8.588128 8.588128 8.588128 8.588128 8.588128 8.588128 8.588128 8.588128 8.588128 
8.588128 8.588128 8.588128 8.588128 8.588128 8.588128 8.588128 8.588128 8.588128 8.588128 8.588128 8.588128 8.588128 8.588128 8.588128 8.588128 8.588128 8.588128 8.588128 8.588128 8.588128 8.588128 8.588128 8.588128 8.588128 8.588128 8.588128 8.588128 8.588128 8.588128 8.588128 8.588128 8.588128 8.588128 8.588128 8.588128 8.588128 8.588128 8.588128 8.588128 8.588128 8.588128 8.588128 8.588128 8.588128 8.588128 8.588128 8.588128 8.588128 8.588128 8.588128 8.588128 8.588128 8.588128 8.588128 8.588128 8.588128 8.588128 8.588128 8.588128 8.588128 8.588128 8.588128 8.588128 
8.588128 8.588128 8.588128 8.588128 8.588128 8.588128 8.588128 8.588128 8.588128 8.588128 8.588128 8.588128 8.588128 8.588128 8.588128 8.588128 8.588128 8.588128 8.588128 8.588128 8.588128 8.588128 8.588128 8.588128 8.588128 8.588128 8.588128 8.588128 8.588128 8.588128 8.588128 8.588128 8.588128 8.588128 8.588128 8.588128 8.588128 8.588128 8.588128 8.588128 8.588128 8.588128 8.588128 8.588128 8.588128 8.588128 8.588128 8.588128 8.588128 8.588128 8.588128 8.588128 8.588128 8.588128 8.588128 8.588128 8.588128 8.588128 8.588128 8.588128 8.588128 8.588128 8.588128 8.588128 
8.588128 8.588128 8.588128 8.588128 8.588128 8.588128 8.588128 8.588128 8.588128 8.588128 8.588128 8.588128 8.588128 8.588128 8.588128 8.588128 8.588128 8.588128 8.588128 8.588128 8.588128 8.588128 8.588128 8.588128 8.588128 8.588128 8.588128 8.588128 8.588128 8.588128 8.588128 8.588128 8.588128 8.588128 8.588128 8.588128 8.588128 8.588128 8.588128 8.588128 8.588128 8.588128 8.588128 8.588128 8.588128 8.588128 8.588128 8.588128 8.588128 8.588128 8.588128 8.588128 8.588128 8.588128 8.588128 8.588128 8.588128 8.588128 8.588128 8.588128 8.588128 8.588128 8.588128 8.588128 
8.588128 8.588128 8.588128 8.588128 8.588128 8.588128 8.588128 8.588128 8.588128 8.588128 8.588128 8.588128 8.588128 8.588128 8.588128 8.588128 8.588128 8.588128 8.588128 8.588128 8.588128 8.588128 8.588128 8.588128 8.588128 8.588128 8.588128 8.588128 8.588128 8.588128 8.588128 8.588128 8.588128 8.588128 8.588128 8.588128 8.588128 8.588128 8.588128 8.588128 8.588128 8.588128 8.588128 8.588128 8.588128 8.588128 8.588128 8.588128 8.588128 8.588128 8.588128 8.588128 8.588128 8.588128 8.588128 8.588128 8.588128 8.588128 8.588128 8.588128 8.588128 8.588128 8.588128 8.588128 
8.588128 8.588128 8.588128 8.588128 8.588128 8.588128 8.588128 8.588128 8.588128 8.588128 8.588128 8.588128 8.588128 8.588128 8.588128 8.588128 8.588128 8.588128 8.588128 8.588128 8.588128 8.588128 8.588128 8.588128 8.588128 8.588128 8.588128 8.588128 8.588128 8.588128 8.588128 8.588128 8.588128 8.588128 8.588128 8.588128 8.588128 8.588128 8.588128 8.588128 8.588128 8.588128 8.588128 8.588128 8.588128 8.588128 8.588128 8.588128 8.588128 8.588128 8.588128 8.588128 8.588128 8.588128 8.588128 8.588128 8.588128 8.588128 8.588128 8.588128 8.588128 8.588128 8.588128 8.588128 
8.588128 8.588128 8.588128 8.588128 8.588128 8.588128 8.588128 8.588128 8.588128 8.588128 8.588128 8.588128 8.588128 8.588128 8.588128 8.588128 8.588128 8.588128 8.588128 8.588128 8.588128 8.588128 8.588128 8.588128 8.588128 8.588128 8.588128 8.588128 8.588128 8.588128 8.588128 8.588128 8.588128 8.588128 8.588128 8.588128 8.588128 8.588128 8.588128 8.588128 8.588128 8.588128 8.588128 8.588128 8.588128 8.588128 8.588128 8.588128 8.588128 8.588128 8.588128 8.588128 8.588128 8.588128 8.588128 8.588128 8.588128 8.588128 8.588128 8.588128 8.588128 8.588128 8.588128 8.588128 
8.588128 8.588128 8.588128 8.588128 8.588128 8.588128 8.588128 8.588128 8.588128 8.588128 8.588128 8.588128 8.588128 8.588128 8.588128 8.588128 8.588128 8.588128 8.588128 8.588128 8.588128 8.588128 8.588128 8.588128 8.588128 8.588128 8.588128 8.588128 8.588128 8.588128 8.588128 8.588128 8.588128 8.588128 8.588128 8.588128 8.588128 8.588128 8.588128 8.588128 8.588128 8.588128 8.588128 8.588128 8.588128 8.588128 8.588128 8.588128 8.588128 8.588128 8.588128 8.588128 8.588128 8.588128 8.588128 8.588128 8.588128 8.588128 8.588128 8.588128 8.588128 8.588128 8.588128 8.588128 
8.588128 8.588128 8.588128 8.588128 8.588128 8.588128 8.588128 8.588128 8.588128 8.588128 8.588128 8.588128 8.588128 8.588128 8.588128 8.588128 8.588128 8.588128 8.588128 8.588128 8.588128 8.588128 8.588128 8.588128 8.588128 8.588128 8.588128 8.588128 8.588128 8.588128 8.588128 8.588128 8.588128 8.588128 8.588128 8.588128 8.588128 8.588128 8.588128 8.588128 8.588128 8.588128 8.588128 8.588128 8.588128 8.588128 8.588128 8.588128 8.588128 8.588128 8.588128 8.588128 8.588128 8.588128 8.588128 8.588128 8.588128 8.588128 8.588128 8.588128 8.588128 8.588128 8.588128 8.588128 
8.588128 8.588128 8.588128 8.588128 8.588128 8.588128 8.588128 8.588128 8.588128 8.588128 8.588128 8.588128 8.588128 8.588128 8.588128 8.588128 8.588128 8.588128 8.588128 8.588128 8.588128 8.588128 8.588128 8.588128 8.588128 8.588128 8.588128 8.588128 8.588128 8.588128 8.588128 8.588128 8.588128 8.588128 8.588128 8.588128 8.588128 8.588128 8.588128 8.588128 8.588128 8.588128 8.588128 8.588128 8.588128 8.588128 8.588128 8.588128 8.588128 8.588128 8.588128 8.588128 8.588128 8.588128 8.588128 8.588128 8.588128 8.588128 8.588128 8.588128 8.588128 8.588128 8.588128 8.588128 
8.588128 8.588128 8.588128 8.588128 8.588128 8.588128 8.588128 8.588128 8.588128 8.588128 8.588128 8.588128 8.588128 8.588128 8.588128 8.588128 8.588128 8.588128 8.588128 8.588128 8.588128 8.588128 8.588128 8.588128 8.588128 8.588128 8.588128 8.588128 8.588128 8.588128 8.588128 8.588128 8.588128 8.588128 8.588128 8.588128 8.588128 8.588128 8.588128 8.588128 8.588128 8.588128 8.588128 8.588128 8.588128 8.588128 8.588128 8.588128 8.588128 8.588128 8.588128 8.588128 8.588128 8.588128 8.588128 8.588128 8.588128 8.588128 8.588128 8.588128 8.588128 8.588128 8.588128 8.588128 
8.588128 8.588128 8.588128 8.588128 8.588128 8.588128 8.588128 8.588128 8.588128 8.588128 8.588128 8.588128 8.588128 8.588128 8.588128 8.588128 8.588128 8.588128 8.588128 8.588128 8.588128 8.588128 8.588128 8.588128 8.588128 8.588128 8.588128 8.588128 8.588128 8.588128 8.588128 8.588128 8.588128 8.588128 8.588128 8.588128 8.588128 8.588128 8.588128 8.588128 8.588128 8.588128 8.588128 8.588128 8.588128 8.588128 8.588128 8.588128 8.588128 8.588128 8.588128 8.588128 8.588128 8.588128 8.588128 8.588128 8.588128 8.588128 8.588128 8.588128 8.588128 8.588128 8.588128 8.588128 
8.588128 8.588128 8.588128 8.588128 8.588128 8.588128 8.588128 8.588128 8.588128 8.588128 8.588128 8.588128 8.588128 8.588128 8.588128 8.588128 8.588128 8.588128 8.588128 8.588128 8.588128 8.588128 8.588128 8.588128 8.588128 8.588128 8.588128 8.588128 8.588128 8.588128 8.588128 8.588128 8.588128 8.588128 8.588128 8.588128 8.588128 8.588128 8.588128 8.588128 8.588128 8.588128 8.588128 8.588128 8.588128 8.588128 8.588128 8.588128 8.588128 8.588128 8.588128 8.588128 8.588128 8.588128 8.588128 8.588128 8.588128 8.588128 8.588128 8.588128 8.588128 8.588128 8.588128 8.588128 
8.588128 8.588128 8.588128 8.588128 8.588128 8.588128 8.588128 8.588128 8.588128 8.588128 8.588128 8.588128 8.588128 8.588128 8.588128 8.588128 8.588128 8.588128 8.588128 8.588128 8.588128 8.588128 8.588128 8.588128 8.588128 8.588128 8.588128 8.588128 8.588128 8.588128 8.588128 8.588128 8.588128 8.588128 8.588128 8.588128 8.588128 8.588128 8.588128 8.588128 8.588128 8.588128 8.588128 8.588128 8.588128 8.588128 8.588128 8.588128 8.588128 8.588128 8.588128 8.588128 8.588128 8.588128 8.588128 8.588128 8.588128 8.588128 8.588128 8.588128 8.588128 8.588128 8.588128 8.588128 
8.588128 8.588128 8.588128 8.588128 8.588128 8.588128 8.588128 8.588128 8.588128 8.588128 8.588128 8.588128 8.588128 8.588128 8.588128 8.588128 8.588128 8.588128 8.588128 8.588128 8.588128 8.588128 8.588128 8.588128 8.588128 8.588128 8.588128 8.588128 8.588128 8.588128 8.588128 8.588128 8.588128 8.588128 8.588128 8.588128 8.588128 8.588128 8.588128 8.588128 8.588128 8.588128 8.588128 8.588128 8.588128 8.588128 8.588128 8.588128 8.588128 8.588128 8.588128 8.588128 8.588128 8.588128 8.588128 8.588128 8.588128 8.588128 8.588128 8.588128 8.588128 8.588128 8.588128 8.588128 
8.588128 8.588128 8.588128 8.588128 8.588128 8.588128 8.588128 8.588128 8.588128 8.588128 8.588128 8.588128 8.588128 8.588128 8.588128 8.588128 8.588128 8.588128 8.588128 8.588128 8.588128 8.588128 8.588128 8.588128 8.588128 8.588128 8.588128 8.588128 8.588128 8.588128 8.588128 8.588128 8.588128 8.588128 8.588128 8.588128 8.588128 8.588128 8.588128 8.588128 8.588128 8.588128 8.588128 8.588128 8.588128 8.588128 8.588128 8.588128 8.588128 8.588128 8.588128 8.588128 8.588128 8.588128 8.588128 8.588128 8.588128 8.588128 8.588128 8.588128 8.588128 8.588128 8.588128 8.588128 
8.588128 8.588128 8.588128 8.588128 8.588128 8.588128 8.588128 8.588128 8.588128 8.588128 8.588128 8.588128 8.588128 8.588128 8.588128 8.588128 8.588128 8.588128 8.588128 8.588128 8.588128 8.588128 8.588128 8.588128 8.588128 8.588128 8.588128 8.588128 8.588128 8.588128 8.588128 8.588128 8.588128 8.588128 8.588128 8.588128 8.588128 8.588128 8.588128 8.588128 8.588128 8.588128 8.588128 8.588128 8.588128 8.588128 8.588128 8.588128 8.588128 8.588128 8.588128 8.588128 8.588128 8.588128 8.588128 8.588128 8.588128 8.588128 8.588128 8.588128 8.588128 8.588128 8.588128 8.588128 
8.588128 8.588128 8.588128 8.588128 8.588128 8.588128 8.588128 8.588128 8.588128 8.588128 8.588128 8.588128 8.588128 8.588128 8.588128 8.588128 8.588128 8.588128 8.588128 8.588128 8.588128 8.588128 8.588128 8.588128 8.588128 8.588128 8.588128 8.588128 8.588128 8.588128 8.588128 8.588128 8.588128 8.588128 8.588128 8.588128 8.588128 8.588128 8.588128 8.588128 8.588128 8.588128 8.588128 8.588128 8.588128 8.588128 8.588128 8.588128 8.588128 8.588128 8.588128 8.588128 8.588128 8.588128 8.588128 8.588128 8.588128 8.588128 8.588128 8.588128 8.588128 8.588128 8.588128 8.588128 
8.588128 8.588128 8.588128 8.588128 8.588128 8.588128 8.588128 8.588128 8.588128 8.588128 8.588128 8.588128 8.588128 8.588128 8.588128 8.588128 8.588128 8.588128 8.588128 8.588128 8.588128 8.588128 8.588128 8.588128 8.588128 8.588128 8.588128 8.588128 8.588128 8.588128 8.588128 8.588128 8.588128 8.588128 8.588128 8.588128 8.588128 8.588128 8.588128 8.588128 8.588128 8.588128 8.588128 8.588128 8.588128 8.588128 8.588128 8.588128 8.588128 8.588128 8.588128 8.588128 8.588128 8.588128 8.588128 8.588128 8.588128 8.588128 8.588128 8.588128 8.588128 8.588128 8.588128 8.588128 
8.588128 8.588128 8.588128 8.588128 8.588128 8.588128 8.588128 8.588128 8.588128 8.588128 8.588128 8.588128 8.588128 8.588128 8.588128 8.588128 8.588128 8.588128 8.588128 8.588128 8.588128 8.588128 8.588128 8.588128 8.588128 8.588128 8.588128 8.588128 8.588128 8.588128 8.588128 8.588128 8.588128 8.588128 8.588128 8.588128 8.588128 8.588128 8.588128 8.588128 8.588128 8.588128 8.588128 8.588128 8.588128 8.588128 8.588128 8.588128 8.588128 8.588128 8.588128 8.588128 8.588128 8.588128 8.588128 8.588128 8.588128 8.588128 8.588128 8.588128 8.588128 8.588128 8.588128 8.588128 
8.588128 8.588128 8.588128 8.588128 8.588128 8.588128 8.588128 8.588128 8.588128 8.588128 8.588128 8.588128 8.588128 8.588128 8.588128 8.588128 8.588128 8.588128 8.588128 8.588128 8.588128 8.588128 8.588128 8.588128 8.588128 8.588128 8.588128 8.588128 8.588128 8.588128 8.588128 8.588128 8.588128 8.588128 8.588128 8.588128 8.588128 8.588128 8.588128 8.588128 8.588128 8.588128 8.588128 8.588128 8.588128 8.588128 8.588128 8.588128 8.588128 8.588128 8.588128 8.588128 8.588128 8.588128 8.588128 8.588128 8.588128 8.588128 8.588128 8.588128 8.588128 8.588128 8.588128 8.588128 
8.588128 8.588128 8.588128 8.588128 8.588128 8.588128 8.588128 8.588128 8.588128 8.588128 8.588128 8.588128 8.588128 8.588128 8.588128 8.588128 8.588128 8.588128 8.588128 8.588128 8.588128 8.588128 8.588128 8.588128 8.588128 8.588128 8.588128 8.588128 8.588128 8.588128 8.588128 8.588128 8.588128 8.588128 8.588128 8.588128 8.588128 8.588128 8.588128 8.588128 8.588128 8.588128 8.588128 8.588128 8.588128 8.588128 8.588128 8.588128 8.588128 8.588128 8.588128 8.588128 8.588128 8.588128 8.588128 8.588128 8.588128 8.588128 8.588128 8.588128 8.588128 8.588128 8.588128 8.588128 
8.588128 8.588128 8.588128 8.588128 8.588128 8.588128 8.588128 8.588128 8.588128 8.588128 8.588128 8.588128 8.588128 8.588128 8.588128 8.588128 8.588128 8.588128 8.588128 8.588128 8.588128 8.588128 8.588128 8.588128 8.588128 8.588128 8.588128 8.588128 8.588128 8.588128 8.588128 8.588128 8.588128 8.588128 8.588128 8.588128 8.588128 8.588128 8.588128 8.588128 8.588128 8.588128 8.588128 8.588128 8.588128 8.588128 8.588128 8.588128 8.588128 8.588128 8.588128 8.588128 8.588128 8.588128 8.588128 8.588128 8.588128 8.588128 8.588128 8.588128 8.588128 8.588128 8.588128 8.588128 
8.588128 8.588128 8.588128 8.588128 8.588128 8.588128 8.588128 8.588128 8.588128 8.588128 8.588128 8.588128 8.588128 8.588128 8.588128 8.588128 8.588128 8.588128 8.588128 8.588128 8.588128 8.588128 8.588128 8.588128 8.588128 8.588128 8.588128 8.588128 8.588128 8.588128 8.588128 8.588128 8.588128 8.588128 8.588128 8.588128 8.588128 8.588128 8.588128 8.588128 8.588128 8.588128 8.588128 8.588128 8.588128 8.588128 8.588128 8.588128 8.588128 8.588128 8.588128 8.588128 8.588128 8.588128 8.588128 8.588128 8.588128 8.588128 8.588128 8.588128 8.588128 8.588128 8.588128 8.588128 
8.588128 8.588128 8.588128 8.588128 8.588128 8.588128 8.588128 8.588128 8.588128 8.588128 8.588128 8.588128 8.588128 8.588128 8.588128 8.588128 8.588128 8.588128 8.588128 8.588128 8.588128 8.588128 8.588128 8.588128 8.588128 8.588128 8.588128 8.588128 8.588128 8.588128 8.588128 8.588128 8.588128 8.588128 8.588128 8.588128 8.588128 8.588128 8.588128 8.588128 8.588128 8.588128 8.588128 8.588128 8.588128 8.588128 8.588128 8.588128 8.588128 8.588128 8.588128 8.588128 8.588128 8.588128 8.588128 8.588128 8.588128 8.588128 8.588128 8.588128 8.588128 8.588128 8.588128 8.588128 
8.588128 8.588128 8.588128 8.588128 8.588128 8.588128 8.588128 8.588128 8.588128 8.588128 8.588128 8.588128 8.588128 8.588128 8.588128 8.588128 8.588128 8.588128 8.588128 8.588128 8.588128 8.588128 8.588128 8.588128 8.588128 8.588128 8.588128 8.588128 8.588128 8.588128 8.588128 8.588128 8.588128 8.588128 8.588128 8.588128 8.588128 8.588128 8.588128 8.588128 8.588128 8.588128 8.588128 8.588128 8.588128 8.588128 8.588128 8.588128 8.588128 8.588128 8.588128 8.588128 8.588128 8.588128 8.588128 8.588128 8.588128 8.588128 8.588128 8.588128 8.588128 8.588128 8.588128 8.588128 
8.588128 8.588128 8.588128 8.588128 8.588128 8.588128 8.588128 8.588128 8.588128 8.588128 8.588128 8.588128 8.588128 8.588128 8.588128 8.588128 8.588128 8.588128 8.588128 8.588128 8.588128 8.588128 8.588128 8.588128 8.588128 8.588128 8.588128 8.588128 8.588128 8.588128 8.588128 8.588128 8.588128 8.588128 8.588128 8.588128 8.588128 8.588128 8.588128 8.588128 8.588128 8.588128 8.588128 8.588128 8.588128 8.588128 8.588128 8.588128 8.588128 8.588128 8.588128 8.588128 8.588128 8.588128 8.588128 8.588128 8.588128 8.588128 8.588128 8.588128 8.588128 8.588128 8.588128 8.588128 
8.588128 8.588128 8.588128 8.588128 8.588128 8.588128 8.588128 8.588128 8.588128 8.588128 8.588128 8.588128 8.588128 8.588128 8.588128 8.588128 8.588128 8.588128 8.588128 8.588128 8.588128 8.588128 8.588128 8.588128 8.588128 8.588128 8.588128 8.588128 8.588128 8.588128 8.588128 8.588128 8.588128 8.588128 8.588128 8.588128 8.588128 8.588128 8.588128 8.588128 8.588128 8.588128 8.588128 8.588128 8.588128 8.588128 8.588128 8.588128 8.588128 8.588128 8.588128 8.588128 8.588128 8.588128 8.588128 8.588128 8.588128 8.588128 8.588128 8.588128 8.588128 8.588128 8.588128 8.588128 
8.588128 8.588128 8.588128 8.588128 8.588128 8.588128 8.588128 8.588128 8.588128 8.588128 8.588128 8.588128 8.588128 8.588128 8.588128 8.588128 8.588128 8.588128 8.588128 8.588128 8.588128 8.588128 8.588128 8.588128 8.588128 8.588128 8.588128 8.588128 8.588128 8.588128 8.588128 8.588128 8.588128 8.588128 8.588128 8.588128 8.588128 8.588128 8.588128 8.588128 8.588128 8.588128 8.588128 8.588128 8.588128 8.588128 8.588128 8.588128 8.588128 8.588128 8.588128 8.588128 8.588128 8.588128 8.588128 8.588128 8.588128 8.588128 8.588128 8.588128 8.588128 8.588128 8.588128 8.588128 
8.588128 8.588128 8.588128 8.588128 8.588128 8.588128 8.588128 8.588128 8.588128 8.588128 8.588128 8.588128 8.588128 8.588128 8.588128 8.588128 8.588128 8.588128 8.588128 8.588128 8.588128 8.588128 8.588128 8.588128 8.588128 8.588128 8.588128 8.588128 8.588128 8.588128 8.588128 8.588128 8.588128 8.588128 8.588128 8.588128 8.588128 8.588128 8.588128 8.588128 8.588128 8.588128 8.588128 8.588128 8.588128 8.588128 8.588128 8.588128 8.588128 8.588128 8.588128 8.588128 8.588128 8.588128 8.588128 8.588128 8.588128 8.588128 8.588128 8.588128 8.588128 8.588128 8.588128 8.588128 
8.588128 8.588128 8.588128 8.588128 8.588128 8.588128 8.588128 8.588128 8.588128 8.588128 8.588128 8.588128 8.588128 8.588128 8.588128 8.588128 8.588128 8.588128 8.588128 8.588128 8.588128 8.588128 8.588128 8.588128 8.588128 8.588128 8.588128 8.588128 8.588128 8.588128 8.588128 8.588128 8.588128 8.588128 8.588128 8.588128 8.588128 8.588128 8.588128 8.588128 8.588128 8.588128 8.588128 8.588128 8.588128 8.588128 8.588128 8.588128 8.588128 8.588128 8.588128 8.588128 8.588128 8.588128 8.588128 8.588128 8.588128 8.588128 8.588128 8.588128 8.588128 8.588128 8.588128 8.588128 
8.588128 8.588128 8.588128 8.588128 8.588128 8.588128 8.588128 8.588128 8.588128 8.588128 8.588128 8.588128 8.588128 8.588128 8.588128 8.588128 8.588128 8.588128 8.588128 8.588128 8.588128 8.588128 8.588128 8.588128 8.588128 8.588128 8.588128 8.588128 8.588128 8.588128 8.588128 8.588128 8.588128 8.588128 8.588128 8.588128 8.588128 8.588128 8.588128 8.588128 8.588128 8.588128 8.588128 8.588128 8.588128 8.588128 8.588128 8.588128 8.588128 8.588128 8.588128 8.588128 8.588128 8.588128 8.588128 8.588128 8.588128 8.588128 8.588128 8.588128 8.588128 8.588128 8.588128 8.588128 
8.588128 8.588128 8.588128 8.588128 8.588128 8.588128 8.588128 8.588128 8.588128 8.588128 8.588128 8.588128 8.588128 8.588128 8.588128 8.588128 8.588128 8.588128 8.588128 8.588128 8.588128 8.588128 8.588128 8.588128 8.588128 8.588128 8.588128 8.588128 8.588128 8.588128 8.588128 8.588128 8.588128 8.588128 8.588128 8.588128 8.588128 8.588128 8.588128 8.588128 8.588128 8.588128 8.588128 8.588128 8.588128 8.588128 8.588128 8.588128 8.588128 8.588128 8.588128 8.588128 8.588128 8.588128 8.588128 8.588128 8.588128 8.588128 8.588128 8.588128 8.588128 8.588128 8.588128 8.588128 
8.588128 8.588128 8.588128 8.588128 8.588128 8.588128 8.588128 8.588128 8.588128 8.588128 8.588128 8.588128 8.588128 8.588128 8.588128 8.588128 8.588128 8.588128 8.588128 8.588128 8.588128 8.588128 8.588128 8.588128 8.588128 8.588128 8.588128 8.588128 8.588128 8.588128 8.588128 8.588128 8.588128 8.588128 8.588128 8.588128 8.588128 8.588128 8.588128 8.588128 8.588128 8.588128 8.588128 8.588128 8.588128 8.588128 8.588128 8.588128 8.588128 8.588128 8.588128 8.588128 8.588128 8.588128 8.588128 8.588128 8.588128 8.588128 8.588128 8.588128 8.588128 8.588128 8.588128 8.588128 
8.588128 8.588128 8.588128 8.588128 8.588128 8.588128 8.588128 8.588128 8.588128 8.588128 8.588128 8.588128 8.588128 8.588128 8.588128 8.588128 8.588128 8.588128 8.588128 8.588128 8.588128 8.588128 8.588128 8.588128 8.588128 8.588128 8.588128 8.588128 8.588128 8.588128 8.588128 8.588128 8.588128 8.588128 8.588128 8.588128 8.588128 8.588128 8.588128 8.588128 8.588128 8.588128 8.588128 8.588128 8.588128 8.588128 8.588128 8.588128 8.588128 8.588128 8.588128 8.588128 8.588128 8.588128 8.588128 8.588128 8.588128 8.588128 8.588128 8.588128 8.588128 8.588128 8.588128 8.588128 
8.588128 8.588128 8.588128 8.588128 8.588128 8.588128 8.588128 8.588128 8.588128 8.588128 8.588128 8.588128 8.588128 8.588128 8.588128 8.588128 8.588128 8.588128 8.588128 8.588128 8.588128 8.588128 8.588128 8.588128 8.588128 8.588128 8.588128 8.588128 8.588128 8.588128 8.588128 8.588128 8.588128 8.588128 8.588128 8.588128 8.588128 8.588128 8.588128 8.588128 8.588128 8.588128 8.588128 8.588128 8.588128 8.588128 8.588128 8.588128 8.588128 8.588128 8.588128 8.588128 8.588128 8.588128 8.588128 8.588128 8.588128 8.588128 8.588128 8.588128 8.588128 8.588128 8.588128 8.588128 
8.588128 8.588128 8.588128 8.588128 8.588128 8.588128 8.588128 8.588128 8.588128 8.588128 8.588128 8.588128 8.588128 8.588128 8.588128 8.588128 8.588128 8.588128 8.588128 8.588128 8.588128 8.588128 8.588128 8.588128 8.588128 8.588128 8.588128 8.588128 8.588128 8.588128 8.588128 8.588128 8.588128 8.588128 8.588128 8.588128 8.588128 8.588128 8.588128 8.588128 8.588128 8.588128 8.588128 8.588128 8.588128 8.588128 8.588128 8.588128 8.588128 8.588128 8.588128 8.588128 8.588128 8.588128 8.588128 8.588128 8.588128 8.588128 8.588128 8.588128 8.588128 8.588128 8.588128 8.588128 
8.588128 8.588128 8.588128 8.588128 8.588128 8.588128 8.588128 8.588128 8.588128 8.588128 8.588128 8.588128 8.588128 8.588128 8.588128 8.588128 8.588128 8.588128 8.588128 8.588128 8.588128 8.588128 8.588128 8.588128 8.588128 8.588128 8.588128 8.588128 8.588128 8.588128 8.588128 8.588128 8.588128 8.588128 8.588128 8.588128 8.588128 8.588128 8.588128 8.588128 8.588128 8.588128 8.588128 8.588128 8.588128 8.588128 8.588128 8.588128 8.588128 8.588128 8.588128 8.588128 8.588128 8.588128 8.588128 8.588128 8.588128 8.588128 8.588128 8.588128 8.588128 8.588128 8.588128 8.588128 
8.588128 8.588128 8.588128 8.588128 8.588128 8.588128 8.588128 8.588128 8.588128 8.588128 8.588128 8.588128 8.588128 8.588128 8.588128 8.588128 8.588128 8.588128 8.588128 8.588128 8.588128 8.588128 8.588128 8.588128 8.588128 8.588128 8.588128 8.588128 8.588128 8.588128 8.588128 8.588128 8.588128 8.588128 8.588128 8.588128 8.588128 8.588128 8.588128 8.588128 8.588128 8.588128 8.588128 8.588128 8.588128 8.588128 8.588128 8.588128 8.588128 8.588128 8.588128 8.588128 8.588128 8.588128 8.588128 8.588128 8.588128 8.588128 8.588128 8.588128 8.588128 8.588128 8.588128 8.588128 
8.588128 8.588128 8.588128 8.588128 8.588128 8.588128 8.588128 8.588128 8.588128 8.588128 8.588128 8.588128 8.588128 8.588128 8.588128 8.588128 8.588128 8.588128 8.588128 8.588128 8.588128 8.588128 8.588128 8.588128 8.588128 8.588128 8.588128 8.588128 8.588128 8.588128 8.588128 8.588128 8.588128 8.588128 8.588128 8.588128 8.588128 8.588128 8.588128 8.588128 8.588128 8.588128 8.588128 8.588128 8.588128 8.588128 8.588128 8.588128 8.588128 8.588128 8.588128 8.588128 8.588128 8.588128 8.588128 8.588128 8.588128 8.588128 8.588128 8.588128 8.588128 8.588128 8.588128 8.588128 
8.588128 8.588128 8.588128 8.588128 8.588128 8.588128 8.588128 8.588128 8.588128 8.588128 8.588128 8.588128 8.588128 8.588128 8.588128 8.588128 8.588128 8.588128 8.588128 8.588128 8.588128 8.588128 8.588128 8.588128 8.588128 8.588128 8.588128 8.588128 8.588128 8.588128 8.588128 8.588128 8.588128 8.588128 8.588128 8.588128 8.588128 8.588128 8.588128 8.588128 8.588128 8.588128 8.588128 8.588128 8.588128 8.588128 8.588128 8.588128 8.588128 8.588128 8.588128 8.588128 8.588128 8.588128 8.588128 8.588128 8.588128 8.588128 8.588128 8.588128 8.588128 8.588128 8.588128 8.588128 
8.588128 8.588128 8.588128 8.588128 8.588128 8.588128 8.588128 8.588128 8.588128 8.588128 8.588128 8.588128 8.588128 8.588128 8.588128 8.588128 8.588128 8.588128 8.588128 8.588128 8.588128 8.588128 8.588128 8.588128 8.588128 8.588128 8.588128 8.588128 8.588128 8.588128 8.588128 8.588128 8.588128 8.588128 8.588128 8.588128 8.588128 8.588128 8.588128 8.588128 8.588128 8.588128 8.588128 8.588128 8.588128 8.588128 8.588128 8.588128 8.588128 8.588128 8.588128 8.588128 8.588128 8.588128 8.588128 8.588128 8.588128 8.588128 8.588128 8.588128 8.588128 8.588128 8.588128 8.588128 
