8.184740 8.184740 8.184740 8.184740 8.184740 8.184740 8.184740 8.184740 8.184740 8.184740 8.184740 8.184740 8.184740 8.184740 8.184740 8.184740 8.184740 8.184740 8.184740 8.184740 8.184740 8.184740 8.184740 8.184740 8.184740 8.184740 8.184740 8.184740 8.184740 8.184740 8.184740 8.184740 8.184740 8.184740 8.184740 8.184740 8.184740 8.184740 8.184740 8.184740 8.184740 8.184740 8.184740 8.184740 8.184740 8.184740 8.184740 8.184740 8.184740 8.184740 8.184740 8.184740 8.184740 8.184740 8.184740 8.184740 8.184740 8.184740 8.184740 8.184740 8.184740 8.184740 8.184740 8.184740 
8.184740 8.184740 8.184740 8.184740 8.184740 8.184740 8.184740 8.184740 8.184740 8.184740 8.184740 8.184740 8.184740 8.184740 8.184740 8.184740 8.184740 8.184740 8.184740 8.184740 8.184740 8.184740 8.184740 8.184740 8.184740 8.184740 8.184740 8.184740 8.184740 8.184740 8.184740 8.184740 8.184740 8.184740 8.184740 8.184740 8.184740 8.184740 8.184740 8.184740 8.184740 8.184740 8.184740 8.184740 8.184740 8.184740 8.184740 8.184740 8.184740 8.184740 8.184740 8.184740 8.184740 8.184740 8.184740 8.184740 8.184740 8.184740 8.184740 8.184740 8.184740 8.184740 8.184740 8.184740 
8.184740 8.184740 8.184740 8.184740 8.184740 8.184740 8.184740 8.184740 8.184740 8.184740 8.184740 8.184740 8.184740 8.184740 8.184740 8.184740 8.184740 8.184740 8.184740 8.184740 8.184740 8.184740 8.184740 8.184740 8.184740 8.184740 8.184740 8.184740 8.184740 8.184740 8.184740 8.184740 8.184740 8.184740 8.184740 8.184740 8.184740 8.184740 8.184740 8.184740 8.184740 8.184740 8.184740 8.184740 8.184740 8.184740 8.184740 8.184740 8.184740 8.184740 8.184740 8.184740 8.184740 8.184740 8.184740 8.184740 8.184740 8.184740 8.184740 8.184740 8.184740 8.184740 8.184740 8.184740 
8.184740 8.184740 8.184740 8.184740 8.184740 8.184740 8.184740 8.184740 8.184740 8.184740 8.184740 8.184740 8.184740 8.184740 8.184740 8.184740 8.184740 8.184740 8.184740 8.184740 8.184740 8.184740 8.184740 8.184740 8.184740 8.184740 8.184740 8.184740 8.184740 8.184740 8.184740 8.184740 8.184740 8.184740 8.184740 8.184740 8.184740 8.184740 8.184740 8.184740 8.184740 8.184740 8.184740 8.184740 8.184740 8.184740 8.184740 8.184740 8.184740 8.184740 8.184740 8.184740 8.184740 8.184740 8.184740 8.184740 8.184740 8.184740 8.184740 8.184740 8.184740 8.184740 8.184740 8.184740 
8.184740 8.184740 8.184740 8.184740 8.184740 8.184740 8.184740 8.184740 8.184740 8.184740 8.184740 8.184740 8.184740 8.184740 8.184740 8.184740 8.184740 8.184740 8.184740 8.184740 8.184740 8.184740 8.184740 8.184740 8.184740 8.184740 8.184740 8.184740 8.184740 8.184740 8.184740 8.184740 8.184740 8.184740 8.184740 8.184740 8.184740 8.184740 8.184740 8.184740 8.184740 8.184740 8.184740 8.184740 8.184740 8.184740 8.184740 8.184740 8.184740 8.184740 8.184740 8.184740 8.184740 8.184740 8.184740 8.184740 8.184740 8.184740 8.184740 8.184740 8.184740 8.184740 8.184740 8.184740 
8.184740 8.184740 8.184740 8.184740 8.184740 8.184740 8.184740 8.184740 8.184740 8.184740 8.184740 8.184740 8.184740 8.184740 8.184740 8.184740 8.184740 8.184740 8.184740 8.184740 8.184740 8.184740 8.184740 8.184740 8.184740 8.184740 8.184740 8.184740 8.184740 8.184740 8.184740 8.184740 8.184740 8.184740 8.184740 8.184740 8.184740 8.184740 8.184740 8.184740 8.184740 8.184740 8.184740 8.184740 8.184740 8.184740 8.184740 8.184740 8.184740 8.184740 8.184740 8.184740 8.184740 8.184740 8.184740 8.184740 8.184740 8.184740 8.184740 8.184740 8.184740 8.184740 8.184740 8.184740 
8.184740 8.184740 8.184740 8.184740 8.184740 8.184740 8.184740 8.184740 8.184740 8.184740 8.184740 8.184740 8.184740 8.184740 8.184740 8.184740 8.184740 8.184740 8.184740 8.184740 8.184740 8.184740 8.184740 8.184740 8.184740 8.184740 8.184740 8.184740 8.184740 8.184740 8.184740 8.184740 8.184740 8.184740 8.184740 8.184740 8.184740 8.184740 8.184740 8.184740 8.184740 8.184740 8.184740 8.184740 8.184740 8.184740 8.184740 8.184740 8.184740 8.184740 8.184740 8.184740 8.184740 8.184740 8.184740 8.184740 8.184740 8.184740 8.184740 8.184740 8.184740 8.184740 8.184740 8.184740 
8.184740 8.184740 8.184740 8.184740 8.184740 8.184740 8.184740 8.184740 8.184740 8.184740 8.184740 8.184740 8.184740 8.184740 8.184740 8.184740 8.184740 8.184740 8.184740 8.184740 8.184740 8.184740 8.184740 8.184740 8.184740 8.184740 8.184740 8.184740 8.184740 8.184740 8.184740 8.184740 8.184740 8.184740 8.184740 8.184740 8.184740 8.184740 8.184740 8.184740 8.184740 8.184740 8.184740 8.184740 8.184740 8.184740 8.184740 8.184740 8.184740 8.184740 8.184740 8.184740 8.184740 8.184740 8.184740 8.184740 8.184740 8.184740 8.184740 8.184740 8.184740 8.184740 8.184740 8.184740 
8.184740 8.184740 8.184740 8.184740 8.184740 8.184740 8.184740 8.184740 8.184740 8.184740 8.184740 8.184740 8.184740 8.184740 8.184740 8.184740 8.184740 8.184740 8.184740 8.184740 8.184740 8.184740 8.184740 8.184740 8.184740 8.184740 8.184740 8.184740 8.184740 8.184740 8.184740 8.184740 8.184740 8.184740 8.184740 8.184740 8.184740 8.184740 8.184740 8.184740 8.184740 8.184740 8.184740 8.184740 8.184740 8.184740 8.184740 8.184740 8.184740 8.184740 8.184740 8.184740 8.184740 8.184740 8.184740 8.184740 8.184740 8.184740 8.184740 8.184740 8.184740 8.184740 8.184740 8.184740 
8.184740 8.184740 8.184740 8.184740 8.184740 8.184740 8.184740 8.184740 8.184740 8.184740 8.184740 8.184740 8.184740 8.184740 8.184740 8.184740 8.184740 8.184740 8.184740 8.184740 8.184740 8.184740 8.184740 8.184740 8.184740 8.184740 8.184740 8.184740 8.184740 8.184740 8.184740 8.184740 8.184740 8.184740 8.184740 8.184740 8.184740 8.184740 8.184740 8.184740 8.184740 8.184740 8.184740 8.184740 8.184740 8.184740 8.184740 8.184740 8.184740 8.184740 8.184740 8.184740 8.184740 8.184740 8.184740 8.184740 8.184740 8.184740 8.184740 8.184740 8.184740 8.184740 8.184740 8.184740 
8.184740 8.184740 8.184740 8.184740 8.184740 8.184740 8.184740 8.184740 8.184740 8.184740 8.184740 8.184740 8.184740 8.184740 8.184740 8.184740 8.184740 8.184740 8.184740 8.184740 8.184740 8.184740 8.184740 8.184740 8.184740 8.184740 8.184740 8.184740 8.184740 8.184740 8.184740 8.184740 8.184740 8.184740 8.184740 8.184740 8.184740 8.184740 8.184740 8.184740 8.184740 8.184740 8.184740 8.184740 8.184740 8.184740 8.184740 8.184740 8.184740 8.184740 8.184740 8.184740 8.184740 8.184740 8.184740 8.184740 8.184740 8.184740 8.184740 8.184740 8.184740 8.184740 8.184740 8.184740 
8.184740 8.184740 8.184740 8.184740 8.184740 8.184740 8.184740 8.184740 8.184740 8.184740 8.184740 8.184740 8.184740 8.184740 8.184740 8.184740 8.184740 8.184740 8.184740 8.184740 8.184740 8.184740 8.184740 8.184740 8.184740 8.184740 8.184740 8.184740 8.184740 8.184740 8.184740 8.184740 8.184740 8.184740 8.184740 8.184740 8.184740 8.184740 8.184740 8.184740 8.184740 8.184740 8.184740 8.184740 8.184740 8.184740 8.184740 8.184740 8.184740 8.184740 8.184740 8.184740 8.184740 8.184740 8.184740 8.184740 8.184740 8.184740 8.184740 8.184740 8.184740 8.184740 8.184740 8.184740 
8.184740 8.184740 8.184740 8.184740 8.184740 8.184740 8.184740 8.184740 8.184740 8.184740 8.184740 8.184740 8.184740 8.184740 8.184740 8.184740 8.184740 8.184740 8.184740 8.184740 8.184740 8.184740 8.184740 8.184740 8.184740 8.184740 8.184740 8.184740 8.184740 8.184740 8.184740 8.184740 8.184740 8.184740 8.184740 8.184740 8.184740 8.184740 8.184740 8.184740 8.184740 8.184740 8.184740 8.184740 8.184740 8.184740 8.184740 8.184740 8.184740 8.184740 8.184740 8.184740 8.184740 8.184740 8.184740 8.184740 8.184740 8.184740 8.184740 8.184740 8.184740 8.184740 8.184740 8.184740 
8.184740 8.184740 8.184740 8.184740 8.184740 8.184740 8.184740 8.184740 8.184740 8.184740 8.184740 8.184740 8.184740 8.184740 8.184740 8.184740 8.184740 8.184740 8.184740 8.184740 8.184740 8.184740 8.184740 8.184740 8.184740 8.184740 8.184740 8.184740 8.184740 8.184740 8.184740 8.184740 8.184740 8.184740 8.184740 8.184740 8.184740 8.184740 8.184740 8.184740 8.184740 8.184740 8.184740 8.184740 8.184740 8.184740 8.184740 8.184740 8.184740 8.184740 8.184740 8.184740 8.184740 8.184740 8.184740 8.184740 8.184740 8.184740 8.184740 8.184740 8.184740 8.184740 8.184740 8.184740 
8.184740 8.184740 8.184740 8.184740 8.184740 8.184740 8.184740 8.184740 8.184740 8.184740 8.184740 8.184740 8.184740 8.184740 8.184740 8.184740 8.184740 8.184740 8.184740 8.184740 8.184740 8.184740 8.184740 8.184740 8.184740 8.184740 8.184740 8.184740 8.184740 8.184740 8.184740 8.184740 8.184740 8.184740 8.184740 8.184740 8.184740 8.184740 8.184740 8.184740 8.184740 8.184740 8.184740 8.184740 8.184740 8.184740 8.184740 8.184740 8.184740 8.184740 8.184740 8.184740 8.184740 8.184740 8.184740 8.184740 8.184740 8.184740 8.184740 8.184740 8.184740 8.184740 8.184740 8.184740 
8.184740 8.184740 8.184740 8.184740 8.184740 8.184740 8.184740 8.184740 8.184740 8.184740 8.184740 8.184740 8.184740 8.184740 8.184740 8.184740 8.184740 8.184740 8.184740 8.184740 8.184740 8.184740 8.184740 8.184740 8.184740 8.184740 8.184740 8.184740 8.184740 8.184740 8.184740 8.184740 8.184740 8.184740 8.184740 8.184740 8.184740 8.184740 8.184740 8.184740 8.184740 8.184740 8.184740 8.184740 8.184740 8.184740 8.184740 8.184740 8.184740 8.184740 8.184740 8.184740 8.184740 8.184740 8.184740 8.184740 8.184740 8.184740 8.184740 8.184740 8.184740 8.184740 8.184740 8.184740 
8.184740 8.184740 8.184740 8.184740 8.184740 8.184740 8.184740 8.184740 8.184740 8.184740 8.184740 8.184740 8.184740 8.184740 8.184740 8.184740 8.184740 8.184740 8.184740 8.184740 8.184740 8.184740 8.184740 8.184740 8.184740 8.184740 8.184740 8.184740 8.184740 8.184740 8.184740 8.184740 8.184740 8.184740 8.184740 8.184740 8.184740 8.184740 8.184740 8.184740 8.184740 8.184740 8.184740 8.184740 8.184740 8.184740 8.184740 8.184740 8.184740 8.184740 8.184740 8.184740 8.184740 8.184740 8.184740 8.184740 8.184740 8.184740 8.184740 8.184740 8.184740 8.184740 8.184740 8.184740 
8.184740 8.184740 8.184740 8.184740 8.184740 8.184740 8.184740 8.184740 8.184740 8.184740 8.184740 8.184740 8.184740 8.184740 8.184740 8.184740 8.184740 8.184740 8.184740 8.184740 8.184740 8.184740 8.184740 8.184740 8.184740 8.184740 8.184740 8.184740 8.184740 8.184740 8.184740 8.184740 8.184740 8.184740 8.184740 8.184740 8.184740 8.184740 8.184740 8.184740 8.184740 8.184740 8.184740 8.184740 8.184740 8.184740 8.184740 8.184740 8.184740 8.184740 8.184740 8.184740 8.184740 8.184740 8.184740 8.184740 8.184740 8.184740 8.184740 8.184740 8.184740 8.184740 8.184740 8.184740 
8.184740 8.184740 8.184740 8.184740 8.184740 8.184740 8.184740 8.184740 8.184740 8.184740 8.184740 8.184740 8.184740 8.184740 8.184740 8.184740 8.184740 8.184740 8.184740 8.184740 8.184740 8.184740 8.184740 8.184740 8.184740 8.184740 8.184740 8.184740 8.184740 8.184740 8.184740 8.184740 8.184740 8.184740 8.184740 8.184740 8.184740 8.184740 8.184740 8.184740 8.184740 8.184740 8.184740 8.184740 8.184740 8.184740 8.184740 8.184740 8.184740 8.184740 8.184740 8.184740 8.184740 8.184740 8.184740 8.184740 8.184740 8.184740 8.184740 8.184740 8.184740 8.184740 8.184740 8.184740 
8.184740 8.184740 8.184740 8.184740 8.184740 8.184740 8.184740 8.184740 8.184740 8.184740 8.184740 8.184740 8.184740 8.184740 8.184740 8.184740 8.184740 8.184740 8.184740 8.184740 8.184740 8.184740 8.184740 8.184740 8.184740 8.184740 8.184740 8.184740 8.184740 8.184740 8.184740 8.184740 8.184740 8.184740 8.184740 8.184740 8.184740 8.184740 8.184740 8.184740 8.184740 8.184740 8.184740 8.184740 8.184740 8.184740 8.184740 8.184740 8.184740 8.184740 8.184740 8.184740 8.184740 8.184740 8.184740 8.184740 8.184740 8.184740 8.184740 8.184740 8.184740 8.184740 8.184740 8.184740 
8.184740 8.184740 8.184740 8.184740 8.184740 8.184740 8.184740 8.184740 8.184740 8.184740 8.184740 8.184740 8.184740 8.184740 8.184740 8.184740 8.184740 8.184740 8.184740 8.184740 8.184740 8.184740 8.184740 8.184740 8.184740 8.184740 8.184740 8.184740 8.184740 8.184740 8.184740 8.184740 8.184740 8.184740 8.184740 8.184740 8.184740 8.184740 8.184740 8.184740 8.184740 8.184740 8.184740 8.184740 8.184740 8.184740 8.184740 8.184740 8.184740 8.184740 8.184740 8.184740 8.184740 8.184740 8.184740 8.184740 8.184740 8.184740 8.184740 8.184740 8.184740 8.184740 8.184740 8.184740 
8.184740 8.184740 8.184740 8.184740 8.184740 8.184740 8.184740 8.184740 8.184740 8.184740 8.184740 8.184740 8.184740 8.184740 8.184740 8.184740 8.184740 8.184740 8.184740 8.184740 8.184740 8.184740 8.184740 8.184740 8.184740 8.184740 8.184740 8.184740 8.184740 8.184740 8.184740 8.184740 8.184740 8.184740 8.184740 8.184740 8.184740 8.184740 8.184740 8.184740 8.184740 8.184740 8.184740 8.184740 8.184740 8.184740 8.184740 8.184740 8.184740 8.184740 8.184740 8.184740 8.184740 8.184740 8.184740 8.184740 8.184740 8.184740 8.184740 8.184740 8.184740 8.184740 8.184740 8.184740 
8.184740 8.184740 8.184740 8.184740 8.184740 8.184740 8.184740 8.184740 8.184740 8.184740 8.184740 8.184740 8.184740 8.184740 8.184740 8.184740 8.184740 8.184740 8.184740 8.184740 8.184740 8.184740 8.184740 8.184740 8.184740 8.184740 8.184740 8.184740 8.184740 8.184740 8.184740 8.184740 8.184740 8.184740 8.184740 8.184740 8.184740 8.184740 8.184740 8.184740 8.184740 8.184740 8.184740 8.184740 8.184740 8.184740 8.184740 8.184740 8.184740 8.184740 8.184740 8.184740 8.184740 8.184740 8.184740 8.184740 8.184740 8.184740 8.184740 8.184740 8.184740 8.184740 8.184740 8.184740 
8.184740 8.184740 8.184740 8.184740 8.184740 8.184740 8.184740 8.184740 8.184740 8.184740 8.184740 8.184740 8.184740 8.184740 8.184740 8.184740 8.184740 8.184740 8.184740 8.184740 8.184740 8.184740 8.184740 8.184740 8.184740 8.184740 8.184740 8.184740 8.184740 8.184740 8.184740 8.184740 8.184740 8.184740 8.184740 8.184740 8.184740 8.184740 8.184740 8.184740 8.184740 8.184740 8.184740 8.184740 8.184740 8.184740 8.184740 8.184740 8.184740 8.184740 8.184740 8.184740 8.184740 8.184740 8.184740 8.184740 8.184740 8.184740 8.184740 8.184740 8.184740 8.184740 8.184740 8.184740 
8.184740 8.184740 8.184740 8.184740 8.184740 8.184740 8.184740 8.184740 8.184740 8.184740 8.184740 8.184740 8.184740 8.184740 8.184740 8.184740 8.184740 8.184740 8.184740 8.184740 8.184740 8.184740 8.184740 8.184740 8.184740 8.184740 8.184740 8.184740 8.184740 8.184740 8.184740 8.184740 8.184740 8.184740 8.184740 8.184740 8.184740 8.184740 8.184740 8.184740 8.184740 8.184740 8.184740 8.184740 8.184740 8.184740 8.184740 8.184740 8.184740 8.184740 8.184740 8.184740 8.184740 8.184740 8.184740 8.184740 8.184740 8.184740 8.184740 8.184740 8.184740 8.184740 8.184740 8.184740 
8.184740 8.184740 8.184740 8.184740 8.184740 8.184740 8.184740 8.184740 8.184740 8.184740 8.184740 8.184740 8.184740 8.184740 8.184740 8.184740 8.184740 8.184740 8.184740 8.184740 8.184740 8.184740 8.184740 8.184740 8.184740 8.184740 8.184740 8.184740 8.184740 8.184740 8.184740 8.184740 8.184740 8.184740 8.184740 8.184740 8.184740 8.184740 8.184740 8.184740 8.184740 8.184740 8.184740 8.184740 8.184740 8.184740 8.184740 8.184740 8.184740 8.184740 8.184740 8.184740 8.184740 8.184740 8.184740 8.184740 8.184740 8.184740 8.184740 8.184740 8.184740 8.184740 8.184740 8.184740 
8.184740 8.184740 8.184740 8.184740 8.184740 8.184740 8.184740 8.184740 8.184740 8.184740 8.184740 8.184740 8.184740 8.184740 8.184740 8.184740 8.184740 8.184740 8.184740 8.184740 8.184740 8.184740 8.184740 8.184740 8.184740 8.184740 8.184740 8.184740 8.184740 8.184740 8.184740 8.184740 8.184740 8.184740 8.184740 8.184740 8.184740 8.184740 8.184740 8.184740 8.184740 8.184740 8.184740 8.184740 8.184740 8.184740 8.184740 8.184740 8.184740 8.184740 8.184740 8.184740 8.184740 8.184740 8.184740 8.184740 8.184740 8.184740 8.184740 8.184740 8.184740 8.184740 8.184740 8.184740 
8.184740 8.184740 8.184740 8.184740 8.184740 8.184740 8.184740 8.184740 8.184740 8.184740 8.184740 8.184740 8.184740 8.184740 8.184740 8.184740 8.184740 8.184740 8.184740 8.184740 8.184740 8.184740 8.184740 8.184740 8.184740 8.184740 8.184740 8.184740 8.184740 8.184740 8.184740 8.184740 8.184740 8.184740 8.184740 8.184740 8.184740 8.184740 8.184740 8.184740 8.184740 8.184740 8.184740 8.184740 8.184740 8.184740 8.184740 8.184740 8.184740 8.184740 8.184740 8.184740 8.184740 8.184740 8.184740 8.184740 8.184740 8.184740 8.184740 8.184740 8.184740 8.184740 8.184740 8.184740 
8.184740 8.184740 8.184740 8.184740 8.184740 8.184740 8.184740 8.184740 8.184740 8.184740 8.184740 8.184740 8.184740 8.184740 8.184740 8.184740 8.184740 8.184740 8.184740 8.184740 8.184740 8.184740 8.184740 8.184740 8.184740 8.184740 8.184740 8.184740 8.184740 8.184740 8.184740 8.184740 8.184740 8.184740 8.184740 8.184740 8.184740 8.184740 8.184740 8.184740 8.184740 8.184740 8.184740 8.184740 8.184740 8.184740 8.184740 8.184740 8.184740 8.184740 8.184740 8.184740 8.184740 8.184740 8.184740 8.184740 8.184740 8.184740 8.184740 8.184740 8.184740 8.184740 8.184740 8.184740 
8.184740 8.184740 8.184740 8.184740 8.184740 8.184740 8.184740 8.184740 8.184740 8.184740 8.184740 8.184740 8.184740 8.184740 8.184740 8.184740 8.184740 8.184740 8.184740 8.184740 8.184740 8.184740 8.184740 8.184740 8.184740 8.184740 8.184740 8.184740 8.184740 8.184740 8.184740 8.184740 8.184740 8.184740 8.184740 8.184740 8.184740 8.184740 8.184740 8.184740 8.184740 8.184740 8.184740 8.184740 8.184740 8.184740 8.184740 8.184740 8.184740 8.184740 8.184740 8.184740 8.184740 8.184740 8.184740 8.184740 8.184740 8.184740 8.184740 8.184740 8.184740 8.184740 8.184740 8.184740 
8.184740 8.184740 8.184740 8.184740 8.184740 8.184740 8.184740 8.184740 8.184740 8.184740 8.184740 8.184740 8.184740 8.184740 8.184740 8.184740 8.184740 8.184740 8.184740 8.184740 8.184740 8.184740 8.184740 8.184740 8.184740 8.184740 8.184740 8.184740 8.184740 8.184740 8.184740 8.184740 8.184740 8.184740 8.184740 8.184740 8.184740 8.184740 8.184740 8.184740 8.184740 8.184740 8.184740 8.184740 8.184740 8.184740 8.184740 8.184740 8.184740 8.184740 8.184740 8.184740 8.184740 8.184740 8.184740 8.184740 8.184740 8.184740 8.184740 8.184740 8.184740 8.184740 8.184740 8.184740 
8.184740 8.184740 8.184740 8.184740 8.184740 8.184740 8.184740 8.184740 8.184740 8.184740 8.184740 8.184740 8.184740 8.184740 8.184740 8.184740 8.184740 8.184740 8.184740 8.184740 8.184740 8.184740 8.184740 8.184740 8.184740 8.184740 8.184740 8.184740 8.184740 8.184740 8.184740 8.184740 8.184740 8.184740 8.184740 8.184740 8.184740 8.184740 8.184740 8.184740 8.184740 8.184740 8.184740 8.184740 8.184740 8.184740 8.184740 8.184740 8.184740 8.184740 8.184740 8.184740 8.184740 8.184740 8.184740 8.184740 8.184740 8.184740 8.184740 8.184740 8.184740 8.184740 8.184740 8.184740 
8.184740 8.184740 8.184740 8.184740 8.184740 8.184740 8.184740 8.184740 8.184740 8.184740 8.184740 8.184740 8.184740 8.184740 8.184740 8.184740 8.184740 8.184740 8.184740 8.184740 8.184740 8.184740 8.184740 8.184740 8.184740 8.184740 8.184740 8.184740 8.184740 8.184740 8.184740 8.184740 8.184740 8.184740 8.184740 8.184740 8.184740 8.184740 8.184740 8.184740 8.184740 8.184740 8.184740 8.184740 8.184740 8.184740 8.184740 8.184740 8.184740 8.184740 8.184740 8.184740 8.184740 8.184740 8.184740 8.184740 8.184740 8.184740 8.184740 8.184740 8.184740 8.184740 8.184740 8.184740 
8.184740 8.184740 8.184740 8.184740 8.184740 8.184740 8.184740 8.184740 8.184740 8.184740 8.184740 8.184740 8.184740 8.184740 8.184740 8.184740 8.184740 8.184740 8.184740 8.184740 8.184740 8.184740 8.184740 8.184740 8.184740 8.184740 8.184740 8.184740 8.184740 8.184740 8.184740 8.184740 8.184740 8.184740 8.184740 8.184740 8.184740 8.184740 8.184740 8.184740 8.184740 8.184740 8.184740 8.184740 8.184740 8.184740 8.184740 8.184740 8.184740 8.184740 8.184740 8.184740 8.184740 8.184740 8.184740 8.184740 8.184740 8.184740 8.184740 8.184740 8.184740 8.184740 8.184740 8.184740 
8.184740 8.184740 8.184740 8.184740 8.184740 8.184740 8.184740 8.184740 8.184740 8.184740 8.184740 8.184740 8.184740 8.184740 8.184740 8.184740 8.184740 8.184740 8.184740 8.184740 8.184740 8.184740 8.184740 8.184740 8.184740 8.184740 8.184740 8.184740 8.184740 8.184740 8.184740 8.184740 8.184740 8.184740 8.184740 8.184740 8.184740 8.184740 8.184740 8.184740 8.184740 8.184740 8.184740 8.184740 8.184740 8.184740 8.184740 8.184740 8.184740 8.184740 8.184740 8.184740 8.184740 8.184740 8.184740 8.184740 8.184740 8.184740 8.184740 8.184740 8.184740 8.184740 8.184740 8.184740 
8.184740 8.184740 8.184740 8.184740 8.184740 8.184740 8.184740 8.184740 8.184740 8.184740 8.184740 8.184740 8.184740 8.184740 8.184740 8.184740 8.184740 8.184740 8.184740 8.184740 8.184740 8.184740 8.184740 8.184740 8.184740 8.184740 8.184740 8.184740 8.184740 8.184740 8.184740 8.184740 8.184740 8.184740 8.184740 8.184740 8.184740 8.184740 8.184740 8.184740 8.184740 8.184740 8.184740 8.184740 8.184740 8.184740 8.184740 8.184740 8.184740 8.184740 8.184740 8.184740 8.184740 8.184740 8.184740 8.184740 8.184740 8.184740 8.184740 8.184740 8.184740 8.184740 8.184740 8.184740 
8.184740 8.184740 8.184740 8.184740 8.184740 8.184740 8.184740 8.184740 8.184740 8.184740 8.184740 8.184740 8.184740 8.184740 8.184740 8.184740 8.184740 8.184740 8.184740 8.184740 8.184740 8.184740 8.184740 8.184740 8.184740 8.184740 8.184740 8.184740 8.184740 8.184740 8.184740 8.184740 8.184740 8.184740 8.184740 8.184740 8.184740 8.184740 8.184740 8.184740 8.184740 8.184740 8.184740 8.184740 8.184740 8.184740 8.184740 8.184740 8.184740 8.184740 8.184740 8.184740 8.184740 8.184740 8.184740 8.184740 8.184740 8.184740 8.184740 8.184740 8.184740 8.184740 8.184740 8.184740 
8.184740 8.184740 8.184740 8.184740 8.184740 8.184740 8.184740 8.184740 8.184740 8.184740 8.184740 8.184740 8.184740 8.184740 8.184740 8.184740 8.184740 8.184740 8.184740 8.184740 8.184740 8.184740 8.184740 8.184740 8.184740 8.184740 8.184740 8.184740 8.184740 8.184740 8.184740 8.184740 8.184740 8.184740 8.184740 8.184740 8.184740 8.184740 8.184740 8.184740 8.184740 8.184740 8.184740 8.184740 8.184740 8.184740 8.184740 8.184740 8.184740 8.184740 8.184740 8.184740 8.184740 8.184740 8.184740 8.184740 8.184740 8.184740 8.184740 8.184740 8.184740 8.184740 8.184740 8.184740 
8.184740 8.184740 8.184740 8.184740 8.184740 8.184740 8.184740 8.184740 8.184740 8.184740 8.184740 8.184740 8.184740 8.184740 8.184740 8.184740 8.184740 8.184740 8.184740 8.184740 8.184740 8.184740 8.184740 8.184740 8.184740 8.184740 8.184740 8.184740 8.184740 8.184740 8.184740 8.184740 8.184740 8.184740 8.184740 8.184740 8.184740 8.184740 8.184740 8.184740 8.184740 8.184740 8.184740 8.184740 8.184740 8.184740 8.184740 8.184740 8.184740 8.184740 8.184740 8.184740 8.184740 8.184740 8.184740 8.184740 8.184740 8.184740 8.184740 8.184740 8.184740 8.184740 8.184740 8.184740 
8.184740 8.184740 8.184740 8.184740 8.184740 8.184740 8.184740 8.184740 8.184740 8.184740 8.184740 8.184740 8.184740 8.184740 8.184740 8.184740 8.184740 8.184740 8.184740 8.184740 8.184740 8.184740 8.184740 8.184740 8.184740 8.184740 8.184740 8.184740 8.184740 8.184740 8.184740 8.184740 8.184740 8.184740 8.184740 8.184740 8.184740 8.184740 8.184740 8.184740 8.184740 8.184740 8.184740 8.184740 8.184740 8.184740 8.184740 8.184740 8.184740 8.184740 8.184740 8.184740 8.184740 8.184740 8.184740 8.184740 8.184740 8.184740 8.184740 8.184740 8.184740 8.184740 8.184740 8.184740 
8.184740 8.184740 8.184740 8.184740 8.184740 8.184740 8.184740 8.184740 8.184740 8.184740 8.184740 8.184740 8.184740 8.184740 8.184740 8.184740 8.184740 8.184740 8.184740 8.184740 8.184740 8.184740 8.184740 8.184740 8.184740 8.184740 8.184740 8.184740 8.184740 8.184740 8.184740 8.184740 8.184740 8.184740 8.184740 8.184740 8.184740 8.184740 8.184740 8.184740 8.184740 8.184740 8.184740 8.184740 8.184740 8.184740 8.184740 8.184740 8.184740 8.184740 8.184740 8.184740 8.184740 8.184740 8.184740 8.184740 8.184740 8.184740 8.184740 8.184740 8.184740 8.184740 8.184740 8.184740 
8.184740 8.184740 8.184740 8.184740 8.184740 8.184740 8.184740 8.184740 8.184740 8.184740 8.184740 8.184740 8.184740 8.184740 8.184740 8.184740 8.184740 8.184740 8.184740 8.184740 8.184740 8.184740 8.184740 8.184740 8.184740 8.184740 8.184740 8.184740 8.184740 8.184740 8.184740 8.184740 8.184740 8.184740 8.184740 8.184740 8.184740 8.184740 8.184740 8.184740 8.184740 8.184740 8.184740 8.184740 8.184740 8.184740 8.184740 8.184740 8.184740 8.184740 8.184740 8.184740 8.184740 8.184740 8.184740 8.184740 8.184740 8.184740 8.184740 8.184740 8.184740 8.184740 8.184740 8.184740 
8.184740 8.184740 8.184740 8.184740 8.184740 8.184740 8.184740 8.184740 8.184740 8.184740 8.184740 8.184740 8.184740 8.184740 8.184740 8.184740 8.184740 8.184740 8.184740 8.184740 8.184740 8.184740 8.184740 8.184740 8.184740 8.184740 8.184740 8.184740 8.184740 8.184740 8.184740 8.184740 8.184740 8.184740 8.184740 8.184740 8.184740 8.184740 8.184740 8.184740 8.184740 8.184740 8.184740 8.184740 8.184740 8.184740 8.184740 8.184740 8.184740 8.184740 8.184740 8.184740 8.184740 8.184740 8.184740 8.184740 8.184740 8.184740 8.184740 8.184740 8.184740 8.184740 8.184740 8.184740 
8.184740 8.184740 8.184740 8.184740 8.184740 8.184740 8.184740 8.184740 8.184740 8.184740 8.184740 8.184740 8.184740 8.184740 8.184740 8.184740 8.184740 8.184740 8.184740 8.184740 8.184740 8.184740 8.184740 8.184740 8.184740 8.184740 8.184740 8.184740 8.184740 8.184740 8.184740 8.184740 8.184740 8.184740 8.184740 8.184740 8.184740 8.184740 8.184740 8.184740 8.184740 8.184740 8.184740 8.184740 8.184740 8.184740 8.184740 8.184740 8.184740 8.184740 8.184740 8.184740 8.184740 8.184740 8.184740 8.184740 8.184740 8.184740 8.184740 8.184740 8.184740 8.184740 8.184740 8.184740 
8.184740 8.184740 8.184740 8.184740 8.184740 8.184740 8.184740 8.184740 8.184740 8.184740 8.184740 8.184740 8.184740 8.184740 8.184740 8.184740 8.184740 8.184740 8.184740 8.184740 8.184740 8.184740 8.184740 8.184740 8.184740 8.184740 8.184740 8.184740 8.184740 8.184740 8.184740 8.184740 8.184740 8.184740 8.184740 8.184740 8.184740 8.184740 8.184740 8.184740 8.184740 8.184740 8.184740 8.184740 8.184740 8.184740 8.184740 8.184740 8.184740 8.184740 8.184740 8.184740 8.184740 8.184740 8.184740 8.184740 8.184740 8.184740 8.184740 8.184740 8.184740 8.184740 8.184740 8.184740 
8.184740 8.184740 8.184740 8.184740 8.184740 8.184740 8.184740 8.184740 8.184740 8.184740 8.184740 8.184740 8.184740 8.184740 8.184740 8.184740 8.184740 8.184740 8.184740 8.184740 8.184740 8.184740 8.184740 8.184740 8.184740 8.184740 8.184740 8.184740 8.184740 8.184740 8.184740 8.184740 8.184740 8.184740 8.184740 8.184740 8.184740 8.184740 8.184740 8.184740 8.184740 8.184740 8.184740 8.184740 8.184740 8.184740 8.184740 8.184740 8.184740 8.184740 8.184740 8.184740 8.184740 8.184740 8.184740 8.184740 8.184740 8.184740 8.184740 8.184740 8.184740 8.184740 8.184740 8.184740 
8.184740 8.184740 8.184740 8.184740 8.184740 8.184740 8.184740 8.184740 8.184740 8.184740 8.184740 8.184740 8.184740 8.184740 8.184740 8.184740 8.184740 8.184740 8.184740 8.184740 8.184740 8.184740 8.184740 8.184740 8.184740 8.184740 8.184740 8.184740 8.184740 8.184740 8.184740 8.184740 8.184740 8.184740 8.184740 8.184740 8.184740 8.184740 8.184740 8.184740 8.184740 8.184740 8.184740 8.184740 8.184740 8.184740 8.184740 8.184740 8.184740 8.184740 8.184740 8.184740 8.184740 8.184740 8.184740 8.184740 8.184740 8.184740 8.184740 8.184740 8.184740 8.184740 8.184740 8.184740 
8.184740 8.184740 8.184740 8.184740 8.184740 8.184740 8.184740 8.184740 8.184740 8.184740 8.184740 8.184740 8.184740 8.184740 8.184740 8.184740 8.184740 8.184740 8.184740 8.184740 8.184740 8.184740 8.184740 8.184740 8.184740 8.184740 8.184740 8.184740 8.184740 8.184740 8.184740 8.184740 8.184740 8.184740 8.184740 8.184740 8.184740 8.184740 8.184740 8.184740 8.184740 8.184740 8.184740 8.184740 8.184740 8.184740 8.184740 8.184740 8.184740 8.184740 8.184740 8.184740 8.184740 8.184740 8.184740 8.184740 8.184740 8.184740 8.184740 8.184740 8.184740 8.184740 8.184740 8.184740 
8.184740 8.184740 8.184740 8.184740 8.184740 8.184740 8.184740 8.184740 8.184740 8.184740 8.184740 8.184740 8.184740 8.184740 8.184740 8.184740 8.184740 8.184740 8.184740 8.184740 8.184740 8.184740 8.184740 8.184740 8.184740 8.184740 8.184740 8.184740 8.184740 8.184740 8.184740 8.184740 8.184740 8.184740 8.184740 8.184740 8.184740 8.184740 8.184740 8.184740 8.184740 8.184740 8.184740 8.184740 8.184740 8.184740 8.184740 8.184740 8.184740 8.184740 8.184740 8.184740 8.184740 8.184740 8.184740 8.184740 8.184740 8.184740 8.184740 8.184740 8.184740 8.184740 8.184740 8.184740 
8.184740 8.184740 8.184740 8.184740 8.184740 8.184740 8.184740 8.184740 8.184740 8.184740 8.184740 8.184740 8.184740 8.184740 8.184740 8.184740 8.184740 8.184740 8.184740 8.184740 8.184740 8.184740 8.184740 8.184740 8.184740 8.184740 8.184740 8.184740 8.184740 8.184740 8.184740 8.184740 8.184740 8.184740 8.184740 8.184740 8.184740 8.184740 8.184740 8.184740 8.184740 8.184740 8.184740 8.184740 8.184740 8.184740 8.184740 8.184740 8.184740 8.184740 8.184740 8.184740 8.184740 8.184740 8.184740 8.184740 8.184740 8.184740 8.184740 8.184740 8.184740 8.184740 8.184740 8.184740 
8.184740 8.184740 8.184740 8.184740 8.184740 8.184740 8.184740 8.184740 8.184740 8.184740 8.184740 8.184740 8.184740 8.184740 8.184740 8.184740 8.184740 8.184740 8.184740 8.184740 8.184740 8.184740 8.184740 8.184740 8.184740 8.184740 8.184740 8.184740 8.184740 8.184740 8.184740 8.184740 8.184740 8.184740 8.184740 8.184740 8.184740 8.184740 8.184740 8.184740 8.184740 8.184740 8.184740 8.184740 8.184740 8.184740 8.184740 8.184740 8.184740 8.184740 8.184740 8.184740 8.184740 8.184740 8.184740 8.184740 8.184740 8.184740 8.184740 8.184740 8.184740 8.184740 8.184740 8.184740 
8.184740 8.184740 8.184740 8.184740 8.184740 8.184740 8.184740 8.184740 8.184740 8.184740 8.184740 8.184740 8.184740 8.184740 8.184740 8.184740 8.184740 8.184740 8.184740 8.184740 8.184740 8.184740 8.184740 8.184740 8.184740 8.184740 8.184740 8.184740 8.184740 8.184740 8.184740 8.184740 8.184740 8.184740 8.184740 8.184740 8.184740 8.184740 8.184740 8.184740 8.184740 8.184740 8.184740 8.184740 8.184740 8.184740 8.184740 8.184740 8.184740 8.184740 8.184740 8.184740 8.184740 8.184740 8.184740 8.184740 8.184740 8.184740 8.184740 8.184740 8.184740 8.184740 8.184740 8.184740 
8.184740 8.184740 8.184740 8.184740 8.184740 8.184740 8.184740 8.184740 8.184740 8.184740 8.184740 8.184740 8.184740 8.184740 8.184740 8.184740 8.184740 8.184740 8.184740 8.184740 8.184740 8.184740 8.184740 8.184740 8.184740 8.184740 8.184740 8.184740 8.184740 8.184740 8.184740 8.184740 8.184740 8.184740 8.184740 8.184740 8.184740 8.184740 8.184740 8.184740 8.184740 8.184740 8.184740 8.184740 8.184740 8.184740 8.184740 8.184740 8.184740 8.184740 8.184740 8.184740 8.184740 8.184740 8.184740 8.184740 8.184740 8.184740 8.184740 8.184740 8.184740 8.184740 8.184740 8.184740 
8.184740 8.184740 8.184740 8.184740 8.184740 8.184740 8.184740 8.184740 8.184740 8.184740 8.184740 8.184740 8.184740 8.184740 8.184740 8.184740 8.184740 8.184740 8.184740 8.184740 8.184740 8.184740 8.184740 8.184740 8.184740 8.184740 8.184740 8.184740 8.184740 8.184740 8.184740 8.184740 8.184740 8.184740 8.184740 8.184740 8.184740 8.184740 8.184740 8.184740 8.184740 8.184740 8.184740 8.184740 8.184740 8.184740 8.184740 8.184740 8.184740 8.184740 8.184740 8.184740 8.184740 8.184740 8.184740 8.184740 8.184740 8.184740 8.184740 8.184740 8.184740 8.184740 8.184740 8.184740 
8.184740 8.184740 8.184740 8.184740 8.184740 8.184740 8.184740 8.184740 8.184740 8.184740 8.184740 8.184740 8.184740 8.184740 8.184740 8.184740 8.184740 8.184740 8.184740 8.184740 8.184740 8.184740 8.184740 8.184740 8.184740 8.184740 8.184740 8.184740 8.184740 8.184740 8.184740 8.184740 8.184740 8.184740 8.184740 8.184740 8.184740 8.184740 8.184740 8.184740 8.184740 8.184740 8.184740 8.184740 8.184740 8.184740 8.184740 8.184740 8.184740 8.184740 8.184740 8.184740 8.184740 8.184740 8.184740 8.184740 8.184740 8.184740 8.184740 8.184740 8.184740 8.184740 8.184740 8.184740 
8.184740 8.184740 8.184740 8.184740 8.184740 8.184740 8.184740 8.184740 8.184740 8.184740 8.184740 8.184740 8.184740 8.184740 8.184740 8.184740 8.184740 8.184740 8.184740 8.184740 8.184740 8.184740 8.184740 8.184740 8.184740 8.184740 8.184740 8.184740 8.184740 8.184740 8.184740 8.184740 8.184740 8.184740 8.184740 8.184740 8.184740 8.184740 8.184740 8.184740 8.184740 8.184740 8.184740 8.184740 8.184740 8.184740 8.184740 8.184740 8.184740 8.184740 8.184740 8.184740 8.184740 8.184740 8.184740 8.184740 8.184740 8.184740 8.184740 8.184740 8.184740 8.184740 8.184740 8.184740 
8.184740 8.184740 8.184740 8.184740 8.184740 8.184740 8.184740 8.184740 8.184740 8.184740 8.184740 8.184740 8.184740 8.184740 8.184740 8.184740 8.184740 8.184740 8.184740 8.184740 8.184740 8.184740 8.184740 8.184740 8.184740 8.184740 8.184740 8.184740 8.184740 8.184740 8.184740 8.184740 8.184740 8.184740 8.184740 8.184740 8.184740 8.184740 8.184740 8.184740 8.184740 8.184740 8.184740 8.184740 8.184740 8.184740 8.184740 8.184740 8.184740 8.184740 8.184740 8.184740 8.184740 8.184740 8.184740 8.184740 8.184740 8.184740 8.184740 8.184740 8.184740 8.184740 8.184740 8.184740 
8.184740 8.184740 8.184740 8.184740 8.184740 8.184740 8.184740 8.184740 8.184740 8.184740 8.184740 8.184740 8.184740 8.184740 8.184740 8.184740 8.184740 8.184740 8.184740 8.184740 8.184740 8.184740 8.184740 8.184740 8.184740 8.184740 8.184740 8.184740 8.184740 8.184740 8.184740 8.184740 8.184740 8.184740 8.184740 8.184740 8.184740 8.184740 8.184740 8.184740 8.184740 8.184740 8.184740 8.184740 8.184740 8.184740 8.184740 8.184740 8.184740 8.184740 8.184740 8.184740 8.184740 8.184740 8.184740 8.184740 8.184740 8.184740 8.184740 8.184740 8.184740 8.184740 8.184740 8.184740 
8.184740 8.184740 8.184740 8.184740 8.184740 8.184740 8.184740 8.184740 8.184740 8.184740 8.184740 8.184740 8.184740 8.184740 8.184740 8.184740 8.184740 8.184740 8.184740 8.184740 8.184740 8.184740 8.184740 8.184740 8.184740 8.184740 8.184740 8.184740 8.184740 8.184740 8.184740 8.184740 8.184740 8.184740 8.184740 8.184740 8.184740 8.184740 8.184740 8.184740 8.184740 8.184740 8.184740 8.184740 8.184740 8.184740 8.184740 8.184740 8.184740 8.184740 8.184740 8.184740 8.184740 8.184740 8.184740 8.184740 8.184740 8.184740 8.184740 8.184740 8.184740 8.184740 8.184740 8.184740 
8.184740 8.184740 8.184740 8.184740 8.184740 8.184740 8.184740 8.184740 8.184740 8.184740 8.184740 8.184740 8.184740 8.184740 8.184740 8.184740 8.184740 8.184740 8.184740 8.184740 8.184740 8.184740 8.184740 8.184740 8.184740 8.184740 8.184740 8.184740 8.184740 8.184740 8.184740 8.184740 8.184740 8.184740 8.184740 8.184740 8.184740 8.184740 8.184740 8.184740 8.184740 8.184740 8.184740 8.184740 8.184740 8.184740 8.184740 8.184740 8.184740 8.184740 8.184740 8.184740 8.184740 8.184740 8.184740 8.184740 8.184740 8.184740 8.184740 8.184740 8.184740 8.184740 8.184740 8.184740 
8.184740 8.184740 8.184740 8.184740 8.184740 8.184740 8.184740 8.184740 8.184740 8.184740 8.184740 8.184740 8.184740 8.184740 8.184740 8.184740 8.184740 8.184740 8.184740 8.184740 8.184740 8.184740 8.184740 8.184740 8.184740 8.184740 8.184740 8.184740 8.184740 8.184740 8.184740 8.184740 8.184740 8.184740 8.184740 8.184740 8.184740 8.184740 8.184740 8.184740 8.184740 8.184740 8.184740 8.184740 8.184740 8.184740 8.184740 8.184740 8.184740 8.184740 8.184740 8.184740 8.184740 8.184740 8.184740 8.184740 8.184740 8.184740 8.184740 8.184740 8.184740 8.184740 8.184740 8.184740 
8.184740 8.184740 8.184740 8.184740 8.184740 8.184740 8.184740 8.184740 8.184740 8.184740 8.184740 8.184740 8.184740 8.184740 8.184740 8.184740 8.184740 8.184740 8.184740 8.184740 8.184740 8.184740 8.184740 8.184740 8.184740 8.184740 8.184740 8.184740 8.184740 8.184740 8.184740 8.184740 8.184740 8.184740 8.184740 8.184740 8.184740 8.184740 8.184740 8.184740 8.184740 8.184740 8.184740 8.184740 8.184740 8.184740 8.184740 8.184740 8.184740 8.184740 8.184740 8.184740 8.184740 8.184740 8.184740 8.184740 8.184740 8.184740 8.184740 8.184740 8.184740 8.184740 8.184740 8.184740 
8.184740 8.184740 8.184740 8.184740 8.184740 8.184740 8.184740 8.184740 8.184740 8.184740 8.184740 8.184740 8.184740 8.184740 8.184740 8.184740 8.184740 8.184740 8.184740 8.184740 8.184740 8.184740 8.184740 8.184740 8.184740 8.184740 8.184740 8.184740 8.184740 8.184740 8.184740 8.184740 8.184740 8.184740 8.184740 8.184740 8.184740 8.184740 8.184740 8.184740 8.184740 8.184740 8.184740 8.184740 8.184740 8.184740 8.184740 8.184740 8.184740 8.184740 8.184740 8.184740 8.184740 8.184740 8.184740 8.184740 8.184740 8.184740 8.184740 8.184740 8.184740 8.184740 8.184740 8.184740 
8.184740 8.184740 8.184740 8.184740 8.184740 8.184740 8.184740 8.184740 8.184740 8.184740 8.184740 8.184740 8.184740 8.184740 8.184740 8.184740 8.184740 8.184740 8.184740 8.184740 8.184740 8.184740 8.184740 8.184740 8.184740 8.184740 8.184740 8.184740 8.184740 8.184740 8.184740 8.184740 8.184740 8.184740 8.184740 8.184740 8.184740 8.184740 8.184740 8.184740 8.184740 8.184740 8.184740 8.184740 8.184740 8.184740 8.184740 8.184740 8.184740 8.184740 8.184740 8.184740 8.184740 8.184740 8.184740 8.184740 8.184740 8.184740 8.184740 8.184740 8.184740 8.184740 8.184740 8.184740 
