7.579664 7.579664 7.579664 7.579664 7.579664 7.579664 7.579664 7.579664 7.579664 7.579664 7.579664 7.579664 7.579664 7.579664 7.579664 7.579664 7.579664 7.579664 7.579664 7.579664 7.579664 7.579664 7.579664 7.579664 7.579664 7.579664 7.579664 7.579664 7.579664 7.579664 7.579664 7.579664 7.579664 7.579664 7.579664 7.579664 7.579664 7.579664 7.579664 7.579664 7.579664 7.579664 7.579664 7.579664 7.579664 7.579664 7.579664 7.579664 7.579664 7.579664 7.579664 7.579664 7.579664 7.579664 7.579664 7.579664 7.579664 7.579664 7.579664 7.579664 7.579664 7.579664 7.579664 7.579664 
7.579664 7.579664 7.579664 7.579664 7.579664 7.579664 7.579664 7.579664 7.579664 7.579664 7.579664 7.579664 7.579664 7.579664 7.579664 7.579664 7.579664 7.579664 7.579664 7.579664 7.579664 7.579664 7.579664 7.579664 7.579664 7.579664 7.579664 7.579664 7.579664 7.579664 7.579664 7.579664 7.579664 7.579664 7.579664 7.579664 7.579664 7.579664 7.579664 7.579664 7.579664 7.579664 7.579664 7.579664 7.579664 7.579664 7.579664 7.579664 7.579664 7.579664 7.579664 7.579664 7.579664 7.579664 7.579664 7.579664 7.579664 7.579664 7.579664 7.579664 7.579664 7.579664 7.579664 7.579664 
7.579664 7.579664 7.579664 7.579664 7.579664 7.579664 7.579664 7.579664 7.579664 7.579664 7.579664 7.579664 7.579664 7.579664 7.579664 7.579664 7.579664 7.579664 7.579664 7.579664 7.579664 7.579664 7.579664 7.579664 7.579664 7.579664 7.579664 7.579664 7.579664 7.579664 7.579664 7.579664 7.579664 7.579664 7.579664 7.579664 7.579664 7.579664 7.579664 7.579664 7.579664 7.579664 7.579664 7.579664 7.579664 7.579664 7.579664 7.579664 7.579664 7.579664 7.579664 7.579664 7.579664 7.579664 7.579664 7.579664 7.579664 7.579664 7.579664 7.579664 7.579664 7.579664 7.579664 7.579664 
7.579664 7.579664 7.579664 7.579664 7.579664 7.579664 7.579664 7.579664 7.579664 7.579664 7.579664 7.579664 7.579664 7.579664 7.579664 7.579664 7.579664 7.579664 7.579664 7.579664 7.579664 7.579664 7.579664 7.579664 7.579664 7.579664 7.579664 7.579664 7.579664 7.579664 7.579664 7.579664 7.579664 7.579664 7.579664 7.579664 7.579664 7.579664 7.579664 7.579664 7.579664 7.579664 7.579664 7.579664 7.579664 7.579664 7.579664 7.579664 7.579664 7.579664 7.579664 7.579664 7.579664 7.579664 7.579664 7.579664 7.579664 7.579664 7.579664 7.579664 7.579664 7.579664 7.579664 7.579664 
7.579664 7.579664 7.579664 7.579664 7.579664 7.579664 7.579664 7.579664 7.579664 7.579664 7.579664 7.579664 7.579664 7.579664 7.579664 7.579664 7.579664 7.579664 7.579664 7.579664 7.579664 7.579664 7.579664 7.579664 7.579664 7.579664 7.579664 7.579664 7.579664 7.579664 7.579664 7.579664 7.579664 7.579664 7.579664 7.579664 7.579664 7.579664 7.579664 7.579664 7.579664 7.579664 7.579664 7.579664 7.579664 7.579664 7.579664 7.579664 7.579664 7.579664 7.579664 7.579664 7.579664 7.579664 7.579664 7.579664 7.579664 7.579664 7.579664 7.579664 7.579664 7.579664 7.579664 7.579664 
7.579664 7.579664 7.579664 7.579664 7.579664 7.579664 7.579664 7.579664 7.579664 7.579664 7.579664 7.579664 7.579664 7.579664 7.579664 7.579664 7.579664 7.579664 7.579664 7.579664 7.579664 7.579664 7.579664 7.579664 7.579664 7.579664 7.579664 7.579664 7.579664 7.579664 7.579664 7.579664 7.579664 7.579664 7.579664 7.579664 7.579664 7.579664 7.579664 7.579664 7.579664 7.579664 7.579664 7.579664 7.579664 7.579664 7.579664 7.579664 7.579664 7.579664 7.579664 7.579664 7.579664 7.579664 7.579664 7.579664 7.579664 7.579664 7.579664 7.579664 7.579664 7.579664 7.579664 7.579664 
7.579664 7.579664 7.579664 7.579664 7.579664 7.579664 7.579664 7.579664 7.579664 7.579664 7.579664 7.579664 7.579664 7.579664 7.579664 7.579664 7.579664 7.579664 7.579664 7.579664 7.579664 7.579664 7.579664 7.579664 7.579664 7.579664 7.579664 7.579664 7.579664 7.579664 7.579664 7.579664 7.579664 7.579664 7.579664 7.579664 7.579664 7.579664 7.579664 7.579664 7.579664 7.579664 7.579664 7.579664 7.579664 7.579664 7.579664 7.579664 7.579664 7.579664 7.579664 7.579664 7.579664 7.579664 7.579664 7.579664 7.579664 7.579664 7.579664 7.579664 7.579664 7.579664 7.579664 7.579664 
7.579664 7.579664 7.579664 7.579664 7.579664 7.579664 7.579664 7.579664 7.579664 7.579664 7.579664 7.579664 7.579664 7.579664 7.579664 7.579664 7.579664 7.579664 7.579664 7.579664 7.579664 7.579664 7.579664 7.579664 7.579664 7.579664 7.579664 7.579664 7.579664 7.579664 7.579664 7.579664 7.579664 7.579664 7.579664 7.579664 7.579664 7.579664 7.579664 7.579664 7.579664 7.579664 7.579664 7.579664 7.579664 7.579664 7.579664 7.579664 7.579664 7.579664 7.579664 7.579664 7.579664 7.579664 7.579664 7.579664 7.579664 7.579664 7.579664 7.579664 7.579664 7.579664 7.579664 7.579664 
7.579664 7.579664 7.579664 7.579664 7.579664 7.579664 7.579664 7.579664 7.579664 7.579664 7.579664 7.579664 7.579664 7.579664 7.579664 7.579664 7.579664 7.579664 7.579664 7.579664 7.579664 7.579664 7.579664 7.579664 7.579664 7.579664 7.579664 7.579664 7.579664 7.579664 7.579664 7.579664 7.579664 7.579664 7.579664 7.579664 7.579664 7.579664 7.579664 7.579664 7.579664 7.579664 7.579664 7.579664 7.579664 7.579664 7.579664 7.579664 7.579664 7.579664 7.579664 7.579664 7.579664 7.579664 7.579664 7.579664 7.579664 7.579664 7.579664 7.579664 7.579664 7.579664 7.579664 7.579664 
7.579664 7.579664 7.579664 7.579664 7.579664 7.579664 7.579664 7.579664 7.579664 7.579664 7.579664 7.579664 7.579664 7.579664 7.579664 7.579664 7.579664 7.579664 7.579664 7.579664 7.579664 7.579664 7.579664 7.579664 7.579664 7.579664 7.579664 7.579664 7.579664 7.579664 7.579664 7.579664 7.579664 7.579664 7.579664 7.579664 7.579664 7.579664 7.579664 7.579664 7.579664 7.579664 7.579664 7.579664 7.579664 7.579664 7.579664 7.579664 7.579664 7.579664 7.579664 7.579664 7.579664 7.579664 7.579664 7.579664 7.579664 7.579664 7.579664 7.579664 7.579664 7.579664 7.579664 7.579664 
7.579664 7.579664 7.579664 7.579664 7.579664 7.579664 7.579664 7.579664 7.579664 7.579664 7.579664 7.579664 7.579664 7.579664 7.579664 7.579664 7.579664 7.579664 7.579664 7.579664 7.579664 7.579664 7.579664 7.579664 7.579664 7.579664 7.579664 7.579664 7.579664 7.579664 7.579664 7.579664 7.579664 7.579664 7.579664 7.579664 7.579664 7.579664 7.579664 7.579664 7.579664 7.579664 7.579664 7.579664 7.579664 7.579664 7.579664 7.579664 7.579664 7.579664 7.579664 7.579664 7.579664 7.579664 7.579664 7.579664 7.579664 7.579664 7.579664 7.579664 7.579664 7.579664 7.579664 7.579664 
7.579664 7.579664 7.579664 7.579664 7.579664 7.579664 7.579664 7.579664 7.579664 7.579664 7.579664 7.579664 7.579664 7.579664 7.579664 7.579664 7.579664 7.579664 7.579664 7.579664 7.579664 7.579664 7.579664 7.579664 7.579664 7.579664 7.579664 7.579664 7.579664 7.579664 7.579664 7.579664 7.579664 7.579664 7.579664 7.579664 7.579664 7.579664 7.579664 7.579664 7.579664 7.579664 7.579664 7.579664 7.579664 7.579664 7.579664 7.579664 7.579664 7.579664 7.579664 7.579664 7.579664 7.579664 7.579664 7.579664 7.579664 7.579664 7.579664 7.579664 7.579664 7.579664 7.579664 7.579664 
7.579664 7.579664 7.579664 7.579664 7.579664 7.579664 7.579664 7.579664 7.579664 7.579664 7.579664 7.579664 7.579664 7.579664 7.579664 7.579664 7.579664 7.579664 7.579664 7.579664 7.579664 7.579664 7.579664 7.579664 7.579664 7.579664 7.579664 7.579664 7.579664 7.579664 7.579664 7.579664 7.579664 7.579664 7.579664 7.579664 7.579664 7.579664 7.579664 7.579664 7.579664 7.579664 7.579664 7.579664 7.579664 7.579664 7.579664 7.579664 7.579664 7.579664 7.579664 7.579664 7.579664 7.579664 7.579664 7.579664 7.579664 7.579664 7.579664 7.579664 7.579664 7.579664 7.579664 7.579664 
7.579664 7.579664 7.579664 7.579664 7.579664 7.579664 7.579664 7.579664 7.579664 7.579664 7.579664 7.579664 7.579664 7.579664 7.579664 7.579664 7.579664 7.579664 7.579664 7.579664 7.579664 7.579664 7.579664 7.579664 7.579664 7.579664 7.579664 7.579664 7.579664 7.579664 7.579664 7.579664 7.579664 7.579664 7.579664 7.579664 7.579664 7.579664 7.579664 7.579664 7.579664 7.579664 7.579664 7.579664 7.579664 7.579664 7.579664 7.579664 7.579664 7.579664 7.579664 7.579664 7.579664 7.579664 7.579664 7.579664 7.579664 7.579664 7.579664 7.579664 7.579664 7.579664 7.579664 7.579664 
7.579664 7.579664 7.579664 7.579664 7.579664 7.579664 7.579664 7.579664 7.579664 7.579664 7.579664 7.579664 7.579664 7.579664 7.579664 7.579664 7.579664 7.579664 7.579664 7.579664 7.579664 7.579664 7.579664 7.579664 7.579664 7.579664 7.579664 7.579664 7.579664 7.579664 7.579664 7.579664 7.579664 7.579664 7.579664 7.579664 7.579664 7.579664 7.579664 7.579664 7.579664 7.579664 7.579664 7.579664 7.579664 7.579664 7.579664 7.579664 7.579664 7.579664 7.579664 7.579664 7.579664 7.579664 7.579664 7.579664 7.579664 7.579664 7.579664 7.579664 7.579664 7.579664 7.579664 7.579664 
7.579664 7.579664 7.579664 7.579664 7.579664 7.579664 7.579664 7.579664 7.579664 7.579664 7.579664 7.579664 7.579664 7.579664 7.579664 7.579664 7.579664 7.579664 7.579664 7.579664 7.579664 7.579664 7.579664 7.579664 7.579664 7.579664 7.579664 7.579664 7.579664 7.579664 7.579664 7.579664 7.579664 7.579664 7.579664 7.579664 7.579664 7.579664 7.579664 7.579664 7.579664 7.579664 7.579664 7.579664 7.579664 7.579664 7.579664 7.579664 7.579664 7.579664 7.579664 7.579664 7.579664 7.579664 7.579664 7.579664 7.579664 7.579664 7.579664 7.579664 7.579664 7.579664 7.579664 7.579664 
7.579664 7.579664 7.579664 7.579664 7.579664 7.579664 7.579664 7.579664 7.579664 7.579664 7.579664 7.579664 7.579664 7.579664 7.579664 7.579664 7.579664 7.579664 7.579664 7.579664 7.579664 7.579664 7.579664 7.579664 7.579664 7.579664 7.579664 7.579664 7.579664 7.579664 7.579664 7.579664 7.579664 7.579664 7.579664 7.579664 7.579664 7.579664 7.579664 7.579664 7.579664 7.579664 7.579664 7.579664 7.579664 7.579664 7.579664 7.579664 7.579664 7.579664 7.579664 7.579664 7.579664 7.579664 7.579664 7.579664 7.579664 7.579664 7.579664 7.579664 7.579664 7.579664 7.579664 7.579664 
7.579664 7.579664 7.579664 7.579664 7.579664 7.579664 7.579664 7.579664 7.579664 7.579664 7.579664 7.579664 7.579664 7.579664 7.579664 7.579664 7.579664 7.579664 7.579664 7.579664 7.579664 7.579664 7.579664 7.579664 7.579664 7.579664 7.579664 7.579664 7.579664 7.579664 7.579664 7.579664 7.579664 7.579664 7.579664 7.579664 7.579664 7.579664 7.579664 7.579664 7.579664 7.579664 7.579664 7.579664 7.579664 7.579664 7.579664 7.579664 7.579664 7.579664 7.579664 7.579664 7.579664 7.579664 7.579664 7.579664 7.579664 7.579664 7.579664 7.579664 7.579664 7.579664 7.579664 7.579664 
7.579664 7.579664 7.579664 7.579664 7.579664 7.579664 7.579664 7.579664 7.579664 7.579664 7.579664 7.579664 7.579664 7.579664 7.579664 7.579664 7.579664 7.579664 7.579664 7.579664 7.579664 7.579664 7.579664 7.579664 7.579664 7.579664 7.579664 7.579664 7.579664 7.579664 7.579664 7.579664 7.579664 7.579664 7.579664 7.579664 7.579664 7.579664 7.579664 7.579664 7.579664 7.579664 7.579664 7.579664 7.579664 7.579664 7.579664 7.579664 7.579664 7.579664 7.579664 7.579664 7.579664 7.579664 7.579664 7.579664 7.579664 7.579664 7.579664 7.579664 7.579664 7.579664 7.579664 7.579664 
7.579664 7.579664 7.579664 7.579664 7.579664 7.579664 7.579664 7.579664 7.579664 7.579664 7.579664 7.579664 7.579664 7.579664 7.579664 7.579664 7.579664 7.579664 7.579664 7.579664 7.579664 7.579664 7.579664 7.579664 7.579664 7.579664 7.579664 7.579664 7.579664 7.579664 7.579664 7.579664 7.579664 7.579664 7.579664 7.579664 7.579664 7.579664 7.579664 7.579664 7.579664 7.579664 7.579664 7.579664 7.579664 7.579664 7.579664 7.579664 7.579664 7.579664 7.579664 7.579664 7.579664 7.579664 7.579664 7.579664 7.579664 7.579664 7.579664 7.579664 7.579664 7.579664 7.579664 7.579664 
7.579664 7.579664 7.579664 7.579664 7.579664 7.579664 7.579664 7.579664 7.579664 7.579664 7.579664 7.579664 7.579664 7.579664 7.579664 7.579664 7.579664 7.579664 7.579664 7.579664 7.579664 7.579664 7.579664 7.579664 7.579664 7.579664 7.579664 7.579664 7.579664 7.579664 7.579664 7.579664 7.579664 7.579664 7.579664 7.579664 7.579664 7.579664 7.579664 7.579664 7.579664 7.579664 7.579664 7.579664 7.579664 7.579664 7.579664 7.579664 7.579664 7.579664 7.579664 7.579664 7.579664 7.579664 7.579664 7.579664 7.579664 7.579664 7.579664 7.579664 7.579664 7.579664 7.579664 7.579664 
7.579664 7.579664 7.579664 7.579664 7.579664 7.579664 7.579664 7.579664 7.579664 7.579664 7.579664 7.579664 7.579664 7.579664 7.579664 7.579664 7.579664 7.579664 7.579664 7.579664 7.579664 7.579664 7.579664 7.579664 7.579664 7.579664 7.579664 7.579664 7.579664 7.579664 7.579664 7.579664 7.579664 7.579664 7.579664 7.579664 7.579664 7.579664 7.579664 7.579664 7.579664 7.579664 7.579664 7.579664 7.579664 7.579664 7.579664 7.579664 7.579664 7.579664 7.579664 7.579664 7.579664 7.579664 7.579664 7.579664 7.579664 7.579664 7.579664 7.579664 7.579664 7.579664 7.579664 7.579664 
7.579664 7.579664 7.579664 7.579664 7.579664 7.579664 7.579664 7.579664 7.579664 7.579664 7.579664 7.579664 7.579664 7.579664 7.579664 7.579664 7.579664 7.579664 7.579664 7.579664 7.579664 7.579664 7.579664 7.579664 7.579664 7.579664 7.579664 7.579664 7.579664 7.579664 7.579664 7.579664 7.579664 7.579664 7.579664 7.579664 7.579664 7.579664 7.579664 7.579664 7.579664 7.579664 7.579664 7.579664 7.579664 7.579664 7.579664 7.579664 7.579664 7.579664 7.579664 7.579664 7.579664 7.579664 7.579664 7.579664 7.579664 7.579664 7.579664 7.579664 7.579664 7.579664 7.579664 7.579664 
7.579664 7.579664 7.579664 7.579664 7.579664 7.579664 7.579664 7.579664 7.579664 7.579664 7.579664 7.579664 7.579664 7.579664 7.579664 7.579664 7.579664 7.579664 7.579664 7.579664 7.579664 7.579664 7.579664 7.579664 7.579664 7.579664 7.579664 7.579664 7.579664 7.579664 7.579664 7.579664 7.579664 7.579664 7.579664 7.579664 7.579664 7.579664 7.579664 7.579664 7.579664 7.579664 7.579664 7.579664 7.579664 7.579664 7.579664 7.579664 7.579664 7.579664 7.579664 7.579664 7.579664 7.579664 7.579664 7.579664 7.579664 7.579664 7.579664 7.579664 7.579664 7.579664 7.579664 7.579664 
7.579664 7.579664 7.579664 7.579664 7.579664 7.579664 7.579664 7.579664 7.579664 7.579664 7.579664 7.579664 7.579664 7.579664 7.579664 7.579664 7.579664 7.579664 7.579664 7.579664 7.579664 7.579664 7.579664 7.579664 7.579664 7.579664 7.579664 7.579664 7.579664 7.579664 7.579664 7.579664 7.579664 7.579664 7.579664 7.579664 7.579664 7.579664 7.579664 7.579664 7.579664 7.579664 7.579664 7.579664 7.579664 7.579664 7.579664 7.579664 7.579664 7.579664 7.579664 7.579664 7.579664 7.579664 7.579664 7.579664 7.579664 7.579664 7.579664 7.579664 7.579664 7.579664 7.579664 7.579664 
7.579664 7.579664 7.579664 7.579664 7.579664 7.579664 7.579664 7.579664 7.579664 7.579664 7.579664 7.579664 7.579664 7.579664 7.579664 7.579664 7.579664 7.579664 7.579664 7.579664 7.579664 7.579664 7.579664 7.579664 7.579664 7.579664 7.579664 7.579664 7.579664 7.579664 7.579664 7.579664 7.579664 7.579664 7.579664 7.579664 7.579664 7.579664 7.579664 7.579664 7.579664 7.579664 7.579664 7.579664 7.579664 7.579664 7.579664 7.579664 7.579664 7.579664 7.579664 7.579664 7.579664 7.579664 7.579664 7.579664 7.579664 7.579664 7.579664 7.579664 7.579664 7.579664 7.579664 7.579664 
7.579664 7.579664 7.579664 7.579664 7.579664 7.579664 7.579664 7.579664 7.579664 7.579664 7.579664 7.579664 7.579664 7.579664 7.579664 7.579664 7.579664 7.579664 7.579664 7.579664 7.579664 7.579664 7.579664 7.579664 7.579664 7.579664 7.579664 7.579664 7.579664 7.579664 7.579664 7.579664 7.579664 7.579664 7.579664 7.579664 7.579664 7.579664 7.579664 7.579664 7.579664 7.579664 7.579664 7.579664 7.579664 7.579664 7.579664 7.579664 7.579664 7.579664 7.579664 7.579664 7.579664 7.579664 7.579664 7.579664 7.579664 7.579664 7.579664 7.579664 7.579664 7.579664 7.579664 7.579664 
7.579664 7.579664 7.579664 7.579664 7.579664 7.579664 7.579664 7.579664 7.579664 7.579664 7.579664 7.579664 7.579664 7.579664 7.579664 7.579664 7.579664 7.579664 7.579664 7.579664 7.579664 7.579664 7.579664 7.579664 7.579664 7.579664 7.579664 7.579664 7.579664 7.579664 7.579664 7.579664 7.579664 7.579664 7.579664 7.579664 7.579664 7.579664 7.579664 7.579664 7.579664 7.579664 7.579664 7.579664 7.579664 7.579664 7.579664 7.579664 7.579664 7.579664 7.579664 7.579664 7.579664 7.579664 7.579664 7.579664 7.579664 7.579664 7.579664 7.579664 7.579664 7.579664 7.579664 7.579664 
7.579664 7.579664 7.579664 7.579664 7.579664 7.579664 7.579664 7.579664 7.579664 7.579664 7.579664 7.579664 7.579664 7.579664 7.579664 7.579664 7.579664 7.579664 7.579664 7.579664 7.579664 7.579664 7.579664 7.579664 7.579664 7.579664 7.579664 7.579664 7.579664 7.579664 7.579664 7.579664 7.579664 7.579664 7.579664 7.579664 7.579664 7.579664 7.579664 7.579664 7.579664 7.579664 7.579664 7.579664 7.579664 7.579664 7.579664 7.579664 7.579664 7.579664 7.579664 7.579664 7.579664 7.579664 7.579664 7.579664 7.579664 7.579664 7.579664 7.579664 7.579664 7.579664 7.579664 7.579664 
7.579664 7.579664 7.579664 7.579664 7.579664 7.579664 7.579664 7.579664 7.579664 7.579664 7.579664 7.579664 7.579664 7.579664 7.579664 7.579664 7.579664 7.579664 7.579664 7.579664 7.579664 7.579664 7.579664 7.579664 7.579664 7.579664 7.579664 7.579664 7.579664 7.579664 7.579664 7.579664 7.579664 7.579664 7.579664 7.579664 7.579664 7.579664 7.579664 7.579664 7.579664 7.579664 7.579664 7.579664 7.579664 7.579664 7.579664 7.579664 7.579664 7.579664 7.579664 7.579664 7.579664 7.579664 7.579664 7.579664 7.579664 7.579664 7.579664 7.579664 7.579664 7.579664 7.579664 7.579664 
7.579664 7.579664 7.579664 7.579664 7.579664 7.579664 7.579664 7.579664 7.579664 7.579664 7.579664 7.579664 7.579664 7.579664 7.579664 7.579664 7.579664 7.579664 7.579664 7.579664 7.579664 7.579664 7.579664 7.579664 7.579664 7.579664 7.579664 7.579664 7.579664 7.579664 7.579664 7.579664 7.579664 7.579664 7.579664 7.579664 7.579664 7.579664 7.579664 7.579664 7.579664 7.579664 7.579664 7.579664 7.579664 7.579664 7.579664 7.579664 7.579664 7.579664 7.579664 7.579664 7.579664 7.579664 7.579664 7.579664 7.579664 7.579664 7.579664 7.579664 7.579664 7.579664 7.579664 7.579664 
7.579664 7.579664 7.579664 7.579664 7.579664 7.579664 7.579664 7.579664 7.579664 7.579664 7.579664 7.579664 7.579664 7.579664 7.579664 7.579664 7.579664 7.579664 7.579664 7.579664 7.579664 7.579664 7.579664 7.579664 7.579664 7.579664 7.579664 7.579664 7.579664 7.579664 7.579664 7.579664 7.579664 7.579664 7.579664 7.579664 7.579664 7.579664 7.579664 7.579664 7.579664 7.579664 7.579664 7.579664 7.579664 7.579664 7.579664 7.579664 7.579664 7.579664 7.579664 7.579664 7.579664 7.579664 7.579664 7.579664 7.579664 7.579664 7.579664 7.579664 7.579664 7.579664 7.579664 7.579664 
7.579664 7.579664 7.579664 7.579664 7.579664 7.579664 7.579664 7.579664 7.579664 7.579664 7.579664 7.579664 7.579664 7.579664 7.579664 7.579664 7.579664 7.579664 7.579664 7.579664 7.579664 7.579664 7.579664 7.579664 7.579664 7.579664 7.579664 7.579664 7.579664 7.579664 7.579664 7.579664 7.579664 7.579664 7.579664 7.579664 7.579664 7.579664 7.579664 7.579664 7.579664 7.579664 7.579664 7.579664 7.579664 7.579664 7.579664 7.579664 7.579664 7.579664 7.579664 7.579664 7.579664 7.579664 7.579664 7.579664 7.579664 7.579664 7.579664 7.579664 7.579664 7.579664 7.579664 7.579664 
7.579664 7.579664 7.579664 7.579664 7.579664 7.579664 7.579664 7.579664 7.579664 7.579664 7.579664 7.579664 7.579664 7.579664 7.579664 7.579664 7.579664 7.579664 7.579664 7.579664 7.579664 7.579664 7.579664 7.579664 7.579664 7.579664 7.579664 7.579664 7.579664 7.579664 7.579664 7.579664 7.579664 7.579664 7.579664 7.579664 7.579664 7.579664 7.579664 7.579664 7.579664 7.579664 7.579664 7.579664 7.579664 7.579664 7.579664 7.579664 7.579664 7.579664 7.579664 7.579664 7.579664 7.579664 7.579664 7.579664 7.579664 7.579664 7.579664 7.579664 7.579664 7.579664 7.579664 7.579664 
7.579664 7.579664 7.579664 7.579664 7.579664 7.579664 7.579664 7.579664 7.579664 7.579664 7.579664 7.579664 7.579664 7.579664 7.579664 7.579664 7.579664 7.579664 7.579664 7.579664 7.579664 7.579664 7.579664 7.579664 7.579664 7.579664 7.579664 7.579664 7.579664 7.579664 7.579664 7.579664 7.579664 7.579664 7.579664 7.579664 7.579664 7.579664 7.579664 7.579664 7.579664 7.579664 7.579664 7.579664 7.579664 7.579664 7.579664 7.579664 7.579664 7.579664 7.579664 7.579664 7.579664 7.579664 7.579664 7.579664 7.579664 7.579664 7.579664 7.579664 7.579664 7.579664 7.579664 7.579664 
7.579664 7.579664 7.579664 7.579664 7.579664 7.579664 7.579664 7.579664 7.579664 7.579664 7.579664 7.579664 7.579664 7.579664 7.579664 7.579664 7.579664 7.579664 7.579664 7.579664 7.579664 7.579664 7.579664 7.579664 7.579664 7.579664 7.579664 7.579664 7.579664 7.579664 7.579664 7.579664 7.579664 7.579664 7.579664 7.579664 7.579664 7.579664 7.579664 7.579664 7.579664 7.579664 7.579664 7.579664 7.579664 7.579664 7.579664 7.579664 7.579664 7.579664 7.579664 7.579664 7.579664 7.579664 7.579664 7.579664 7.579664 7.579664 7.579664 7.579664 7.579664 7.579664 7.579664 7.579664 
7.579664 7.579664 7.579664 7.579664 7.579664 7.579664 7.579664 7.579664 7.579664 7.579664 7.579664 7.579664 7.579664 7.579664 7.579664 7.579664 7.579664 7.579664 7.579664 7.579664 7.579664 7.579664 7.579664 7.579664 7.579664 7.579664 7.579664 7.579664 7.579664 7.579664 7.579664 7.579664 7.579664 7.579664 7.579664 7.579664 7.579664 7.579664 7.579664 7.579664 7.579664 7.579664 7.579664 7.579664 7.579664 7.579664 7.579664 7.579664 7.579664 7.579664 7.579664 7.579664 7.579664 7.579664 7.579664 7.579664 7.579664 7.579664 7.579664 7.579664 7.579664 7.579664 7.579664 7.579664 
7.579664 7.579664 7.579664 7.579664 7.579664 7.579664 7.579664 7.579664 7.579664 7.579664 7.579664 7.579664 7.579664 7.579664 7.579664 7.579664 7.579664 7.579664 7.579664 7.579664 7.579664 7.579664 7.579664 7.579664 7.579664 7.579664 7.579664 7.579664 7.579664 7.579664 7.579664 7.579664 7.579664 7.579664 7.579664 7.579664 7.579664 7.579664 7.579664 7.579664 7.579664 7.579664 7.579664 7.579664 7.579664 7.579664 7.579664 7.579664 7.579664 7.579664 7.579664 7.579664 7.579664 7.579664 7.579664 7.579664 7.579664 7.579664 7.579664 7.579664 7.579664 7.579664 7.579664 7.579664 
7.579664 7.579664 7.579664 7.579664 7.579664 7.579664 7.579664 7.579664 7.579664 7.579664 7.579664 7.579664 7.579664 7.579664 7.579664 7.579664 7.579664 7.579664 7.579664 7.579664 7.579664 7.579664 7.579664 7.579664 7.579664 7.579664 7.579664 7.579664 7.579664 7.579664 7.579664 7.579664 7.579664 7.579664 7.579664 7.579664 7.579664 7.579664 7.579664 7.579664 7.579664 7.579664 7.579664 7.579664 7.579664 7.579664 7.579664 7.579664 7.579664 7.579664 7.579664 7.579664 7.579664 7.579664 7.579664 7.579664 7.579664 7.579664 7.579664 7.579664 7.579664 7.579664 7.579664 7.579664 
7.579664 7.579664 7.579664 7.579664 7.579664 7.579664 7.579664 7.579664 7.579664 7.579664 7.579664 7.579664 7.579664 7.579664 7.579664 7.579664 7.579664 7.579664 7.579664 7.579664 7.579664 7.579664 7.579664 7.579664 7.579664 7.579664 7.579664 7.579664 7.579664 7.579664 7.579664 7.579664 7.579664 7.579664 7.579664 7.579664 7.579664 7.579664 7.579664 7.579664 7.579664 7.579664 7.579664 7.579664 7.579664 7.579664 7.579664 7.579664 7.579664 7.579664 7.579664 7.579664 7.579664 7.579664 7.579664 7.579664 7.579664 7.579664 7.579664 7.579664 7.579664 7.579664 7.579664 7.579664 
7.579664 7.579664 7.579664 7.579664 7.579664 7.579664 7.579664 7.579664 7.579664 7.579664 7.579664 7.579664 7.579664 7.579664 7.579664 7.579664 7.579664 7.579664 7.579664 7.579664 7.579664 7.579664 7.579664 7.579664 7.579664 7.579664 7.579664 7.579664 7.579664 7.579664 7.579664 7.579664 7.579664 7.579664 7.579664 7.579664 7.579664 7.579664 7.579664 7.579664 7.579664 7.579664 7.579664 7.579664 7.579664 7.579664 7.579664 7.579664 7.579664 7.579664 7.579664 7.579664 7.579664 7.579664 7.579664 7.579664 7.579664 7.579664 7.579664 7.579664 7.579664 7.579664 7.579664 7.579664 
7.579664 7.579664 7.579664 7.579664 7.579664 7.579664 7.579664 7.579664 7.579664 7.579664 7.579664 7.579664 7.579664 7.579664 7.579664 7.579664 7.579664 7.579664 7.579664 7.579664 7.579664 7.579664 7.579664 7.579664 7.579664 7.579664 7.579664 7.579664 7.579664 7.579664 7.579664 7.579664 7.579664 7.579664 7.579664 7.579664 7.579664 7.579664 7.579664 7.579664 7.579664 7.579664 7.579664 7.579664 7.579664 7.579664 7.579664 7.579664 7.579664 7.579664 7.579664 7.579664 7.579664 7.579664 7.579664 7.579664 7.579664 7.579664 7.579664 7.579664 7.579664 7.579664 7.579664 7.579664 
7.579664 7.579664 7.579664 7.579664 7.579664 7.579664 7.579664 7.579664 7.579664 7.579664 7.579664 7.579664 7.579664 7.579664 7.579664 7.579664 7.579664 7.579664 7.579664 7.579664 7.579664 7.579664 7.579664 7.579664 7.579664 7.579664 7.579664 7.579664 7.579664 7.579664 7.579664 7.579664 7.579664 7.579664 7.579664 7.579664 7.579664 7.579664 7.579664 7.579664 7.579664 7.579664 7.579664 7.579664 7.579664 7.579664 7.579664 7.579664 7.579664 7.579664 7.579664 7.579664 7.579664 7.579664 7.579664 7.579664 7.579664 7.579664 7.579664 7.579664 7.579664 7.579664 7.579664 7.579664 
7.579664 7.579664 7.579664 7.579664 7.579664 7.579664 7.579664 7.579664 7.579664 7.579664 7.579664 7.579664 7.579664 7.579664 7.579664 7.579664 7.579664 7.579664 7.579664 7.579664 7.579664 7.579664 7.579664 7.579664 7.579664 7.579664 7.579664 7.579664 7.579664 7.579664 7.579664 7.579664 7.579664 7.579664 7.579664 7.579664 7.579664 7.579664 7.579664 7.579664 7.579664 7.579664 7.579664 7.579664 7.579664 7.579664 7.579664 7.579664 7.579664 7.579664 7.579664 7.579664 7.579664 7.579664 7.579664 7.579664 7.579664 7.579664 7.579664 7.579664 7.579664 7.579664 7.579664 7.579664 
7.579664 7.579664 7.579664 7.579664 7.579664 7.579664 7.579664 7.579664 7.579664 7.579664 7.579664 7.579664 7.579664 7.579664 7.579664 7.579664 7.579664 7.579664 7.579664 7.579664 7.579664 7.579664 7.579664 7.579664 7.579664 7.579664 7.579664 7.579664 7.579664 7.579664 7.579664 7.579664 7.579664 7.579664 7.579664 7.579664 7.579664 7.579664 7.579664 7.579664 7.579664 7.579664 7.579664 7.579664 7.579664 7.579664 7.579664 7.579664 7.579664 7.579664 7.579664 7.579664 7.579664 7.579664 7.579664 7.579664 7.579664 7.579664 7.579664 7.579664 7.579664 7.579664 7.579664 7.579664 
7.579664 7.579664 7.579664 7.579664 7.579664 7.579664 7.579664 7.579664 7.579664 7.579664 7.579664 7.579664 7.579664 7.579664 7.579664 7.579664 7.579664 7.579664 7.579664 7.579664 7.579664 7.579664 7.579664 7.579664 7.579664 7.579664 7.579664 7.579664 7.579664 7.579664 7.579664 7.579664 7.579664 7.579664 7.579664 7.579664 7.579664 7.579664 7.579664 7.579664 7.579664 7.579664 7.579664 7.579664 7.579664 7.579664 7.579664 7.579664 7.579664 7.579664 7.579664 7.579664 7.579664 7.579664 7.579664 7.579664 7.579664 7.579664 7.579664 7.579664 7.579664 7.579664 7.579664 7.579664 
7.579664 7.579664 7.579664 7.579664 7.579664 7.579664 7.579664 7.579664 7.579664 7.579664 7.579664 7.579664 7.579664 7.579664 7.579664 7.579664 7.579664 7.579664 7.579664 7.579664 7.579664 7.579664 7.579664 7.579664 7.579664 7.579664 7.579664 7.579664 7.579664 7.579664 7.579664 7.579664 7.579664 7.579664 7.579664 7.579664 7.579664 7.579664 7.579664 7.579664 7.579664 7.579664 7.579664 7.579664 7.579664 7.579664 7.579664 7.579664 7.579664 7.579664 7.579664 7.579664 7.579664 7.579664 7.579664 7.579664 7.579664 7.579664 7.579664 7.579664 7.579664 7.579664 7.579664 7.579664 
7.579664 7.579664 7.579664 7.579664 7.579664 7.579664 7.579664 7.579664 7.579664 7.579664 7.579664 7.579664 7.579664 7.579664 7.579664 7.579664 7.579664 7.579664 7.579664 7.579664 7.579664 7.579664 7.579664 7.579664 7.579664 7.579664 7.579664 7.579664 7.579664 7.579664 7.579664 7.579664 7.579664 7.579664 7.579664 7.579664 7.579664 7.579664 7.579664 7.579664 7.579664 7.579664 7.579664 7.579664 7.579664 7.579664 7.579664 7.579664 7.579664 7.579664 7.579664 7.579664 7.579664 7.579664 7.579664 7.579664 7.579664 7.579664 7.579664 7.579664 7.579664 7.579664 7.579664 7.579664 
7.579664 7.579664 7.579664 7.579664 7.579664 7.579664 7.579664 7.579664 7.579664 7.579664 7.579664 7.579664 7.579664 7.579664 7.579664 7.579664 7.579664 7.579664 7.579664 7.579664 7.579664 7.579664 7.579664 7.579664 7.579664 7.579664 7.579664 7.579664 7.579664 7.579664 7.579664 7.579664 7.579664 7.579664 7.579664 7.579664 7.579664 7.579664 7.579664 7.579664 7.579664 7.579664 7.579664 7.579664 7.579664 7.579664 7.579664 7.579664 7.579664 7.579664 7.579664 7.579664 7.579664 7.579664 7.579664 7.579664 7.579664 7.579664 7.579664 7.579664 7.579664 7.579664 7.579664 7.579664 
7.579664 7.579664 7.579664 7.579664 7.579664 7.579664 7.579664 7.579664 7.579664 7.579664 7.579664 7.579664 7.579664 7.579664 7.579664 7.579664 7.579664 7.579664 7.579664 7.579664 7.579664 7.579664 7.579664 7.579664 7.579664 7.579664 7.579664 7.579664 7.579664 7.579664 7.579664 7.579664 7.579664 7.579664 7.579664 7.579664 7.579664 7.579664 7.579664 7.579664 7.579664 7.579664 7.579664 7.579664 7.579664 7.579664 7.579664 7.579664 7.579664 7.579664 7.579664 7.579664 7.579664 7.579664 7.579664 7.579664 7.579664 7.579664 7.579664 7.579664 7.579664 7.579664 7.579664 7.579664 
7.579664 7.579664 7.579664 7.579664 7.579664 7.579664 7.579664 7.579664 7.579664 7.579664 7.579664 7.579664 7.579664 7.579664 7.579664 7.579664 7.579664 7.579664 7.579664 7.579664 7.579664 7.579664 7.579664 7.579664 7.579664 7.579664 7.579664 7.579664 7.579664 7.579664 7.579664 7.579664 7.579664 7.579664 7.579664 7.579664 7.579664 7.579664 7.579664 7.579664 7.579664 7.579664 7.579664 7.579664 7.579664 7.579664 7.579664 7.579664 7.579664 7.579664 7.579664 7.579664 7.579664 7.579664 7.579664 7.579664 7.579664 7.579664 7.579664 7.579664 7.579664 7.579664 7.579664 7.579664 
7.579664 7.579664 7.579664 7.579664 7.579664 7.579664 7.579664 7.579664 7.579664 7.579664 7.579664 7.579664 7.579664 7.579664 7.579664 7.579664 7.579664 7.579664 7.579664 7.579664 7.579664 7.579664 7.579664 7.579664 7.579664 7.579664 7.579664 7.579664 7.579664 7.579664 7.579664 7.579664 7.579664 7.579664 7.579664 7.579664 7.579664 7.579664 7.579664 7.579664 7.579664 7.579664 7.579664 7.579664 7.579664 7.579664 7.579664 7.579664 7.579664 7.579664 7.579664 7.579664 7.579664 7.579664 7.579664 7.579664 7.579664 7.579664 7.579664 7.579664 7.579664 7.579664 7.579664 7.579664 
7.579664 7.579664 7.579664 7.579664 7.579664 7.579664 7.579664 7.579664 7.579664 7.579664 7.579664 7.579664 7.579664 7.579664 7.579664 7.579664 7.579664 7.579664 7.579664 7.579664 7.579664 7.579664 7.579664 7.579664 7.579664 7.579664 7.579664 7.579664 7.579664 7.579664 7.579664 7.579664 7.579664 7.579664 7.579664 7.579664 7.579664 7.579664 7.579664 7.579664 7.579664 7.579664 7.579664 7.579664 7.579664 7.579664 7.579664 7.579664 7.579664 7.579664 7.579664 7.579664 7.579664 7.579664 7.579664 7.579664 7.579664 7.579664 7.579664 7.579664 7.579664 7.579664 7.579664 7.579664 
7.579664 7.579664 7.579664 7.579664 7.579664 7.579664 7.579664 7.579664 7.579664 7.579664 7.579664 7.579664 7.579664 7.579664 7.579664 7.579664 7.579664 7.579664 7.579664 7.579664 7.579664 7.579664 7.579664 7.579664 7.579664 7.579664 7.579664 7.579664 7.579664 7.579664 7.579664 7.579664 7.579664 7.579664 7.579664 7.579664 7.579664 7.579664 7.579664 7.579664 7.579664 7.579664 7.579664 7.579664 7.579664 7.579664 7.579664 7.579664 7.579664 7.579664 7.579664 7.579664 7.579664 7.579664 7.579664 7.579664 7.579664 7.579664 7.579664 7.579664 7.579664 7.579664 7.579664 7.579664 
7.579664 7.579664 7.579664 7.579664 7.579664 7.579664 7.579664 7.579664 7.579664 7.579664 7.579664 7.579664 7.579664 7.579664 7.579664 7.579664 7.579664 7.579664 7.579664 7.579664 7.579664 7.579664 7.579664 7.579664 7.579664 7.579664 7.579664 7.579664 7.579664 7.579664 7.579664 7.579664 7.579664 7.579664 7.579664 7.579664 7.579664 7.579664 7.579664 7.579664 7.579664 7.579664 7.579664 7.579664 7.579664 7.579664 7.579664 7.579664 7.579664 7.579664 7.579664 7.579664 7.579664 7.579664 7.579664 7.579664 7.579664 7.579664 7.579664 7.579664 7.579664 7.579664 7.579664 7.579664 
7.579664 7.579664 7.579664 7.579664 7.579664 7.579664 7.579664 7.579664 7.579664 7.579664 7.579664 7.579664 7.579664 7.579664 7.579664 7.579664 7.579664 7.579664 7.579664 7.579664 7.579664 7.579664 7.579664 7.579664 7.579664 7.579664 7.579664 7.579664 7.579664 7.579664 7.579664 7.579664 7.579664 7.579664 7.579664 7.579664 7.579664 7.579664 7.579664 7.579664 7.579664 7.579664 7.579664 7.579664 7.579664 7.579664 7.579664 7.579664 7.579664 7.579664 7.579664 7.579664 7.579664 7.579664 7.579664 7.579664 7.579664 7.579664 7.579664 7.579664 7.579664 7.579664 7.579664 7.579664 
7.579664 7.579664 7.579664 7.579664 7.579664 7.579664 7.579664 7.579664 7.579664 7.579664 7.579664 7.579664 7.579664 7.579664 7.579664 7.579664 7.579664 7.579664 7.579664 7.579664 7.579664 7.579664 7.579664 7.579664 7.579664 7.579664 7.579664 7.579664 7.579664 7.579664 7.579664 7.579664 7.579664 7.579664 7.579664 7.579664 7.579664 7.579664 7.579664 7.579664 7.579664 7.579664 7.579664 7.579664 7.579664 7.579664 7.579664 7.579664 7.579664 7.579664 7.579664 7.579664 7.579664 7.579664 7.579664 7.579664 7.579664 7.579664 7.579664 7.579664 7.579664 7.579664 7.579664 7.579664 
7.579664 7.579664 7.579664 7.579664 7.579664 7.579664 7.579664 7.579664 7.579664 7.579664 7.579664 7.579664 7.579664 7.579664 7.579664 7.579664 7.579664 7.579664 7.579664 7.579664 7.579664 7.579664 7.579664 7.579664 7.579664 7.579664 7.579664 7.579664 7.579664 7.579664 7.579664 7.579664 7.579664 7.579664 7.579664 7.579664 7.579664 7.579664 7.579664 7.579664 7.579664 7.579664 7.579664 7.579664 7.579664 7.579664 7.579664 7.579664 7.579664 7.579664 7.579664 7.579664 7.579664 7.579664 7.579664 7.579664 7.579664 7.579664 7.579664 7.579664 7.579664 7.579664 7.579664 7.579664 
7.579664 7.579664 7.579664 7.579664 7.579664 7.579664 7.579664 7.579664 7.579664 7.579664 7.579664 7.579664 7.579664 7.579664 7.579664 7.579664 7.579664 7.579664 7.579664 7.579664 7.579664 7.579664 7.579664 7.579664 7.579664 7.579664 7.579664 7.579664 7.579664 7.579664 7.579664 7.579664 7.579664 7.579664 7.579664 7.579664 7.579664 7.579664 7.579664 7.579664 7.579664 7.579664 7.579664 7.579664 7.579664 7.579664 7.579664 7.579664 7.579664 7.579664 7.579664 7.579664 7.579664 7.579664 7.579664 7.579664 7.579664 7.579664 7.579664 7.579664 7.579664 7.579664 7.579664 7.579664 
7.579664 7.579664 7.579664 7.579664 7.579664 7.579664 7.579664 7.579664 7.579664 7.579664 7.579664 7.579664 7.579664 7.579664 7.579664 7.579664 7.579664 7.579664 7.579664 7.579664 7.579664 7.579664 7.579664 7.579664 7.579664 7.579664 7.579664 7.579664 7.579664 7.579664 7.579664 7.579664 7.579664 7.579664 7.579664 7.579664 7.579664 7.579664 7.579664 7.579664 7.579664 7.579664 7.579664 7.579664 7.579664 7.579664 7.579664 7.579664 7.579664 7.579664 7.579664 7.579664 7.579664 7.579664 7.579664 7.579664 7.579664 7.579664 7.579664 7.579664 7.579664 7.579664 7.579664 7.579664 
7.579664 7.579664 7.579664 7.579664 7.579664 7.579664 7.579664 7.579664 7.579664 7.579664 7.579664 7.579664 7.579664 7.579664 7.579664 7.579664 7.579664 7.579664 7.579664 7.579664 7.579664 7.579664 7.579664 7.579664 7.579664 7.579664 7.579664 7.579664 7.579664 7.579664 7.579664 7.579664 7.579664 7.579664 7.579664 7.579664 7.579664 7.579664 7.579664 7.579664 7.579664 7.579664 7.579664 7.579664 7.579664 7.579664 7.579664 7.579664 7.579664 7.579664 7.579664 7.579664 7.579664 7.579664 7.579664 7.579664 7.579664 7.579664 7.579664 7.579664 7.579664 7.579664 7.579664 7.579664 
7.579664 7.579664 7.579664 7.579664 7.579664 7.579664 7.579664 7.579664 7.579664 7.579664 7.579664 7.579664 7.579664 7.579664 7.579664 7.579664 7.579664 7.579664 7.579664 7.579664 7.579664 7.579664 7.579664 7.579664 7.579664 7.579664 7.579664 7.579664 7.579664 7.579664 7.579664 7.579664 7.579664 7.579664 7.579664 7.579664 7.579664 7.579664 7.579664 7.579664 7.579664 7.579664 7.579664 7.579664 7.579664 7.579664 7.579664 7.579664 7.579664 7.579664 7.579664 7.579664 7.579664 7.579664 7.579664 7.579664 7.579664 7.579664 7.579664 7.579664 7.579664 7.579664 7.579664 7.579664 
7.579664 7.579664 7.579664 7.579664 7.579664 7.579664 7.579664 7.579664 7.579664 7.579664 7.579664 7.579664 7.579664 7.579664 7.579664 7.579664 7.579664 7.579664 7.579664 7.579664 7.579664 7.579664 7.579664 7.579664 7.579664 7.579664 7.579664 7.579664 7.579664 7.579664 7.579664 7.579664 7.579664 7.579664 7.579664 7.579664 7.579664 7.579664 7.579664 7.579664 7.579664 7.579664 7.579664 7.579664 7.579664 7.579664 7.579664 7.579664 7.579664 7.579664 7.579664 7.579664 7.579664 7.579664 7.579664 7.579664 7.579664 7.579664 7.579664 7.579664 7.579664 7.579664 7.579664 7.579664 
7.579664 7.579664 7.579664 7.579664 7.579664 7.579664 7.579664 7.579664 7.579664 7.579664 7.579664 7.579664 7.579664 7.579664 7.579664 7.579664 7.579664 7.579664 7.579664 7.579664 7.579664 7.579664 7.579664 7.579664 7.579664 7.579664 7.579664 7.579664 7.579664 7.579664 7.579664 7.579664 7.579664 7.579664 7.579664 7.579664 7.579664 7.579664 7.579664 7.579664 7.579664 7.579664 7.579664 7.579664 7.579664 7.579664 7.579664 7.579664 7.579664 7.579664 7.579664 7.579664 7.579664 7.579664 7.579664 7.579664 7.579664 7.579664 7.579664 7.579664 7.579664 7.579664 7.579664 7.579664 
