7.377973 7.377973 7.377973 7.377973 7.377973 7.377973 7.377973 7.377973 7.377973 7.377973 7.377973 7.377973 7.377973 7.377973 7.377973 7.377973 7.377973 7.377973 7.377973 7.377973 7.377973 7.377973 7.377973 7.377973 7.377973 7.377973 7.377973 7.377973 7.377973 7.377973 7.377973 7.377973 7.377973 7.377973 7.377973 7.377973 7.377973 7.377973 7.377973 7.377973 7.377973 7.377973 7.377973 7.377973 7.377973 7.377973 7.377973 7.377973 7.377973 7.377973 7.377973 7.377973 7.377973 7.377973 7.377973 7.377973 7.377973 7.377973 7.377973 7.377973 7.377973 7.377973 7.377973 7.377973 
7.377973 7.377973 7.377973 7.377973 7.377973 7.377973 7.377973 7.377973 7.377973 7.377973 7.377973 7.377973 7.377973 7.377973 7.377973 7.377973 7.377973 7.377973 7.377973 7.377973 7.377973 7.377973 7.377973 7.377973 7.377973 7.377973 7.377973 7.377973 7.377973 7.377973 7.377973 7.377973 7.377973 7.377973 7.377973 7.377973 7.377973 7.377973 7.377973 7.377973 7.377973 7.377973 7.377973 7.377973 7.377973 7.377973 7.377973 7.377973 7.377973 7.377973 7.377973 7.377973 7.377973 7.377973 7.377973 7.377973 7.377973 7.377973 7.377973 7.377973 7.377973 7.377973 7.377973 7.377973 
7.377973 7.377973 7.377973 7.377973 7.377973 7.377973 7.377973 7.377973 7.377973 7.377973 7.377973 7.377973 7.377973 7.377973 7.377973 7.377973 7.377973 7.377973 7.377973 7.377973 7.377973 7.377973 7.377973 7.377973 7.377973 7.377973 7.377973 7.377973 7.377973 7.377973 7.377973 7.377973 7.377973 7.377973 7.377973 7.377973 7.377973 7.377973 7.377973 7.377973 7.377973 7.377973 7.377973 7.377973 7.377973 7.377973 7.377973 7.377973 7.377973 7.377973 7.377973 7.377973 7.377973 7.377973 7.377973 7.377973 7.377973 7.377973 7.377973 7.377973 7.377973 7.377973 7.377973 7.377973 
7.377973 7.377973 7.377973 7.377973 7.377973 7.377973 7.377973 7.377973 7.377973 7.377973 7.377973 7.377973 7.377973 7.377973 7.377973 7.377973 7.377973 7.377973 7.377973 7.377973 7.377973 7.377973 7.377973 7.377973 7.377973 7.377973 7.377973 7.377973 7.377973 7.377973 7.377973 7.377973 7.377973 7.377973 7.377973 7.377973 7.377973 7.377973 7.377973 7.377973 7.377973 7.377973 7.377973 7.377973 7.377973 7.377973 7.377973 7.377973 7.377973 7.377973 7.377973 7.377973 7.377973 7.377973 7.377973 7.377973 7.377973 7.377973 7.377973 7.377973 7.377973 7.377973 7.377973 7.377973 
7.377973 7.377973 7.377973 7.377973 7.377973 7.377973 7.377973 7.377973 7.377973 7.377973 7.377973 7.377973 7.377973 7.377973 7.377973 7.377973 7.377973 7.377973 7.377973 7.377973 7.377973 7.377973 7.377973 7.377973 7.377973 7.377973 7.377973 7.377973 7.377973 7.377973 7.377973 7.377973 7.377973 7.377973 7.377973 7.377973 7.377973 7.377973 7.377973 7.377973 7.377973 7.377973 7.377973 7.377973 7.377973 7.377973 7.377973 7.377973 7.377973 7.377973 7.377973 7.377973 7.377973 7.377973 7.377973 7.377973 7.377973 7.377973 7.377973 7.377973 7.377973 7.377973 7.377973 7.377973 
7.377973 7.377973 7.377973 7.377973 7.377973 7.377973 7.377973 7.377973 7.377973 7.377973 7.377973 7.377973 7.377973 7.377973 7.377973 7.377973 7.377973 7.377973 7.377973 7.377973 7.377973 7.377973 7.377973 7.377973 7.377973 7.377973 7.377973 7.377973 7.377973 7.377973 7.377973 7.377973 7.377973 7.377973 7.377973 7.377973 7.377973 7.377973 7.377973 7.377973 7.377973 7.377973 7.377973 7.377973 7.377973 7.377973 7.377973 7.377973 7.377973 7.377973 7.377973 7.377973 7.377973 7.377973 7.377973 7.377973 7.377973 7.377973 7.377973 7.377973 7.377973 7.377973 7.377973 7.377973 
7.377973 7.377973 7.377973 7.377973 7.377973 7.377973 7.377973 7.377973 7.377973 7.377973 7.377973 7.377973 7.377973 7.377973 7.377973 7.377973 7.377973 7.377973 7.377973 7.377973 7.377973 7.377973 7.377973 7.377973 7.377973 7.377973 7.377973 7.377973 7.377973 7.377973 7.377973 7.377973 7.377973 7.377973 7.377973 7.377973 7.377973 7.377973 7.377973 7.377973 7.377973 7.377973 7.377973 7.377973 7.377973 7.377973 7.377973 7.377973 7.377973 7.377973 7.377973 7.377973 7.377973 7.377973 7.377973 7.377973 7.377973 7.377973 7.377973 7.377973 7.377973 7.377973 7.377973 7.377973 
7.377973 7.377973 7.377973 7.377973 7.377973 7.377973 7.377973 7.377973 7.377973 7.377973 7.377973 7.377973 7.377973 7.377973 7.377973 7.377973 7.377973 7.377973 7.377973 7.377973 7.377973 7.377973 7.377973 7.377973 7.377973 7.377973 7.377973 7.377973 7.377973 7.377973 7.377973 7.377973 7.377973 7.377973 7.377973 7.377973 7.377973 7.377973 7.377973 7.377973 7.377973 7.377973 7.377973 7.377973 7.377973 7.377973 7.377973 7.377973 7.377973 7.377973 7.377973 7.377973 7.377973 7.377973 7.377973 7.377973 7.377973 7.377973 7.377973 7.377973 7.377973 7.377973 7.377973 7.377973 
7.377973 7.377973 7.377973 7.377973 7.377973 7.377973 7.377973 7.377973 7.377973 7.377973 7.377973 7.377973 7.377973 7.377973 7.377973 7.377973 7.377973 7.377973 7.377973 7.377973 7.377973 7.377973 7.377973 7.377973 7.377973 7.377973 7.377973 7.377973 7.377973 7.377973 7.377973 7.377973 7.377973 7.377973 7.377973 7.377973 7.377973 7.377973 7.377973 7.377973 7.377973 7.377973 7.377973 7.377973 7.377973 7.377973 7.377973 7.377973 7.377973 7.377973 7.377973 7.377973 7.377973 7.377973 7.377973 7.377973 7.377973 7.377973 7.377973 7.377973 7.377973 7.377973 7.377973 7.377973 
7.377973 7.377973 7.377973 7.377973 7.377973 7.377973 7.377973 7.377973 7.377973 7.377973 7.377973 7.377973 7.377973 7.377973 7.377973 7.377973 7.377973 7.377973 7.377973 7.377973 7.377973 7.377973 7.377973 7.377973 7.377973 7.377973 7.377973 7.377973 7.377973 7.377973 7.377973 7.377973 7.377973 7.377973 7.377973 7.377973 7.377973 7.377973 7.377973 7.377973 7.377973 7.377973 7.377973 7.377973 7.377973 7.377973 7.377973 7.377973 7.377973 7.377973 7.377973 7.377973 7.377973 7.377973 7.377973 7.377973 7.377973 7.377973 7.377973 7.377973 7.377973 7.377973 7.377973 7.377973 
7.377973 7.377973 7.377973 7.377973 7.377973 7.377973 7.377973 7.377973 7.377973 7.377973 7.377973 7.377973 7.377973 7.377973 7.377973 7.377973 7.377973 7.377973 7.377973 7.377973 7.377973 7.377973 7.377973 7.377973 7.377973 7.377973 7.377973 7.377973 7.377973 7.377973 7.377973 7.377973 7.377973 7.377973 7.377973 7.377973 7.377973 7.377973 7.377973 7.377973 7.377973 7.377973 7.377973 7.377973 7.377973 7.377973 7.377973 7.377973 7.377973 7.377973 7.377973 7.377973 7.377973 7.377973 7.377973 7.377973 7.377973 7.377973 7.377973 7.377973 7.377973 7.377973 7.377973 7.377973 
7.377973 7.377973 7.377973 7.377973 7.377973 7.377973 7.377973 7.377973 7.377973 7.377973 7.377973 7.377973 7.377973 7.377973 7.377973 7.377973 7.377973 7.377973 7.377973 7.377973 7.377973 7.377973 7.377973 7.377973 7.377973 7.377973 7.377973 7.377973 7.377973 7.377973 7.377973 7.377973 7.377973 7.377973 7.377973 7.377973 7.377973 7.377973 7.377973 7.377973 7.377973 7.377973 7.377973 7.377973 7.377973 7.377973 7.377973 7.377973 7.377973 7.377973 7.377973 7.377973 7.377973 7.377973 7.377973 7.377973 7.377973 7.377973 7.377973 7.377973 7.377973 7.377973 7.377973 7.377973 
7.377973 7.377973 7.377973 7.377973 7.377973 7.377973 7.377973 7.377973 7.377973 7.377973 7.377973 7.377973 7.377973 7.377973 7.377973 7.377973 7.377973 7.377973 7.377973 7.377973 7.377973 7.377973 7.377973 7.377973 7.377973 7.377973 7.377973 7.377973 7.377973 7.377973 7.377973 7.377973 7.377973 7.377973 7.377973 7.377973 7.377973 7.377973 7.377973 7.377973 7.377973 7.377973 7.377973 7.377973 7.377973 7.377973 7.377973 7.377973 7.377973 7.377973 7.377973 7.377973 7.377973 7.377973 7.377973 7.377973 7.377973 7.377973 7.377973 7.377973 7.377973 7.377973 7.377973 7.377973 
7.377973 7.377973 7.377973 7.377973 7.377973 7.377973 7.377973 7.377973 7.377973 7.377973 7.377973 7.377973 7.377973 7.377973 7.377973 7.377973 7.377973 7.377973 7.377973 7.377973 7.377973 7.377973 7.377973 7.377973 7.377973 7.377973 7.377973 7.377973 7.377973 7.377973 7.377973 7.377973 7.377973 7.377973 7.377973 7.377973 7.377973 7.377973 7.377973 7.377973 7.377973 7.377973 7.377973 7.377973 7.377973 7.377973 7.377973 7.377973 7.377973 7.377973 7.377973 7.377973 7.377973 7.377973 7.377973 7.377973 7.377973 7.377973 7.377973 7.377973 7.377973 7.377973 7.377973 7.377973 
7.377973 7.377973 7.377973 7.377973 7.377973 7.377973 7.377973 7.377973 7.377973 7.377973 7.377973 7.377973 7.377973 7.377973 7.377973 7.377973 7.377973 7.377973 7.377973 7.377973 7.377973 7.377973 7.377973 7.377973 7.377973 7.377973 7.377973 7.377973 7.377973 7.377973 7.377973 7.377973 7.377973 7.377973 7.377973 7.377973 7.377973 7.377973 7.377973 7.377973 7.377973 7.377973 7.377973 7.377973 7.377973 7.377973 7.377973 7.377973 7.377973 7.377973 7.377973 7.377973 7.377973 7.377973 7.377973 7.377973 7.377973 7.377973 7.377973 7.377973 7.377973 7.377973 7.377973 7.377973 
7.377973 7.377973 7.377973 7.377973 7.377973 7.377973 7.377973 7.377973 7.377973 7.377973 7.377973 7.377973 7.377973 7.377973 7.377973 7.377973 7.377973 7.377973 7.377973 7.377973 7.377973 7.377973 7.377973 7.377973 7.377973 7.377973 7.377973 7.377973 7.377973 7.377973 7.377973 7.377973 7.377973 7.377973 7.377973 7.377973 7.377973 7.377973 7.377973 7.377973 7.377973 7.377973 7.377973 7.377973 7.377973 7.377973 7.377973 7.377973 7.377973 7.377973 7.377973 7.377973 7.377973 7.377973 7.377973 7.377973 7.377973 7.377973 7.377973 7.377973 7.377973 7.377973 7.377973 7.377973 
7.377973 7.377973 7.377973 7.377973 7.377973 7.377973 7.377973 7.377973 7.377973 7.377973 7.377973 7.377973 7.377973 7.377973 7.377973 7.377973 7.377973 7.377973 7.377973 7.377973 7.377973 7.377973 7.377973 7.377973 7.377973 7.377973 7.377973 7.377973 7.377973 7.377973 7.377973 7.377973 7.377973 7.377973 7.377973 7.377973 7.377973 7.377973 7.377973 7.377973 7.377973 7.377973 7.377973 7.377973 7.377973 7.377973 7.377973 7.377973 7.377973 7.377973 7.377973 7.377973 7.377973 7.377973 7.377973 7.377973 7.377973 7.377973 7.377973 7.377973 7.377973 7.377973 7.377973 7.377973 
7.377973 7.377973 7.377973 7.377973 7.377973 7.377973 7.377973 7.377973 7.377973 7.377973 7.377973 7.377973 7.377973 7.377973 7.377973 7.377973 7.377973 7.377973 7.377973 7.377973 7.377973 7.377973 7.377973 7.377973 7.377973 7.377973 7.377973 7.377973 7.377973 7.377973 7.377973 7.377973 7.377973 7.377973 7.377973 7.377973 7.377973 7.377973 7.377973 7.377973 7.377973 7.377973 7.377973 7.377973 7.377973 7.377973 7.377973 7.377973 7.377973 7.377973 7.377973 7.377973 7.377973 7.377973 7.377973 7.377973 7.377973 7.377973 7.377973 7.377973 7.377973 7.377973 7.377973 7.377973 
7.377973 7.377973 7.377973 7.377973 7.377973 7.377973 7.377973 7.377973 7.377973 7.377973 7.377973 7.377973 7.377973 7.377973 7.377973 7.377973 7.377973 7.377973 7.377973 7.377973 7.377973 7.377973 7.377973 7.377973 7.377973 7.377973 7.377973 7.377973 7.377973 7.377973 7.377973 7.377973 7.377973 7.377973 7.377973 7.377973 7.377973 7.377973 7.377973 7.377973 7.377973 7.377973 7.377973 7.377973 7.377973 7.377973 7.377973 7.377973 7.377973 7.377973 7.377973 7.377973 7.377973 7.377973 7.377973 7.377973 7.377973 7.377973 7.377973 7.377973 7.377973 7.377973 7.377973 7.377973 
7.377973 7.377973 7.377973 7.377973 7.377973 7.377973 7.377973 7.377973 7.377973 7.377973 7.377973 7.377973 7.377973 7.377973 7.377973 7.377973 7.377973 7.377973 7.377973 7.377973 7.377973 7.377973 7.377973 7.377973 7.377973 7.377973 7.377973 7.377973 7.377973 7.377973 7.377973 7.377973 7.377973 7.377973 7.377973 7.377973 7.377973 7.377973 7.377973 7.377973 7.377973 7.377973 7.377973 7.377973 7.377973 7.377973 7.377973 7.377973 7.377973 7.377973 7.377973 7.377973 7.377973 7.377973 7.377973 7.377973 7.377973 7.377973 7.377973 7.377973 7.377973 7.377973 7.377973 7.377973 
7.377973 7.377973 7.377973 7.377973 7.377973 7.377973 7.377973 7.377973 7.377973 7.377973 7.377973 7.377973 7.377973 7.377973 7.377973 7.377973 7.377973 7.377973 7.377973 7.377973 7.377973 7.377973 7.377973 7.377973 7.377973 7.377973 7.377973 7.377973 7.377973 7.377973 7.377973 7.377973 7.377973 7.377973 7.377973 7.377973 7.377973 7.377973 7.377973 7.377973 7.377973 7.377973 7.377973 7.377973 7.377973 7.377973 7.377973 7.377973 7.377973 7.377973 7.377973 7.377973 7.377973 7.377973 7.377973 7.377973 7.377973 7.377973 7.377973 7.377973 7.377973 7.377973 7.377973 7.377973 
7.377973 7.377973 7.377973 7.377973 7.377973 7.377973 7.377973 7.377973 7.377973 7.377973 7.377973 7.377973 7.377973 7.377973 7.377973 7.377973 7.377973 7.377973 7.377973 7.377973 7.377973 7.377973 7.377973 7.377973 7.377973 7.377973 7.377973 7.377973 7.377973 7.377973 7.377973 7.377973 7.377973 7.377973 7.377973 7.377973 7.377973 7.377973 7.377973 7.377973 7.377973 7.377973 7.377973 7.377973 7.377973 7.377973 7.377973 7.377973 7.377973 7.377973 7.377973 7.377973 7.377973 7.377973 7.377973 7.377973 7.377973 7.377973 7.377973 7.377973 7.377973 7.377973 7.377973 7.377973 
7.377973 7.377973 7.377973 7.377973 7.377973 7.377973 7.377973 7.377973 7.377973 7.377973 7.377973 7.377973 7.377973 7.377973 7.377973 7.377973 7.377973 7.377973 7.377973 7.377973 7.377973 7.377973 7.377973 7.377973 7.377973 7.377973 7.377973 7.377973 7.377973 7.377973 7.377973 7.377973 7.377973 7.377973 7.377973 7.377973 7.377973 7.377973 7.377973 7.377973 7.377973 7.377973 7.377973 7.377973 7.377973 7.377973 7.377973 7.377973 7.377973 7.377973 7.377973 7.377973 7.377973 7.377973 7.377973 7.377973 7.377973 7.377973 7.377973 7.377973 7.377973 7.377973 7.377973 7.377973 
7.377973 7.377973 7.377973 7.377973 7.377973 7.377973 7.377973 7.377973 7.377973 7.377973 7.377973 7.377973 7.377973 7.377973 7.377973 7.377973 7.377973 7.377973 7.377973 7.377973 7.377973 7.377973 7.377973 7.377973 7.377973 7.377973 7.377973 7.377973 7.377973 7.377973 7.377973 7.377973 7.377973 7.377973 7.377973 7.377973 7.377973 7.377973 7.377973 7.377973 7.377973 7.377973 7.377973 7.377973 7.377973 7.377973 7.377973 7.377973 7.377973 7.377973 7.377973 7.377973 7.377973 7.377973 7.377973 7.377973 7.377973 7.377973 7.377973 7.377973 7.377973 7.377973 7.377973 7.377973 
7.377973 7.377973 7.377973 7.377973 7.377973 7.377973 7.377973 7.377973 7.377973 7.377973 7.377973 7.377973 7.377973 7.377973 7.377973 7.377973 7.377973 7.377973 7.377973 7.377973 7.377973 7.377973 7.377973 7.377973 7.377973 7.377973 7.377973 7.377973 7.377973 7.377973 7.377973 7.377973 7.377973 7.377973 7.377973 7.377973 7.377973 7.377973 7.377973 7.377973 7.377973 7.377973 7.377973 7.377973 7.377973 7.377973 7.377973 7.377973 7.377973 7.377973 7.377973 7.377973 7.377973 7.377973 7.377973 7.377973 7.377973 7.377973 7.377973 7.377973 7.377973 7.377973 7.377973 7.377973 
7.377973 7.377973 7.377973 7.377973 7.377973 7.377973 7.377973 7.377973 7.377973 7.377973 7.377973 7.377973 7.377973 7.377973 7.377973 7.377973 7.377973 7.377973 7.377973 7.377973 7.377973 7.377973 7.377973 7.377973 7.377973 7.377973 7.377973 7.377973 7.377973 7.377973 7.377973 7.377973 7.377973 7.377973 7.377973 7.377973 7.377973 7.377973 7.377973 7.377973 7.377973 7.377973 7.377973 7.377973 7.377973 7.377973 7.377973 7.377973 7.377973 7.377973 7.377973 7.377973 7.377973 7.377973 7.377973 7.377973 7.377973 7.377973 7.377973 7.377973 7.377973 7.377973 7.377973 7.377973 
7.377973 7.377973 7.377973 7.377973 7.377973 7.377973 7.377973 7.377973 7.377973 7.377973 7.377973 7.377973 7.377973 7.377973 7.377973 7.377973 7.377973 7.377973 7.377973 7.377973 7.377973 7.377973 7.377973 7.377973 7.377973 7.377973 7.377973 7.377973 7.377973 7.377973 7.377973 7.377973 7.377973 7.377973 7.377973 7.377973 7.377973 7.377973 7.377973 7.377973 7.377973 7.377973 7.377973 7.377973 7.377973 7.377973 7.377973 7.377973 7.377973 7.377973 7.377973 7.377973 7.377973 7.377973 7.377973 7.377973 7.377973 7.377973 7.377973 7.377973 7.377973 7.377973 7.377973 7.377973 
7.377973 7.377973 7.377973 7.377973 7.377973 7.377973 7.377973 7.377973 7.377973 7.377973 7.377973 7.377973 7.377973 7.377973 7.377973 7.377973 7.377973 7.377973 7.377973 7.377973 7.377973 7.377973 7.377973 7.377973 7.377973 7.377973 7.377973 7.377973 7.377973 7.377973 7.377973 7.377973 7.377973 7.377973 7.377973 7.377973 7.377973 7.377973 7.377973 7.377973 7.377973 7.377973 7.377973 7.377973 7.377973 7.377973 7.377973 7.377973 7.377973 7.377973 7.377973 7.377973 7.377973 7.377973 7.377973 7.377973 7.377973 7.377973 7.377973 7.377973 7.377973 7.377973 7.377973 7.377973 
7.377973 7.377973 7.377973 7.377973 7.377973 7.377973 7.377973 7.377973 7.377973 7.377973 7.377973 7.377973 7.377973 7.377973 7.377973 7.377973 7.377973 7.377973 7.377973 7.377973 7.377973 7.377973 7.377973 7.377973 7.377973 7.377973 7.377973 7.377973 7.377973 7.377973 7.377973 7.377973 7.377973 7.377973 7.377973 7.377973 7.377973 7.377973 7.377973 7.377973 7.377973 7.377973 7.377973 7.377973 7.377973 7.377973 7.377973 7.377973 7.377973 7.377973 7.377973 7.377973 7.377973 7.377973 7.377973 7.377973 7.377973 7.377973 7.377973 7.377973 7.377973 7.377973 7.377973 7.377973 
7.377973 7.377973 7.377973 7.377973 7.377973 7.377973 7.377973 7.377973 7.377973 7.377973 7.377973 7.377973 7.377973 7.377973 7.377973 7.377973 7.377973 7.377973 7.377973 7.377973 7.377973 7.377973 7.377973 7.377973 7.377973 7.377973 7.377973 7.377973 7.377973 7.377973 7.377973 7.377973 7.377973 7.377973 7.377973 7.377973 7.377973 7.377973 7.377973 7.377973 7.377973 7.377973 7.377973 7.377973 7.377973 7.377973 7.377973 7.377973 7.377973 7.377973 7.377973 7.377973 7.377973 7.377973 7.377973 7.377973 7.377973 7.377973 7.377973 7.377973 7.377973 7.377973 7.377973 7.377973 
7.377973 7.377973 7.377973 7.377973 7.377973 7.377973 7.377973 7.377973 7.377973 7.377973 7.377973 7.377973 7.377973 7.377973 7.377973 7.377973 7.377973 7.377973 7.377973 7.377973 7.377973 7.377973 7.377973 7.377973 7.377973 7.377973 7.377973 7.377973 7.377973 7.377973 7.377973 7.377973 7.377973 7.377973 7.377973 7.377973 7.377973 7.377973 7.377973 7.377973 7.377973 7.377973 7.377973 7.377973 7.377973 7.377973 7.377973 7.377973 7.377973 7.377973 7.377973 7.377973 7.377973 7.377973 7.377973 7.377973 7.377973 7.377973 7.377973 7.377973 7.377973 7.377973 7.377973 7.377973 
7.377973 7.377973 7.377973 7.377973 7.377973 7.377973 7.377973 7.377973 7.377973 7.377973 7.377973 7.377973 7.377973 7.377973 7.377973 7.377973 7.377973 7.377973 7.377973 7.377973 7.377973 7.377973 7.377973 7.377973 7.377973 7.377973 7.377973 7.377973 7.377973 7.377973 7.377973 7.377973 7.377973 7.377973 7.377973 7.377973 7.377973 7.377973 7.377973 7.377973 7.377973 7.377973 7.377973 7.377973 7.377973 7.377973 7.377973 7.377973 7.377973 7.377973 7.377973 7.377973 7.377973 7.377973 7.377973 7.377973 7.377973 7.377973 7.377973 7.377973 7.377973 7.377973 7.377973 7.377973 
7.377973 7.377973 7.377973 7.377973 7.377973 7.377973 7.377973 7.377973 7.377973 7.377973 7.377973 7.377973 7.377973 7.377973 7.377973 7.377973 7.377973 7.377973 7.377973 7.377973 7.377973 7.377973 7.377973 7.377973 7.377973 7.377973 7.377973 7.377973 7.377973 7.377973 7.377973 7.377973 7.377973 7.377973 7.377973 7.377973 7.377973 7.377973 7.377973 7.377973 7.377973 7.377973 7.377973 7.377973 7.377973 7.377973 7.377973 7.377973 7.377973 7.377973 7.377973 7.377973 7.377973 7.377973 7.377973 7.377973 7.377973 7.377973 7.377973 7.377973 7.377973 7.377973 7.377973 7.377973 
7.377973 7.377973 7.377973 7.377973 7.377973 7.377973 7.377973 7.377973 7.377973 7.377973 7.377973 7.377973 7.377973 7.377973 7.377973 7.377973 7.377973 7.377973 7.377973 7.377973 7.377973 7.377973 7.377973 7.377973 7.377973 7.377973 7.377973 7.377973 7.377973 7.377973 7.377973 7.377973 7.377973 7.377973 7.377973 7.377973 7.377973 7.377973 7.377973 7.377973 7.377973 7.377973 7.377973 7.377973 7.377973 7.377973 7.377973 7.377973 7.377973 7.377973 7.377973 7.377973 7.377973 7.377973 7.377973 7.377973 7.377973 7.377973 7.377973 7.377973 7.377973 7.377973 7.377973 7.377973 
7.377973 7.377973 7.377973 7.377973 7.377973 7.377973 7.377973 7.377973 7.377973 7.377973 7.377973 7.377973 7.377973 7.377973 7.377973 7.377973 7.377973 7.377973 7.377973 7.377973 7.377973 7.377973 7.377973 7.377973 7.377973 7.377973 7.377973 7.377973 7.377973 7.377973 7.377973 7.377973 7.377973 7.377973 7.377973 7.377973 7.377973 7.377973 7.377973 7.377973 7.377973 7.377973 7.377973 7.377973 7.377973 7.377973 7.377973 7.377973 7.377973 7.377973 7.377973 7.377973 7.377973 7.377973 7.377973 7.377973 7.377973 7.377973 7.377973 7.377973 7.377973 7.377973 7.377973 7.377973 
7.377973 7.377973 7.377973 7.377973 7.377973 7.377973 7.377973 7.377973 7.377973 7.377973 7.377973 7.377973 7.377973 7.377973 7.377973 7.377973 7.377973 7.377973 7.377973 7.377973 7.377973 7.377973 7.377973 7.377973 7.377973 7.377973 7.377973 7.377973 7.377973 7.377973 7.377973 7.377973 7.377973 7.377973 7.377973 7.377973 7.377973 7.377973 7.377973 7.377973 7.377973 7.377973 7.377973 7.377973 7.377973 7.377973 7.377973 7.377973 7.377973 7.377973 7.377973 7.377973 7.377973 7.377973 7.377973 7.377973 7.377973 7.377973 7.377973 7.377973 7.377973 7.377973 7.377973 7.377973 
7.377973 7.377973 7.377973 7.377973 7.377973 7.377973 7.377973 7.377973 7.377973 7.377973 7.377973 7.377973 7.377973 7.377973 7.377973 7.377973 7.377973 7.377973 7.377973 7.377973 7.377973 7.377973 7.377973 7.377973 7.377973 7.377973 7.377973 7.377973 7.377973 7.377973 7.377973 7.377973 7.377973 7.377973 7.377973 7.377973 7.377973 7.377973 7.377973 7.377973 7.377973 7.377973 7.377973 7.377973 7.377973 7.377973 7.377973 7.377973 7.377973 7.377973 7.377973 7.377973 7.377973 7.377973 7.377973 7.377973 7.377973 7.377973 7.377973 7.377973 7.377973 7.377973 7.377973 7.377973 
7.377973 7.377973 7.377973 7.377973 7.377973 7.377973 7.377973 7.377973 7.377973 7.377973 7.377973 7.377973 7.377973 7.377973 7.377973 7.377973 7.377973 7.377973 7.377973 7.377973 7.377973 7.377973 7.377973 7.377973 7.377973 7.377973 7.377973 7.377973 7.377973 7.377973 7.377973 7.377973 7.377973 7.377973 7.377973 7.377973 7.377973 7.377973 7.377973 7.377973 7.377973 7.377973 7.377973 7.377973 7.377973 7.377973 7.377973 7.377973 7.377973 7.377973 7.377973 7.377973 7.377973 7.377973 7.377973 7.377973 7.377973 7.377973 7.377973 7.377973 7.377973 7.377973 7.377973 7.377973 
7.377973 7.377973 7.377973 7.377973 7.377973 7.377973 7.377973 7.377973 7.377973 7.377973 7.377973 7.377973 7.377973 7.377973 7.377973 7.377973 7.377973 7.377973 7.377973 7.377973 7.377973 7.377973 7.377973 7.377973 7.377973 7.377973 7.377973 7.377973 7.377973 7.377973 7.377973 7.377973 7.377973 7.377973 7.377973 7.377973 7.377973 7.377973 7.377973 7.377973 7.377973 7.377973 7.377973 7.377973 7.377973 7.377973 7.377973 7.377973 7.377973 7.377973 7.377973 7.377973 7.377973 7.377973 7.377973 7.377973 7.377973 7.377973 7.377973 7.377973 7.377973 7.377973 7.377973 7.377973 
7.377973 7.377973 7.377973 7.377973 7.377973 7.377973 7.377973 7.377973 7.377973 7.377973 7.377973 7.377973 7.377973 7.377973 7.377973 7.377973 7.377973 7.377973 7.377973 7.377973 7.377973 7.377973 7.377973 7.377973 7.377973 7.377973 7.377973 7.377973 7.377973 7.377973 7.377973 7.377973 7.377973 7.377973 7.377973 7.377973 7.377973 7.377973 7.377973 7.377973 7.377973 7.377973 7.377973 7.377973 7.377973 7.377973 7.377973 7.377973 7.377973 7.377973 7.377973 7.377973 7.377973 7.377973 7.377973 7.377973 7.377973 7.377973 7.377973 7.377973 7.377973 7.377973 7.377973 7.377973 
7.377973 7.377973 7.377973 7.377973 7.377973 7.377973 7.377973 7.377973 7.377973 7.377973 7.377973 7.377973 7.377973 7.377973 7.377973 7.377973 7.377973 7.377973 7.377973 7.377973 7.377973 7.377973 7.377973 7.377973 7.377973 7.377973 7.377973 7.377973 7.377973 7.377973 7.377973 7.377973 7.377973 7.377973 7.377973 7.377973 7.377973 7.377973 7.377973 7.377973 7.377973 7.377973 7.377973 7.377973 7.377973 7.377973 7.377973 7.377973 7.377973 7.377973 7.377973 7.377973 7.377973 7.377973 7.377973 7.377973 7.377973 7.377973 7.377973 7.377973 7.377973 7.377973 7.377973 7.377973 
7.377973 7.377973 7.377973 7.377973 7.377973 7.377973 7.377973 7.377973 7.377973 7.377973 7.377973 7.377973 7.377973 7.377973 7.377973 7.377973 7.377973 7.377973 7.377973 7.377973 7.377973 7.377973 7.377973 7.377973 7.377973 7.377973 7.377973 7.377973 7.377973 7.377973 7.377973 7.377973 7.377973 7.377973 7.377973 7.377973 7.377973 7.377973 7.377973 7.377973 7.377973 7.377973 7.377973 7.377973 7.377973 7.377973 7.377973 7.377973 7.377973 7.377973 7.377973 7.377973 7.377973 7.377973 7.377973 7.377973 7.377973 7.377973 7.377973 7.377973 7.377973 7.377973 7.377973 7.377973 
7.377973 7.377973 7.377973 7.377973 7.377973 7.377973 7.377973 7.377973 7.377973 7.377973 7.377973 7.377973 7.377973 7.377973 7.377973 7.377973 7.377973 7.377973 7.377973 7.377973 7.377973 7.377973 7.377973 7.377973 7.377973 7.377973 7.377973 7.377973 7.377973 7.377973 7.377973 7.377973 7.377973 7.377973 7.377973 7.377973 7.377973 7.377973 7.377973 7.377973 7.377973 7.377973 7.377973 7.377973 7.377973 7.377973 7.377973 7.377973 7.377973 7.377973 7.377973 7.377973 7.377973 7.377973 7.377973 7.377973 7.377973 7.377973 7.377973 7.377973 7.377973 7.377973 7.377973 7.377973 
7.377973 7.377973 7.377973 7.377973 7.377973 7.377973 7.377973 7.377973 7.377973 7.377973 7.377973 7.377973 7.377973 7.377973 7.377973 7.377973 7.377973 7.377973 7.377973 7.377973 7.377973 7.377973 7.377973 7.377973 7.377973 7.377973 7.377973 7.377973 7.377973 7.377973 7.377973 7.377973 7.377973 7.377973 7.377973 7.377973 7.377973 7.377973 7.377973 7.377973 7.377973 7.377973 7.377973 7.377973 7.377973 7.377973 7.377973 7.377973 7.377973 7.377973 7.377973 7.377973 7.377973 7.377973 7.377973 7.377973 7.377973 7.377973 7.377973 7.377973 7.377973 7.377973 7.377973 7.377973 
7.377973 7.377973 7.377973 7.377973 7.377973 7.377973 7.377973 7.377973 7.377973 7.377973 7.377973 7.377973 7.377973 7.377973 7.377973 7.377973 7.377973 7.377973 7.377973 7.377973 7.377973 7.377973 7.377973 7.377973 7.377973 7.377973 7.377973 7.377973 7.377973 7.377973 7.377973 7.377973 7.377973 7.377973 7.377973 7.377973 7.377973 7.377973 7.377973 7.377973 7.377973 7.377973 7.377973 7.377973 7.377973 7.377973 7.377973 7.377973 7.377973 7.377973 7.377973 7.377973 7.377973 7.377973 7.377973 7.377973 7.377973 7.377973 7.377973 7.377973 7.377973 7.377973 7.377973 7.377973 
7.377973 7.377973 7.377973 7.377973 7.377973 7.377973 7.377973 7.377973 7.377973 7.377973 7.377973 7.377973 7.377973 7.377973 7.377973 7.377973 7.377973 7.377973 7.377973 7.377973 7.377973 7.377973 7.377973 7.377973 7.377973 7.377973 7.377973 7.377973 7.377973 7.377973 7.377973 7.377973 7.377973 7.377973 7.377973 7.377973 7.377973 7.377973 7.377973 7.377973 7.377973 7.377973 7.377973 7.377973 7.377973 7.377973 7.377973 7.377973 7.377973 7.377973 7.377973 7.377973 7.377973 7.377973 7.377973 7.377973 7.377973 7.377973 7.377973 7.377973 7.377973 7.377973 7.377973 7.377973 
7.377973 7.377973 7.377973 7.377973 7.377973 7.377973 7.377973 7.377973 7.377973 7.377973 7.377973 7.377973 7.377973 7.377973 7.377973 7.377973 7.377973 7.377973 7.377973 7.377973 7.377973 7.377973 7.377973 7.377973 7.377973 7.377973 7.377973 7.377973 7.377973 7.377973 7.377973 7.377973 7.377973 7.377973 7.377973 7.377973 7.377973 7.377973 7.377973 7.377973 7.377973 7.377973 7.377973 7.377973 7.377973 7.377973 7.377973 7.377973 7.377973 7.377973 7.377973 7.377973 7.377973 7.377973 7.377973 7.377973 7.377973 7.377973 7.377973 7.377973 7.377973 7.377973 7.377973 7.377973 
7.377973 7.377973 7.377973 7.377973 7.377973 7.377973 7.377973 7.377973 7.377973 7.377973 7.377973 7.377973 7.377973 7.377973 7.377973 7.377973 7.377973 7.377973 7.377973 7.377973 7.377973 7.377973 7.377973 7.377973 7.377973 7.377973 7.377973 7.377973 7.377973 7.377973 7.377973 7.377973 7.377973 7.377973 7.377973 7.377973 7.377973 7.377973 7.377973 7.377973 7.377973 7.377973 7.377973 7.377973 7.377973 7.377973 7.377973 7.377973 7.377973 7.377973 7.377973 7.377973 7.377973 7.377973 7.377973 7.377973 7.377973 7.377973 7.377973 7.377973 7.377973 7.377973 7.377973 7.377973 
7.377973 7.377973 7.377973 7.377973 7.377973 7.377973 7.377973 7.377973 7.377973 7.377973 7.377973 7.377973 7.377973 7.377973 7.377973 7.377973 7.377973 7.377973 7.377973 7.377973 7.377973 7.377973 7.377973 7.377973 7.377973 7.377973 7.377973 7.377973 7.377973 7.377973 7.377973 7.377973 7.377973 7.377973 7.377973 7.377973 7.377973 7.377973 7.377973 7.377973 7.377973 7.377973 7.377973 7.377973 7.377973 7.377973 7.377973 7.377973 7.377973 7.377973 7.377973 7.377973 7.377973 7.377973 7.377973 7.377973 7.377973 7.377973 7.377973 7.377973 7.377973 7.377973 7.377973 7.377973 
7.377973 7.377973 7.377973 7.377973 7.377973 7.377973 7.377973 7.377973 7.377973 7.377973 7.377973 7.377973 7.377973 7.377973 7.377973 7.377973 7.377973 7.377973 7.377973 7.377973 7.377973 7.377973 7.377973 7.377973 7.377973 7.377973 7.377973 7.377973 7.377973 7.377973 7.377973 7.377973 7.377973 7.377973 7.377973 7.377973 7.377973 7.377973 7.377973 7.377973 7.377973 7.377973 7.377973 7.377973 7.377973 7.377973 7.377973 7.377973 7.377973 7.377973 7.377973 7.377973 7.377973 7.377973 7.377973 7.377973 7.377973 7.377973 7.377973 7.377973 7.377973 7.377973 7.377973 7.377973 
7.377973 7.377973 7.377973 7.377973 7.377973 7.377973 7.377973 7.377973 7.377973 7.377973 7.377973 7.377973 7.377973 7.377973 7.377973 7.377973 7.377973 7.377973 7.377973 7.377973 7.377973 7.377973 7.377973 7.377973 7.377973 7.377973 7.377973 7.377973 7.377973 7.377973 7.377973 7.377973 7.377973 7.377973 7.377973 7.377973 7.377973 7.377973 7.377973 7.377973 7.377973 7.377973 7.377973 7.377973 7.377973 7.377973 7.377973 7.377973 7.377973 7.377973 7.377973 7.377973 7.377973 7.377973 7.377973 7.377973 7.377973 7.377973 7.377973 7.377973 7.377973 7.377973 7.377973 7.377973 
7.377973 7.377973 7.377973 7.377973 7.377973 7.377973 7.377973 7.377973 7.377973 7.377973 7.377973 7.377973 7.377973 7.377973 7.377973 7.377973 7.377973 7.377973 7.377973 7.377973 7.377973 7.377973 7.377973 7.377973 7.377973 7.377973 7.377973 7.377973 7.377973 7.377973 7.377973 7.377973 7.377973 7.377973 7.377973 7.377973 7.377973 7.377973 7.377973 7.377973 7.377973 7.377973 7.377973 7.377973 7.377973 7.377973 7.377973 7.377973 7.377973 7.377973 7.377973 7.377973 7.377973 7.377973 7.377973 7.377973 7.377973 7.377973 7.377973 7.377973 7.377973 7.377973 7.377973 7.377973 
7.377973 7.377973 7.377973 7.377973 7.377973 7.377973 7.377973 7.377973 7.377973 7.377973 7.377973 7.377973 7.377973 7.377973 7.377973 7.377973 7.377973 7.377973 7.377973 7.377973 7.377973 7.377973 7.377973 7.377973 7.377973 7.377973 7.377973 7.377973 7.377973 7.377973 7.377973 7.377973 7.377973 7.377973 7.377973 7.377973 7.377973 7.377973 7.377973 7.377973 7.377973 7.377973 7.377973 7.377973 7.377973 7.377973 7.377973 7.377973 7.377973 7.377973 7.377973 7.377973 7.377973 7.377973 7.377973 7.377973 7.377973 7.377973 7.377973 7.377973 7.377973 7.377973 7.377973 7.377973 
7.377973 7.377973 7.377973 7.377973 7.377973 7.377973 7.377973 7.377973 7.377973 7.377973 7.377973 7.377973 7.377973 7.377973 7.377973 7.377973 7.377973 7.377973 7.377973 7.377973 7.377973 7.377973 7.377973 7.377973 7.377973 7.377973 7.377973 7.377973 7.377973 7.377973 7.377973 7.377973 7.377973 7.377973 7.377973 7.377973 7.377973 7.377973 7.377973 7.377973 7.377973 7.377973 7.377973 7.377973 7.377973 7.377973 7.377973 7.377973 7.377973 7.377973 7.377973 7.377973 7.377973 7.377973 7.377973 7.377973 7.377973 7.377973 7.377973 7.377973 7.377973 7.377973 7.377973 7.377973 
7.377973 7.377973 7.377973 7.377973 7.377973 7.377973 7.377973 7.377973 7.377973 7.377973 7.377973 7.377973 7.377973 7.377973 7.377973 7.377973 7.377973 7.377973 7.377973 7.377973 7.377973 7.377973 7.377973 7.377973 7.377973 7.377973 7.377973 7.377973 7.377973 7.377973 7.377973 7.377973 7.377973 7.377973 7.377973 7.377973 7.377973 7.377973 7.377973 7.377973 7.377973 7.377973 7.377973 7.377973 7.377973 7.377973 7.377973 7.377973 7.377973 7.377973 7.377973 7.377973 7.377973 7.377973 7.377973 7.377973 7.377973 7.377973 7.377973 7.377973 7.377973 7.377973 7.377973 7.377973 
7.377973 7.377973 7.377973 7.377973 7.377973 7.377973 7.377973 7.377973 7.377973 7.377973 7.377973 7.377973 7.377973 7.377973 7.377973 7.377973 7.377973 7.377973 7.377973 7.377973 7.377973 7.377973 7.377973 7.377973 7.377973 7.377973 7.377973 7.377973 7.377973 7.377973 7.377973 7.377973 7.377973 7.377973 7.377973 7.377973 7.377973 7.377973 7.377973 7.377973 7.377973 7.377973 7.377973 7.377973 7.377973 7.377973 7.377973 7.377973 7.377973 7.377973 7.377973 7.377973 7.377973 7.377973 7.377973 7.377973 7.377973 7.377973 7.377973 7.377973 7.377973 7.377973 7.377973 7.377973 
7.377973 7.377973 7.377973 7.377973 7.377973 7.377973 7.377973 7.377973 7.377973 7.377973 7.377973 7.377973 7.377973 7.377973 7.377973 7.377973 7.377973 7.377973 7.377973 7.377973 7.377973 7.377973 7.377973 7.377973 7.377973 7.377973 7.377973 7.377973 7.377973 7.377973 7.377973 7.377973 7.377973 7.377973 7.377973 7.377973 7.377973 7.377973 7.377973 7.377973 7.377973 7.377973 7.377973 7.377973 7.377973 7.377973 7.377973 7.377973 7.377973 7.377973 7.377973 7.377973 7.377973 7.377973 7.377973 7.377973 7.377973 7.377973 7.377973 7.377973 7.377973 7.377973 7.377973 7.377973 
7.377973 7.377973 7.377973 7.377973 7.377973 7.377973 7.377973 7.377973 7.377973 7.377973 7.377973 7.377973 7.377973 7.377973 7.377973 7.377973 7.377973 7.377973 7.377973 7.377973 7.377973 7.377973 7.377973 7.377973 7.377973 7.377973 7.377973 7.377973 7.377973 7.377973 7.377973 7.377973 7.377973 7.377973 7.377973 7.377973 7.377973 7.377973 7.377973 7.377973 7.377973 7.377973 7.377973 7.377973 7.377973 7.377973 7.377973 7.377973 7.377973 7.377973 7.377973 7.377973 7.377973 7.377973 7.377973 7.377973 7.377973 7.377973 7.377973 7.377973 7.377973 7.377973 7.377973 7.377973 
7.377973 7.377973 7.377973 7.377973 7.377973 7.377973 7.377973 7.377973 7.377973 7.377973 7.377973 7.377973 7.377973 7.377973 7.377973 7.377973 7.377973 7.377973 7.377973 7.377973 7.377973 7.377973 7.377973 7.377973 7.377973 7.377973 7.377973 7.377973 7.377973 7.377973 7.377973 7.377973 7.377973 7.377973 7.377973 7.377973 7.377973 7.377973 7.377973 7.377973 7.377973 7.377973 7.377973 7.377973 7.377973 7.377973 7.377973 7.377973 7.377973 7.377973 7.377973 7.377973 7.377973 7.377973 7.377973 7.377973 7.377973 7.377973 7.377973 7.377973 7.377973 7.377973 7.377973 7.377973 
7.377973 7.377973 7.377973 7.377973 7.377973 7.377973 7.377973 7.377973 7.377973 7.377973 7.377973 7.377973 7.377973 7.377973 7.377973 7.377973 7.377973 7.377973 7.377973 7.377973 7.377973 7.377973 7.377973 7.377973 7.377973 7.377973 7.377973 7.377973 7.377973 7.377973 7.377973 7.377973 7.377973 7.377973 7.377973 7.377973 7.377973 7.377973 7.377973 7.377973 7.377973 7.377973 7.377973 7.377973 7.377973 7.377973 7.377973 7.377973 7.377973 7.377973 7.377973 7.377973 7.377973 7.377973 7.377973 7.377973 7.377973 7.377973 7.377973 7.377973 7.377973 7.377973 7.377973 7.377973 
7.377973 7.377973 7.377973 7.377973 7.377973 7.377973 7.377973 7.377973 7.377973 7.377973 7.377973 7.377973 7.377973 7.377973 7.377973 7.377973 7.377973 7.377973 7.377973 7.377973 7.377973 7.377973 7.377973 7.377973 7.377973 7.377973 7.377973 7.377973 7.377973 7.377973 7.377973 7.377973 7.377973 7.377973 7.377973 7.377973 7.377973 7.377973 7.377973 7.377973 7.377973 7.377973 7.377973 7.377973 7.377973 7.377973 7.377973 7.377973 7.377973 7.377973 7.377973 7.377973 7.377973 7.377973 7.377973 7.377973 7.377973 7.377973 7.377973 7.377973 7.377973 7.377973 7.377973 7.377973 
7.377973 7.377973 7.377973 7.377973 7.377973 7.377973 7.377973 7.377973 7.377973 7.377973 7.377973 7.377973 7.377973 7.377973 7.377973 7.377973 7.377973 7.377973 7.377973 7.377973 7.377973 7.377973 7.377973 7.377973 7.377973 7.377973 7.377973 7.377973 7.377973 7.377973 7.377973 7.377973 7.377973 7.377973 7.377973 7.377973 7.377973 7.377973 7.377973 7.377973 7.377973 7.377973 7.377973 7.377973 7.377973 7.377973 7.377973 7.377973 7.377973 7.377973 7.377973 7.377973 7.377973 7.377973 7.377973 7.377973 7.377973 7.377973 7.377973 7.377973 7.377973 7.377973 7.377973 7.377973 
7.377973 7.377973 7.377973 7.377973 7.377973 7.377973 7.377973 7.377973 7.377973 7.377973 7.377973 7.377973 7.377973 7.377973 7.377973 7.377973 7.377973 7.377973 7.377973 7.377973 7.377973 7.377973 7.377973 7.377973 7.377973 7.377973 7.377973 7.377973 7.377973 7.377973 7.377973 7.377973 7.377973 7.377973 7.377973 7.377973 7.377973 7.377973 7.377973 7.377973 7.377973 7.377973 7.377973 7.377973 7.377973 7.377973 7.377973 7.377973 7.377973 7.377973 7.377973 7.377973 7.377973 7.377973 7.377973 7.377973 7.377973 7.377973 7.377973 7.377973 7.377973 7.377973 7.377973 7.377973 
7.377973 7.377973 7.377973 7.377973 7.377973 7.377973 7.377973 7.377973 7.377973 7.377973 7.377973 7.377973 7.377973 7.377973 7.377973 7.377973 7.377973 7.377973 7.377973 7.377973 7.377973 7.377973 7.377973 7.377973 7.377973 7.377973 7.377973 7.377973 7.377973 7.377973 7.377973 7.377973 7.377973 7.377973 7.377973 7.377973 7.377973 7.377973 7.377973 7.377973 7.377973 7.377973 7.377973 7.377973 7.377973 7.377973 7.377973 7.377973 7.377973 7.377973 7.377973 7.377973 7.377973 7.377973 7.377973 7.377973 7.377973 7.377973 7.377973 7.377973 7.377973 7.377973 7.377973 7.377973 
