6.571218 6.571218 6.571218 6.571218 6.571218 6.571218 6.571218 6.571218 6.571218 6.571218 6.571218 6.571218 6.571218 6.571218 6.571218 6.571218 6.571218 6.571218 6.571218 6.571218 6.571218 6.571218 6.571218 6.571218 6.571218 6.571218 6.571218 6.571218 6.571218 6.571218 6.571218 6.571218 6.571218 6.571218 6.571218 6.571218 6.571218 6.571218 6.571218 6.571218 6.571218 6.571218 6.571218 6.571218 6.571218 6.571218 6.571218 6.571218 6.571218 6.571218 6.571218 6.571218 6.571218 6.571218 6.571218 6.571218 6.571218 6.571218 6.571218 6.571218 6.571218 6.571218 6.571218 6.571218 
6.571218 6.571218 6.571218 6.571218 6.571218 6.571218 6.571218 6.571218 6.571218 6.571218 6.571218 6.571218 6.571218 6.571218 6.571218 6.571218 6.571218 6.571218 6.571218 6.571218 6.571218 6.571218 6.571218 6.571218 6.571218 6.571218 6.571218 6.571218 6.571218 6.571218 6.571218 6.571218 6.571218 6.571218 6.571218 6.571218 6.571218 6.571218 6.571218 6.571218 6.571218 6.571218 6.571218 6.571218 6.571218 6.571218 6.571218 6.571218 6.571218 6.571218 6.571218 6.571218 6.571218 6.571218 6.571218 6.571218 6.571218 6.571218 6.571218 6.571218 6.571218 6.571218 6.571218 6.571218 
6.571218 6.571218 6.571218 6.571218 6.571218 6.571218 6.571218 6.571218 6.571218 6.571218 6.571218 6.571218 6.571218 6.571218 6.571218 6.571218 6.571218 6.571218 6.571218 6.571218 6.571218 6.571218 6.571218 6.571218 6.571218 6.571218 6.571218 6.571218 6.571218 6.571218 6.571218 6.571218 6.571218 6.571218 6.571218 6.571218 6.571218 6.571218 6.571218 6.571218 6.571218 6.571218 6.571218 6.571218 6.571218 6.571218 6.571218 6.571218 6.571218 6.571218 6.571218 6.571218 6.571218 6.571218 6.571218 6.571218 6.571218 6.571218 6.571218 6.571218 6.571218 6.571218 6.571218 6.571218 
6.571218 6.571218 6.571218 6.571218 6.571218 6.571218 6.571218 6.571218 6.571218 6.571218 6.571218 6.571218 6.571218 6.571218 6.571218 6.571218 6.571218 6.571218 6.571218 6.571218 6.571218 6.571218 6.571218 6.571218 6.571218 6.571218 6.571218 6.571218 6.571218 6.571218 6.571218 6.571218 6.571218 6.571218 6.571218 6.571218 6.571218 6.571218 6.571218 6.571218 6.571218 6.571218 6.571218 6.571218 6.571218 6.571218 6.571218 6.571218 6.571218 6.571218 6.571218 6.571218 6.571218 6.571218 6.571218 6.571218 6.571218 6.571218 6.571218 6.571218 6.571218 6.571218 6.571218 6.571218 
6.571218 6.571218 6.571218 6.571218 6.571218 6.571218 6.571218 6.571218 6.571218 6.571218 6.571218 6.571218 6.571218 6.571218 6.571218 6.571218 6.571218 6.571218 6.571218 6.571218 6.571218 6.571218 6.571218 6.571218 6.571218 6.571218 6.571218 6.571218 6.571218 6.571218 6.571218 6.571218 6.571218 6.571218 6.571218 6.571218 6.571218 6.571218 6.571218 6.571218 6.571218 6.571218 6.571218 6.571218 6.571218 6.571218 6.571218 6.571218 6.571218 6.571218 6.571218 6.571218 6.571218 6.571218 6.571218 6.571218 6.571218 6.571218 6.571218 6.571218 6.571218 6.571218 6.571218 6.571218 
6.571218 6.571218 6.571218 6.571218 6.571218 6.571218 6.571218 6.571218 6.571218 6.571218 6.571218 6.571218 6.571218 6.571218 6.571218 6.571218 6.571218 6.571218 6.571218 6.571218 6.571218 6.571218 6.571218 6.571218 6.571218 6.571218 6.571218 6.571218 6.571218 6.571218 6.571218 6.571218 6.571218 6.571218 6.571218 6.571218 6.571218 6.571218 6.571218 6.571218 6.571218 6.571218 6.571218 6.571218 6.571218 6.571218 6.571218 6.571218 6.571218 6.571218 6.571218 6.571218 6.571218 6.571218 6.571218 6.571218 6.571218 6.571218 6.571218 6.571218 6.571218 6.571218 6.571218 6.571218 
6.571218 6.571218 6.571218 6.571218 6.571218 6.571218 6.571218 6.571218 6.571218 6.571218 6.571218 6.571218 6.571218 6.571218 6.571218 6.571218 6.571218 6.571218 6.571218 6.571218 6.571218 6.571218 6.571218 6.571218 6.571218 6.571218 6.571218 6.571218 6.571218 6.571218 6.571218 6.571218 6.571218 6.571218 6.571218 6.571218 6.571218 6.571218 6.571218 6.571218 6.571218 6.571218 6.571218 6.571218 6.571218 6.571218 6.571218 6.571218 6.571218 6.571218 6.571218 6.571218 6.571218 6.571218 6.571218 6.571218 6.571218 6.571218 6.571218 6.571218 6.571218 6.571218 6.571218 6.571218 
6.571218 6.571218 6.571218 6.571218 6.571218 6.571218 6.571218 6.571218 6.571218 6.571218 6.571218 6.571218 6.571218 6.571218 6.571218 6.571218 6.571218 6.571218 6.571218 6.571218 6.571218 6.571218 6.571218 6.571218 6.571218 6.571218 6.571218 6.571218 6.571218 6.571218 6.571218 6.571218 6.571218 6.571218 6.571218 6.571218 6.571218 6.571218 6.571218 6.571218 6.571218 6.571218 6.571218 6.571218 6.571218 6.571218 6.571218 6.571218 6.571218 6.571218 6.571218 6.571218 6.571218 6.571218 6.571218 6.571218 6.571218 6.571218 6.571218 6.571218 6.571218 6.571218 6.571218 6.571218 
6.571218 6.571218 6.571218 6.571218 6.571218 6.571218 6.571218 6.571218 6.571218 6.571218 6.571218 6.571218 6.571218 6.571218 6.571218 6.571218 6.571218 6.571218 6.571218 6.571218 6.571218 6.571218 6.571218 6.571218 6.571218 6.571218 6.571218 6.571218 6.571218 6.571218 6.571218 6.571218 6.571218 6.571218 6.571218 6.571218 6.571218 6.571218 6.571218 6.571218 6.571218 6.571218 6.571218 6.571218 6.571218 6.571218 6.571218 6.571218 6.571218 6.571218 6.571218 6.571218 6.571218 6.571218 6.571218 6.571218 6.571218 6.571218 6.571218 6.571218 6.571218 6.571218 6.571218 6.571218 
6.571218 6.571218 6.571218 6.571218 6.571218 6.571218 6.571218 6.571218 6.571218 6.571218 6.571218 6.571218 6.571218 6.571218 6.571218 6.571218 6.571218 6.571218 6.571218 6.571218 6.571218 6.571218 6.571218 6.571218 6.571218 6.571218 6.571218 6.571218 6.571218 6.571218 6.571218 6.571218 6.571218 6.571218 6.571218 6.571218 6.571218 6.571218 6.571218 6.571218 6.571218 6.571218 6.571218 6.571218 6.571218 6.571218 6.571218 6.571218 6.571218 6.571218 6.571218 6.571218 6.571218 6.571218 6.571218 6.571218 6.571218 6.571218 6.571218 6.571218 6.571218 6.571218 6.571218 6.571218 
6.571218 6.571218 6.571218 6.571218 6.571218 6.571218 6.571218 6.571218 6.571218 6.571218 6.571218 6.571218 6.571218 6.571218 6.571218 6.571218 6.571218 6.571218 6.571218 6.571218 6.571218 6.571218 6.571218 6.571218 6.571218 6.571218 6.571218 6.571218 6.571218 6.571218 6.571218 6.571218 6.571218 6.571218 6.571218 6.571218 6.571218 6.571218 6.571218 6.571218 6.571218 6.571218 6.571218 6.571218 6.571218 6.571218 6.571218 6.571218 6.571218 6.571218 6.571218 6.571218 6.571218 6.571218 6.571218 6.571218 6.571218 6.571218 6.571218 6.571218 6.571218 6.571218 6.571218 6.571218 
6.571218 6.571218 6.571218 6.571218 6.571218 6.571218 6.571218 6.571218 6.571218 6.571218 6.571218 6.571218 6.571218 6.571218 6.571218 6.571218 6.571218 6.571218 6.571218 6.571218 6.571218 6.571218 6.571218 6.571218 6.571218 6.571218 6.571218 6.571218 6.571218 6.571218 6.571218 6.571218 6.571218 6.571218 6.571218 6.571218 6.571218 6.571218 6.571218 6.571218 6.571218 6.571218 6.571218 6.571218 6.571218 6.571218 6.571218 6.571218 6.571218 6.571218 6.571218 6.571218 6.571218 6.571218 6.571218 6.571218 6.571218 6.571218 6.571218 6.571218 6.571218 6.571218 6.571218 6.571218 
6.571218 6.571218 6.571218 6.571218 6.571218 6.571218 6.571218 6.571218 6.571218 6.571218 6.571218 6.571218 6.571218 6.571218 6.571218 6.571218 6.571218 6.571218 6.571218 6.571218 6.571218 6.571218 6.571218 6.571218 6.571218 6.571218 6.571218 6.571218 6.571218 6.571218 6.571218 6.571218 6.571218 6.571218 6.571218 6.571218 6.571218 6.571218 6.571218 6.571218 6.571218 6.571218 6.571218 6.571218 6.571218 6.571218 6.571218 6.571218 6.571218 6.571218 6.571218 6.571218 6.571218 6.571218 6.571218 6.571218 6.571218 6.571218 6.571218 6.571218 6.571218 6.571218 6.571218 6.571218 
6.571218 6.571218 6.571218 6.571218 6.571218 6.571218 6.571218 6.571218 6.571218 6.571218 6.571218 6.571218 6.571218 6.571218 6.571218 6.571218 6.571218 6.571218 6.571218 6.571218 6.571218 6.571218 6.571218 6.571218 6.571218 6.571218 6.571218 6.571218 6.571218 6.571218 6.571218 6.571218 6.571218 6.571218 6.571218 6.571218 6.571218 6.571218 6.571218 6.571218 6.571218 6.571218 6.571218 6.571218 6.571218 6.571218 6.571218 6.571218 6.571218 6.571218 6.571218 6.571218 6.571218 6.571218 6.571218 6.571218 6.571218 6.571218 6.571218 6.571218 6.571218 6.571218 6.571218 6.571218 
6.571218 6.571218 6.571218 6.571218 6.571218 6.571218 6.571218 6.571218 6.571218 6.571218 6.571218 6.571218 6.571218 6.571218 6.571218 6.571218 6.571218 6.571218 6.571218 6.571218 6.571218 6.571218 6.571218 6.571218 6.571218 6.571218 6.571218 6.571218 6.571218 6.571218 6.571218 6.571218 6.571218 6.571218 6.571218 6.571218 6.571218 6.571218 6.571218 6.571218 6.571218 6.571218 6.571218 6.571218 6.571218 6.571218 6.571218 6.571218 6.571218 6.571218 6.571218 6.571218 6.571218 6.571218 6.571218 6.571218 6.571218 6.571218 6.571218 6.571218 6.571218 6.571218 6.571218 6.571218 
6.571218 6.571218 6.571218 6.571218 6.571218 6.571218 6.571218 6.571218 6.571218 6.571218 6.571218 6.571218 6.571218 6.571218 6.571218 6.571218 6.571218 6.571218 6.571218 6.571218 6.571218 6.571218 6.571218 6.571218 6.571218 6.571218 6.571218 6.571218 6.571218 6.571218 6.571218 6.571218 6.571218 6.571218 6.571218 6.571218 6.571218 6.571218 6.571218 6.571218 6.571218 6.571218 6.571218 6.571218 6.571218 6.571218 6.571218 6.571218 6.571218 6.571218 6.571218 6.571218 6.571218 6.571218 6.571218 6.571218 6.571218 6.571218 6.571218 6.571218 6.571218 6.571218 6.571218 6.571218 
6.571218 6.571218 6.571218 6.571218 6.571218 6.571218 6.571218 6.571218 6.571218 6.571218 6.571218 6.571218 6.571218 6.571218 6.571218 6.571218 6.571218 6.571218 6.571218 6.571218 6.571218 6.571218 6.571218 6.571218 6.571218 6.571218 6.571218 6.571218 6.571218 6.571218 6.571218 6.571218 6.571218 6.571218 6.571218 6.571218 6.571218 6.571218 6.571218 6.571218 6.571218 6.571218 6.571218 6.571218 6.571218 6.571218 6.571218 6.571218 6.571218 6.571218 6.571218 6.571218 6.571218 6.571218 6.571218 6.571218 6.571218 6.571218 6.571218 6.571218 6.571218 6.571218 6.571218 6.571218 
6.571218 6.571218 6.571218 6.571218 6.571218 6.571218 6.571218 6.571218 6.571218 6.571218 6.571218 6.571218 6.571218 6.571218 6.571218 6.571218 6.571218 6.571218 6.571218 6.571218 6.571218 6.571218 6.571218 6.571218 6.571218 6.571218 6.571218 6.571218 6.571218 6.571218 6.571218 6.571218 6.571218 6.571218 6.571218 6.571218 6.571218 6.571218 6.571218 6.571218 6.571218 6.571218 6.571218 6.571218 6.571218 6.571218 6.571218 6.571218 6.571218 6.571218 6.571218 6.571218 6.571218 6.571218 6.571218 6.571218 6.571218 6.571218 6.571218 6.571218 6.571218 6.571218 6.571218 6.571218 
6.571218 6.571218 6.571218 6.571218 6.571218 6.571218 6.571218 6.571218 6.571218 6.571218 6.571218 6.571218 6.571218 6.571218 6.571218 6.571218 6.571218 6.571218 6.571218 6.571218 6.571218 6.571218 6.571218 6.571218 6.571218 6.571218 6.571218 6.571218 6.571218 6.571218 6.571218 6.571218 6.571218 6.571218 6.571218 6.571218 6.571218 6.571218 6.571218 6.571218 6.571218 6.571218 6.571218 6.571218 6.571218 6.571218 6.571218 6.571218 6.571218 6.571218 6.571218 6.571218 6.571218 6.571218 6.571218 6.571218 6.571218 6.571218 6.571218 6.571218 6.571218 6.571218 6.571218 6.571218 
6.571218 6.571218 6.571218 6.571218 6.571218 6.571218 6.571218 6.571218 6.571218 6.571218 6.571218 6.571218 6.571218 6.571218 6.571218 6.571218 6.571218 6.571218 6.571218 6.571218 6.571218 6.571218 6.571218 6.571218 6.571218 6.571218 6.571218 6.571218 6.571218 6.571218 6.571218 6.571218 6.571218 6.571218 6.571218 6.571218 6.571218 6.571218 6.571218 6.571218 6.571218 6.571218 6.571218 6.571218 6.571218 6.571218 6.571218 6.571218 6.571218 6.571218 6.571218 6.571218 6.571218 6.571218 6.571218 6.571218 6.571218 6.571218 6.571218 6.571218 6.571218 6.571218 6.571218 6.571218 
6.571218 6.571218 6.571218 6.571218 6.571218 6.571218 6.571218 6.571218 6.571218 6.571218 6.571218 6.571218 6.571218 6.571218 6.571218 6.571218 6.571218 6.571218 6.571218 6.571218 6.571218 6.571218 6.571218 6.571218 6.571218 6.571218 6.571218 6.571218 6.571218 6.571218 6.571218 6.571218 6.571218 6.571218 6.571218 6.571218 6.571218 6.571218 6.571218 6.571218 6.571218 6.571218 6.571218 6.571218 6.571218 6.571218 6.571218 6.571218 6.571218 6.571218 6.571218 6.571218 6.571218 6.571218 6.571218 6.571218 6.571218 6.571218 6.571218 6.571218 6.571218 6.571218 6.571218 6.571218 
6.571218 6.571218 6.571218 6.571218 6.571218 6.571218 6.571218 6.571218 6.571218 6.571218 6.571218 6.571218 6.571218 6.571218 6.571218 6.571218 6.571218 6.571218 6.571218 6.571218 6.571218 6.571218 6.571218 6.571218 6.571218 6.571218 6.571218 6.571218 6.571218 6.571218 6.571218 6.571218 6.571218 6.571218 6.571218 6.571218 6.571218 6.571218 6.571218 6.571218 6.571218 6.571218 6.571218 6.571218 6.571218 6.571218 6.571218 6.571218 6.571218 6.571218 6.571218 6.571218 6.571218 6.571218 6.571218 6.571218 6.571218 6.571218 6.571218 6.571218 6.571218 6.571218 6.571218 6.571218 
6.571218 6.571218 6.571218 6.571218 6.571218 6.571218 6.571218 6.571218 6.571218 6.571218 6.571218 6.571218 6.571218 6.571218 6.571218 6.571218 6.571218 6.571218 6.571218 6.571218 6.571218 6.571218 6.571218 6.571218 6.571218 6.571218 6.571218 6.571218 6.571218 6.571218 6.571218 6.571218 6.571218 6.571218 6.571218 6.571218 6.571218 6.571218 6.571218 6.571218 6.571218 6.571218 6.571218 6.571218 6.571218 6.571218 6.571218 6.571218 6.571218 6.571218 6.571218 6.571218 6.571218 6.571218 6.571218 6.571218 6.571218 6.571218 6.571218 6.571218 6.571218 6.571218 6.571218 6.571218 
6.571218 6.571218 6.571218 6.571218 6.571218 6.571218 6.571218 6.571218 6.571218 6.571218 6.571218 6.571218 6.571218 6.571218 6.571218 6.571218 6.571218 6.571218 6.571218 6.571218 6.571218 6.571218 6.571218 6.571218 6.571218 6.571218 6.571218 6.571218 6.571218 6.571218 6.571218 6.571218 6.571218 6.571218 6.571218 6.571218 6.571218 6.571218 6.571218 6.571218 6.571218 6.571218 6.571218 6.571218 6.571218 6.571218 6.571218 6.571218 6.571218 6.571218 6.571218 6.571218 6.571218 6.571218 6.571218 6.571218 6.571218 6.571218 6.571218 6.571218 6.571218 6.571218 6.571218 6.571218 
6.571218 6.571218 6.571218 6.571218 6.571218 6.571218 6.571218 6.571218 6.571218 6.571218 6.571218 6.571218 6.571218 6.571218 6.571218 6.571218 6.571218 6.571218 6.571218 6.571218 6.571218 6.571218 6.571218 6.571218 6.571218 6.571218 6.571218 6.571218 6.571218 6.571218 6.571218 6.571218 6.571218 6.571218 6.571218 6.571218 6.571218 6.571218 6.571218 6.571218 6.571218 6.571218 6.571218 6.571218 6.571218 6.571218 6.571218 6.571218 6.571218 6.571218 6.571218 6.571218 6.571218 6.571218 6.571218 6.571218 6.571218 6.571218 6.571218 6.571218 6.571218 6.571218 6.571218 6.571218 
6.571218 6.571218 6.571218 6.571218 6.571218 6.571218 6.571218 6.571218 6.571218 6.571218 6.571218 6.571218 6.571218 6.571218 6.571218 6.571218 6.571218 6.571218 6.571218 6.571218 6.571218 6.571218 6.571218 6.571218 6.571218 6.571218 6.571218 6.571218 6.571218 6.571218 6.571218 6.571218 6.571218 6.571218 6.571218 6.571218 6.571218 6.571218 6.571218 6.571218 6.571218 6.571218 6.571218 6.571218 6.571218 6.571218 6.571218 6.571218 6.571218 6.571218 6.571218 6.571218 6.571218 6.571218 6.571218 6.571218 6.571218 6.571218 6.571218 6.571218 6.571218 6.571218 6.571218 6.571218 
6.571218 6.571218 6.571218 6.571218 6.571218 6.571218 6.571218 6.571218 6.571218 6.571218 6.571218 6.571218 6.571218 6.571218 6.571218 6.571218 6.571218 6.571218 6.571218 6.571218 6.571218 6.571218 6.571218 6.571218 6.571218 6.571218 6.571218 6.571218 6.571218 6.571218 6.571218 6.571218 6.571218 6.571218 6.571218 6.571218 6.571218 6.571218 6.571218 6.571218 6.571218 6.571218 6.571218 6.571218 6.571218 6.571218 6.571218 6.571218 6.571218 6.571218 6.571218 6.571218 6.571218 6.571218 6.571218 6.571218 6.571218 6.571218 6.571218 6.571218 6.571218 6.571218 6.571218 6.571218 
6.571218 6.571218 6.571218 6.571218 6.571218 6.571218 6.571218 6.571218 6.571218 6.571218 6.571218 6.571218 6.571218 6.571218 6.571218 6.571218 6.571218 6.571218 6.571218 6.571218 6.571218 6.571218 6.571218 6.571218 6.571218 6.571218 6.571218 6.571218 6.571218 6.571218 6.571218 6.571218 6.571218 6.571218 6.571218 6.571218 6.571218 6.571218 6.571218 6.571218 6.571218 6.571218 6.571218 6.571218 6.571218 6.571218 6.571218 6.571218 6.571218 6.571218 6.571218 6.571218 6.571218 6.571218 6.571218 6.571218 6.571218 6.571218 6.571218 6.571218 6.571218 6.571218 6.571218 6.571218 
6.571218 6.571218 6.571218 6.571218 6.571218 6.571218 6.571218 6.571218 6.571218 6.571218 6.571218 6.571218 6.571218 6.571218 6.571218 6.571218 6.571218 6.571218 6.571218 6.571218 6.571218 6.571218 6.571218 6.571218 6.571218 6.571218 6.571218 6.571218 6.571218 6.571218 6.571218 6.571218 6.571218 6.571218 6.571218 6.571218 6.571218 6.571218 6.571218 6.571218 6.571218 6.571218 6.571218 6.571218 6.571218 6.571218 6.571218 6.571218 6.571218 6.571218 6.571218 6.571218 6.571218 6.571218 6.571218 6.571218 6.571218 6.571218 6.571218 6.571218 6.571218 6.571218 6.571218 6.571218 
6.571218 6.571218 6.571218 6.571218 6.571218 6.571218 6.571218 6.571218 6.571218 6.571218 6.571218 6.571218 6.571218 6.571218 6.571218 6.571218 6.571218 6.571218 6.571218 6.571218 6.571218 6.571218 6.571218 6.571218 6.571218 6.571218 6.571218 6.571218 6.571218 6.571218 6.571218 6.571218 6.571218 6.571218 6.571218 6.571218 6.571218 6.571218 6.571218 6.571218 6.571218 6.571218 6.571218 6.571218 6.571218 6.571218 6.571218 6.571218 6.571218 6.571218 6.571218 6.571218 6.571218 6.571218 6.571218 6.571218 6.571218 6.571218 6.571218 6.571218 6.571218 6.571218 6.571218 6.571218 
6.571218 6.571218 6.571218 6.571218 6.571218 6.571218 6.571218 6.571218 6.571218 6.571218 6.571218 6.571218 6.571218 6.571218 6.571218 6.571218 6.571218 6.571218 6.571218 6.571218 6.571218 6.571218 6.571218 6.571218 6.571218 6.571218 6.571218 6.571218 6.571218 6.571218 6.571218 6.571218 6.571218 6.571218 6.571218 6.571218 6.571218 6.571218 6.571218 6.571218 6.571218 6.571218 6.571218 6.571218 6.571218 6.571218 6.571218 6.571218 6.571218 6.571218 6.571218 6.571218 6.571218 6.571218 6.571218 6.571218 6.571218 6.571218 6.571218 6.571218 6.571218 6.571218 6.571218 6.571218 
6.571218 6.571218 6.571218 6.571218 6.571218 6.571218 6.571218 6.571218 6.571218 6.571218 6.571218 6.571218 6.571218 6.571218 6.571218 6.571218 6.571218 6.571218 6.571218 6.571218 6.571218 6.571218 6.571218 6.571218 6.571218 6.571218 6.571218 6.571218 6.571218 6.571218 6.571218 6.571218 6.571218 6.571218 6.571218 6.571218 6.571218 6.571218 6.571218 6.571218 6.571218 6.571218 6.571218 6.571218 6.571218 6.571218 6.571218 6.571218 6.571218 6.571218 6.571218 6.571218 6.571218 6.571218 6.571218 6.571218 6.571218 6.571218 6.571218 6.571218 6.571218 6.571218 6.571218 6.571218 
6.571218 6.571218 6.571218 6.571218 6.571218 6.571218 6.571218 6.571218 6.571218 6.571218 6.571218 6.571218 6.571218 6.571218 6.571218 6.571218 6.571218 6.571218 6.571218 6.571218 6.571218 6.571218 6.571218 6.571218 6.571218 6.571218 6.571218 6.571218 6.571218 6.571218 6.571218 6.571218 6.571218 6.571218 6.571218 6.571218 6.571218 6.571218 6.571218 6.571218 6.571218 6.571218 6.571218 6.571218 6.571218 6.571218 6.571218 6.571218 6.571218 6.571218 6.571218 6.571218 6.571218 6.571218 6.571218 6.571218 6.571218 6.571218 6.571218 6.571218 6.571218 6.571218 6.571218 6.571218 
6.571218 6.571218 6.571218 6.571218 6.571218 6.571218 6.571218 6.571218 6.571218 6.571218 6.571218 6.571218 6.571218 6.571218 6.571218 6.571218 6.571218 6.571218 6.571218 6.571218 6.571218 6.571218 6.571218 6.571218 6.571218 6.571218 6.571218 6.571218 6.571218 6.571218 6.571218 6.571218 6.571218 6.571218 6.571218 6.571218 6.571218 6.571218 6.571218 6.571218 6.571218 6.571218 6.571218 6.571218 6.571218 6.571218 6.571218 6.571218 6.571218 6.571218 6.571218 6.571218 6.571218 6.571218 6.571218 6.571218 6.571218 6.571218 6.571218 6.571218 6.571218 6.571218 6.571218 6.571218 
6.571218 6.571218 6.571218 6.571218 6.571218 6.571218 6.571218 6.571218 6.571218 6.571218 6.571218 6.571218 6.571218 6.571218 6.571218 6.571218 6.571218 6.571218 6.571218 6.571218 6.571218 6.571218 6.571218 6.571218 6.571218 6.571218 6.571218 6.571218 6.571218 6.571218 6.571218 6.571218 6.571218 6.571218 6.571218 6.571218 6.571218 6.571218 6.571218 6.571218 6.571218 6.571218 6.571218 6.571218 6.571218 6.571218 6.571218 6.571218 6.571218 6.571218 6.571218 6.571218 6.571218 6.571218 6.571218 6.571218 6.571218 6.571218 6.571218 6.571218 6.571218 6.571218 6.571218 6.571218 
6.571218 6.571218 6.571218 6.571218 6.571218 6.571218 6.571218 6.571218 6.571218 6.571218 6.571218 6.571218 6.571218 6.571218 6.571218 6.571218 6.571218 6.571218 6.571218 6.571218 6.571218 6.571218 6.571218 6.571218 6.571218 6.571218 6.571218 6.571218 6.571218 6.571218 6.571218 6.571218 6.571218 6.571218 6.571218 6.571218 6.571218 6.571218 6.571218 6.571218 6.571218 6.571218 6.571218 6.571218 6.571218 6.571218 6.571218 6.571218 6.571218 6.571218 6.571218 6.571218 6.571218 6.571218 6.571218 6.571218 6.571218 6.571218 6.571218 6.571218 6.571218 6.571218 6.571218 6.571218 
6.571218 6.571218 6.571218 6.571218 6.571218 6.571218 6.571218 6.571218 6.571218 6.571218 6.571218 6.571218 6.571218 6.571218 6.571218 6.571218 6.571218 6.571218 6.571218 6.571218 6.571218 6.571218 6.571218 6.571218 6.571218 6.571218 6.571218 6.571218 6.571218 6.571218 6.571218 6.571218 6.571218 6.571218 6.571218 6.571218 6.571218 6.571218 6.571218 6.571218 6.571218 6.571218 6.571218 6.571218 6.571218 6.571218 6.571218 6.571218 6.571218 6.571218 6.571218 6.571218 6.571218 6.571218 6.571218 6.571218 6.571218 6.571218 6.571218 6.571218 6.571218 6.571218 6.571218 6.571218 
6.571218 6.571218 6.571218 6.571218 6.571218 6.571218 6.571218 6.571218 6.571218 6.571218 6.571218 6.571218 6.571218 6.571218 6.571218 6.571218 6.571218 6.571218 6.571218 6.571218 6.571218 6.571218 6.571218 6.571218 6.571218 6.571218 6.571218 6.571218 6.571218 6.571218 6.571218 6.571218 6.571218 6.571218 6.571218 6.571218 6.571218 6.571218 6.571218 6.571218 6.571218 6.571218 6.571218 6.571218 6.571218 6.571218 6.571218 6.571218 6.571218 6.571218 6.571218 6.571218 6.571218 6.571218 6.571218 6.571218 6.571218 6.571218 6.571218 6.571218 6.571218 6.571218 6.571218 6.571218 
6.571218 6.571218 6.571218 6.571218 6.571218 6.571218 6.571218 6.571218 6.571218 6.571218 6.571218 6.571218 6.571218 6.571218 6.571218 6.571218 6.571218 6.571218 6.571218 6.571218 6.571218 6.571218 6.571218 6.571218 6.571218 6.571218 6.571218 6.571218 6.571218 6.571218 6.571218 6.571218 6.571218 6.571218 6.571218 6.571218 6.571218 6.571218 6.571218 6.571218 6.571218 6.571218 6.571218 6.571218 6.571218 6.571218 6.571218 6.571218 6.571218 6.571218 6.571218 6.571218 6.571218 6.571218 6.571218 6.571218 6.571218 6.571218 6.571218 6.571218 6.571218 6.571218 6.571218 6.571218 
6.571218 6.571218 6.571218 6.571218 6.571218 6.571218 6.571218 6.571218 6.571218 6.571218 6.571218 6.571218 6.571218 6.571218 6.571218 6.571218 6.571218 6.571218 6.571218 6.571218 6.571218 6.571218 6.571218 6.571218 6.571218 6.571218 6.571218 6.571218 6.571218 6.571218 6.571218 6.571218 6.571218 6.571218 6.571218 6.571218 6.571218 6.571218 6.571218 6.571218 6.571218 6.571218 6.571218 6.571218 6.571218 6.571218 6.571218 6.571218 6.571218 6.571218 6.571218 6.571218 6.571218 6.571218 6.571218 6.571218 6.571218 6.571218 6.571218 6.571218 6.571218 6.571218 6.571218 6.571218 
6.571218 6.571218 6.571218 6.571218 6.571218 6.571218 6.571218 6.571218 6.571218 6.571218 6.571218 6.571218 6.571218 6.571218 6.571218 6.571218 6.571218 6.571218 6.571218 6.571218 6.571218 6.571218 6.571218 6.571218 6.571218 6.571218 6.571218 6.571218 6.571218 6.571218 6.571218 6.571218 6.571218 6.571218 6.571218 6.571218 6.571218 6.571218 6.571218 6.571218 6.571218 6.571218 6.571218 6.571218 6.571218 6.571218 6.571218 6.571218 6.571218 6.571218 6.571218 6.571218 6.571218 6.571218 6.571218 6.571218 6.571218 6.571218 6.571218 6.571218 6.571218 6.571218 6.571218 6.571218 
6.571218 6.571218 6.571218 6.571218 6.571218 6.571218 6.571218 6.571218 6.571218 6.571218 6.571218 6.571218 6.571218 6.571218 6.571218 6.571218 6.571218 6.571218 6.571218 6.571218 6.571218 6.571218 6.571218 6.571218 6.571218 6.571218 6.571218 6.571218 6.571218 6.571218 6.571218 6.571218 6.571218 6.571218 6.571218 6.571218 6.571218 6.571218 6.571218 6.571218 6.571218 6.571218 6.571218 6.571218 6.571218 6.571218 6.571218 6.571218 6.571218 6.571218 6.571218 6.571218 6.571218 6.571218 6.571218 6.571218 6.571218 6.571218 6.571218 6.571218 6.571218 6.571218 6.571218 6.571218 
6.571218 6.571218 6.571218 6.571218 6.571218 6.571218 6.571218 6.571218 6.571218 6.571218 6.571218 6.571218 6.571218 6.571218 6.571218 6.571218 6.571218 6.571218 6.571218 6.571218 6.571218 6.571218 6.571218 6.571218 6.571218 6.571218 6.571218 6.571218 6.571218 6.571218 6.571218 6.571218 6.571218 6.571218 6.571218 6.571218 6.571218 6.571218 6.571218 6.571218 6.571218 6.571218 6.571218 6.571218 6.571218 6.571218 6.571218 6.571218 6.571218 6.571218 6.571218 6.571218 6.571218 6.571218 6.571218 6.571218 6.571218 6.571218 6.571218 6.571218 6.571218 6.571218 6.571218 6.571218 
6.571218 6.571218 6.571218 6.571218 6.571218 6.571218 6.571218 6.571218 6.571218 6.571218 6.571218 6.571218 6.571218 6.571218 6.571218 6.571218 6.571218 6.571218 6.571218 6.571218 6.571218 6.571218 6.571218 6.571218 6.571218 6.571218 6.571218 6.571218 6.571218 6.571218 6.571218 6.571218 6.571218 6.571218 6.571218 6.571218 6.571218 6.571218 6.571218 6.571218 6.571218 6.571218 6.571218 6.571218 6.571218 6.571218 6.571218 6.571218 6.571218 6.571218 6.571218 6.571218 6.571218 6.571218 6.571218 6.571218 6.571218 6.571218 6.571218 6.571218 6.571218 6.571218 6.571218 6.571218 
6.571218 6.571218 6.571218 6.571218 6.571218 6.571218 6.571218 6.571218 6.571218 6.571218 6.571218 6.571218 6.571218 6.571218 6.571218 6.571218 6.571218 6.571218 6.571218 6.571218 6.571218 6.571218 6.571218 6.571218 6.571218 6.571218 6.571218 6.571218 6.571218 6.571218 6.571218 6.571218 6.571218 6.571218 6.571218 6.571218 6.571218 6.571218 6.571218 6.571218 6.571218 6.571218 6.571218 6.571218 6.571218 6.571218 6.571218 6.571218 6.571218 6.571218 6.571218 6.571218 6.571218 6.571218 6.571218 6.571218 6.571218 6.571218 6.571218 6.571218 6.571218 6.571218 6.571218 6.571218 
6.571218 6.571218 6.571218 6.571218 6.571218 6.571218 6.571218 6.571218 6.571218 6.571218 6.571218 6.571218 6.571218 6.571218 6.571218 6.571218 6.571218 6.571218 6.571218 6.571218 6.571218 6.571218 6.571218 6.571218 6.571218 6.571218 6.571218 6.571218 6.571218 6.571218 6.571218 6.571218 6.571218 6.571218 6.571218 6.571218 6.571218 6.571218 6.571218 6.571218 6.571218 6.571218 6.571218 6.571218 6.571218 6.571218 6.571218 6.571218 6.571218 6.571218 6.571218 6.571218 6.571218 6.571218 6.571218 6.571218 6.571218 6.571218 6.571218 6.571218 6.571218 6.571218 6.571218 6.571218 
6.571218 6.571218 6.571218 6.571218 6.571218 6.571218 6.571218 6.571218 6.571218 6.571218 6.571218 6.571218 6.571218 6.571218 6.571218 6.571218 6.571218 6.571218 6.571218 6.571218 6.571218 6.571218 6.571218 6.571218 6.571218 6.571218 6.571218 6.571218 6.571218 6.571218 6.571218 6.571218 6.571218 6.571218 6.571218 6.571218 6.571218 6.571218 6.571218 6.571218 6.571218 6.571218 6.571218 6.571218 6.571218 6.571218 6.571218 6.571218 6.571218 6.571218 6.571218 6.571218 6.571218 6.571218 6.571218 6.571218 6.571218 6.571218 6.571218 6.571218 6.571218 6.571218 6.571218 6.571218 
6.571218 6.571218 6.571218 6.571218 6.571218 6.571218 6.571218 6.571218 6.571218 6.571218 6.571218 6.571218 6.571218 6.571218 6.571218 6.571218 6.571218 6.571218 6.571218 6.571218 6.571218 6.571218 6.571218 6.571218 6.571218 6.571218 6.571218 6.571218 6.571218 6.571218 6.571218 6.571218 6.571218 6.571218 6.571218 6.571218 6.571218 6.571218 6.571218 6.571218 6.571218 6.571218 6.571218 6.571218 6.571218 6.571218 6.571218 6.571218 6.571218 6.571218 6.571218 6.571218 6.571218 6.571218 6.571218 6.571218 6.571218 6.571218 6.571218 6.571218 6.571218 6.571218 6.571218 6.571218 
6.571218 6.571218 6.571218 6.571218 6.571218 6.571218 6.571218 6.571218 6.571218 6.571218 6.571218 6.571218 6.571218 6.571218 6.571218 6.571218 6.571218 6.571218 6.571218 6.571218 6.571218 6.571218 6.571218 6.571218 6.571218 6.571218 6.571218 6.571218 6.571218 6.571218 6.571218 6.571218 6.571218 6.571218 6.571218 6.571218 6.571218 6.571218 6.571218 6.571218 6.571218 6.571218 6.571218 6.571218 6.571218 6.571218 6.571218 6.571218 6.571218 6.571218 6.571218 6.571218 6.571218 6.571218 6.571218 6.571218 6.571218 6.571218 6.571218 6.571218 6.571218 6.571218 6.571218 6.571218 
6.571218 6.571218 6.571218 6.571218 6.571218 6.571218 6.571218 6.571218 6.571218 6.571218 6.571218 6.571218 6.571218 6.571218 6.571218 6.571218 6.571218 6.571218 6.571218 6.571218 6.571218 6.571218 6.571218 6.571218 6.571218 6.571218 6.571218 6.571218 6.571218 6.571218 6.571218 6.571218 6.571218 6.571218 6.571218 6.571218 6.571218 6.571218 6.571218 6.571218 6.571218 6.571218 6.571218 6.571218 6.571218 6.571218 6.571218 6.571218 6.571218 6.571218 6.571218 6.571218 6.571218 6.571218 6.571218 6.571218 6.571218 6.571218 6.571218 6.571218 6.571218 6.571218 6.571218 6.571218 
6.571218 6.571218 6.571218 6.571218 6.571218 6.571218 6.571218 6.571218 6.571218 6.571218 6.571218 6.571218 6.571218 6.571218 6.571218 6.571218 6.571218 6.571218 6.571218 6.571218 6.571218 6.571218 6.571218 6.571218 6.571218 6.571218 6.571218 6.571218 6.571218 6.571218 6.571218 6.571218 6.571218 6.571218 6.571218 6.571218 6.571218 6.571218 6.571218 6.571218 6.571218 6.571218 6.571218 6.571218 6.571218 6.571218 6.571218 6.571218 6.571218 6.571218 6.571218 6.571218 6.571218 6.571218 6.571218 6.571218 6.571218 6.571218 6.571218 6.571218 6.571218 6.571218 6.571218 6.571218 
6.571218 6.571218 6.571218 6.571218 6.571218 6.571218 6.571218 6.571218 6.571218 6.571218 6.571218 6.571218 6.571218 6.571218 6.571218 6.571218 6.571218 6.571218 6.571218 6.571218 6.571218 6.571218 6.571218 6.571218 6.571218 6.571218 6.571218 6.571218 6.571218 6.571218 6.571218 6.571218 6.571218 6.571218 6.571218 6.571218 6.571218 6.571218 6.571218 6.571218 6.571218 6.571218 6.571218 6.571218 6.571218 6.571218 6.571218 6.571218 6.571218 6.571218 6.571218 6.571218 6.571218 6.571218 6.571218 6.571218 6.571218 6.571218 6.571218 6.571218 6.571218 6.571218 6.571218 6.571218 
6.571218 6.571218 6.571218 6.571218 6.571218 6.571218 6.571218 6.571218 6.571218 6.571218 6.571218 6.571218 6.571218 6.571218 6.571218 6.571218 6.571218 6.571218 6.571218 6.571218 6.571218 6.571218 6.571218 6.571218 6.571218 6.571218 6.571218 6.571218 6.571218 6.571218 6.571218 6.571218 6.571218 6.571218 6.571218 6.571218 6.571218 6.571218 6.571218 6.571218 6.571218 6.571218 6.571218 6.571218 6.571218 6.571218 6.571218 6.571218 6.571218 6.571218 6.571218 6.571218 6.571218 6.571218 6.571218 6.571218 6.571218 6.571218 6.571218 6.571218 6.571218 6.571218 6.571218 6.571218 
6.571218 6.571218 6.571218 6.571218 6.571218 6.571218 6.571218 6.571218 6.571218 6.571218 6.571218 6.571218 6.571218 6.571218 6.571218 6.571218 6.571218 6.571218 6.571218 6.571218 6.571218 6.571218 6.571218 6.571218 6.571218 6.571218 6.571218 6.571218 6.571218 6.571218 6.571218 6.571218 6.571218 6.571218 6.571218 6.571218 6.571218 6.571218 6.571218 6.571218 6.571218 6.571218 6.571218 6.571218 6.571218 6.571218 6.571218 6.571218 6.571218 6.571218 6.571218 6.571218 6.571218 6.571218 6.571218 6.571218 6.571218 6.571218 6.571218 6.571218 6.571218 6.571218 6.571218 6.571218 
6.571218 6.571218 6.571218 6.571218 6.571218 6.571218 6.571218 6.571218 6.571218 6.571218 6.571218 6.571218 6.571218 6.571218 6.571218 6.571218 6.571218 6.571218 6.571218 6.571218 6.571218 6.571218 6.571218 6.571218 6.571218 6.571218 6.571218 6.571218 6.571218 6.571218 6.571218 6.571218 6.571218 6.571218 6.571218 6.571218 6.571218 6.571218 6.571218 6.571218 6.571218 6.571218 6.571218 6.571218 6.571218 6.571218 6.571218 6.571218 6.571218 6.571218 6.571218 6.571218 6.571218 6.571218 6.571218 6.571218 6.571218 6.571218 6.571218 6.571218 6.571218 6.571218 6.571218 6.571218 
6.571218 6.571218 6.571218 6.571218 6.571218 6.571218 6.571218 6.571218 6.571218 6.571218 6.571218 6.571218 6.571218 6.571218 6.571218 6.571218 6.571218 6.571218 6.571218 6.571218 6.571218 6.571218 6.571218 6.571218 6.571218 6.571218 6.571218 6.571218 6.571218 6.571218 6.571218 6.571218 6.571218 6.571218 6.571218 6.571218 6.571218 6.571218 6.571218 6.571218 6.571218 6.571218 6.571218 6.571218 6.571218 6.571218 6.571218 6.571218 6.571218 6.571218 6.571218 6.571218 6.571218 6.571218 6.571218 6.571218 6.571218 6.571218 6.571218 6.571218 6.571218 6.571218 6.571218 6.571218 
6.571218 6.571218 6.571218 6.571218 6.571218 6.571218 6.571218 6.571218 6.571218 6.571218 6.571218 6.571218 6.571218 6.571218 6.571218 6.571218 6.571218 6.571218 6.571218 6.571218 6.571218 6.571218 6.571218 6.571218 6.571218 6.571218 6.571218 6.571218 6.571218 6.571218 6.571218 6.571218 6.571218 6.571218 6.571218 6.571218 6.571218 6.571218 6.571218 6.571218 6.571218 6.571218 6.571218 6.571218 6.571218 6.571218 6.571218 6.571218 6.571218 6.571218 6.571218 6.571218 6.571218 6.571218 6.571218 6.571218 6.571218 6.571218 6.571218 6.571218 6.571218 6.571218 6.571218 6.571218 
6.571218 6.571218 6.571218 6.571218 6.571218 6.571218 6.571218 6.571218 6.571218 6.571218 6.571218 6.571218 6.571218 6.571218 6.571218 6.571218 6.571218 6.571218 6.571218 6.571218 6.571218 6.571218 6.571218 6.571218 6.571218 6.571218 6.571218 6.571218 6.571218 6.571218 6.571218 6.571218 6.571218 6.571218 6.571218 6.571218 6.571218 6.571218 6.571218 6.571218 6.571218 6.571218 6.571218 6.571218 6.571218 6.571218 6.571218 6.571218 6.571218 6.571218 6.571218 6.571218 6.571218 6.571218 6.571218 6.571218 6.571218 6.571218 6.571218 6.571218 6.571218 6.571218 6.571218 6.571218 
6.571218 6.571218 6.571218 6.571218 6.571218 6.571218 6.571218 6.571218 6.571218 6.571218 6.571218 6.571218 6.571218 6.571218 6.571218 6.571218 6.571218 6.571218 6.571218 6.571218 6.571218 6.571218 6.571218 6.571218 6.571218 6.571218 6.571218 6.571218 6.571218 6.571218 6.571218 6.571218 6.571218 6.571218 6.571218 6.571218 6.571218 6.571218 6.571218 6.571218 6.571218 6.571218 6.571218 6.571218 6.571218 6.571218 6.571218 6.571218 6.571218 6.571218 6.571218 6.571218 6.571218 6.571218 6.571218 6.571218 6.571218 6.571218 6.571218 6.571218 6.571218 6.571218 6.571218 6.571218 
6.571218 6.571218 6.571218 6.571218 6.571218 6.571218 6.571218 6.571218 6.571218 6.571218 6.571218 6.571218 6.571218 6.571218 6.571218 6.571218 6.571218 6.571218 6.571218 6.571218 6.571218 6.571218 6.571218 6.571218 6.571218 6.571218 6.571218 6.571218 6.571218 6.571218 6.571218 6.571218 6.571218 6.571218 6.571218 6.571218 6.571218 6.571218 6.571218 6.571218 6.571218 6.571218 6.571218 6.571218 6.571218 6.571218 6.571218 6.571218 6.571218 6.571218 6.571218 6.571218 6.571218 6.571218 6.571218 6.571218 6.571218 6.571218 6.571218 6.571218 6.571218 6.571218 6.571218 6.571218 
6.571218 6.571218 6.571218 6.571218 6.571218 6.571218 6.571218 6.571218 6.571218 6.571218 6.571218 6.571218 6.571218 6.571218 6.571218 6.571218 6.571218 6.571218 6.571218 6.571218 6.571218 6.571218 6.571218 6.571218 6.571218 6.571218 6.571218 6.571218 6.571218 6.571218 6.571218 6.571218 6.571218 6.571218 6.571218 6.571218 6.571218 6.571218 6.571218 6.571218 6.571218 6.571218 6.571218 6.571218 6.571218 6.571218 6.571218 6.571218 6.571218 6.571218 6.571218 6.571218 6.571218 6.571218 6.571218 6.571218 6.571218 6.571218 6.571218 6.571218 6.571218 6.571218 6.571218 6.571218 
6.571218 6.571218 6.571218 6.571218 6.571218 6.571218 6.571218 6.571218 6.571218 6.571218 6.571218 6.571218 6.571218 6.571218 6.571218 6.571218 6.571218 6.571218 6.571218 6.571218 6.571218 6.571218 6.571218 6.571218 6.571218 6.571218 6.571218 6.571218 6.571218 6.571218 6.571218 6.571218 6.571218 6.571218 6.571218 6.571218 6.571218 6.571218 6.571218 6.571218 6.571218 6.571218 6.571218 6.571218 6.571218 6.571218 6.571218 6.571218 6.571218 6.571218 6.571218 6.571218 6.571218 6.571218 6.571218 6.571218 6.571218 6.571218 6.571218 6.571218 6.571218 6.571218 6.571218 6.571218 
6.571218 6.571218 6.571218 6.571218 6.571218 6.571218 6.571218 6.571218 6.571218 6.571218 6.571218 6.571218 6.571218 6.571218 6.571218 6.571218 6.571218 6.571218 6.571218 6.571218 6.571218 6.571218 6.571218 6.571218 6.571218 6.571218 6.571218 6.571218 6.571218 6.571218 6.571218 6.571218 6.571218 6.571218 6.571218 6.571218 6.571218 6.571218 6.571218 6.571218 6.571218 6.571218 6.571218 6.571218 6.571218 6.571218 6.571218 6.571218 6.571218 6.571218 6.571218 6.571218 6.571218 6.571218 6.571218 6.571218 6.571218 6.571218 6.571218 6.571218 6.571218 6.571218 6.571218 6.571218 
6.571218 6.571218 6.571218 6.571218 6.571218 6.571218 6.571218 6.571218 6.571218 6.571218 6.571218 6.571218 6.571218 6.571218 6.571218 6.571218 6.571218 6.571218 6.571218 6.571218 6.571218 6.571218 6.571218 6.571218 6.571218 6.571218 6.571218 6.571218 6.571218 6.571218 6.571218 6.571218 6.571218 6.571218 6.571218 6.571218 6.571218 6.571218 6.571218 6.571218 6.571218 6.571218 6.571218 6.571218 6.571218 6.571218 6.571218 6.571218 6.571218 6.571218 6.571218 6.571218 6.571218 6.571218 6.571218 6.571218 6.571218 6.571218 6.571218 6.571218 6.571218 6.571218 6.571218 6.571218 
