0.000403,1.000000
0.000805,1.000000
0.001207,1.000000
0.001608,1.000000
0.002011,1.000000
0.002415,1.000000
0.002818,1.000000
0.003221,1.000000
0.003624,1.000000
0.004027,1.000000
0.004430,1.000000
0.004833,1.000000
0.005236,1.000000
0.005639,1.000000
0.006041,1.000000
0.006443,1.000000
0.006846,1.000000
0.007247,1.000000
0.007649,1.000000
0.008051,1.000000
0.008452,1.000000
0.008854,1.000000
0.009256,1.000000
0.009658,1.000000
0.010060,1.000000
0.010462,1.000000
0.010863,1.000000
0.011265,1.000000
0.011666,1.000000
0.012068,1.000000
0.012469,1.000000
0.012870,1.000000
0.013271,1.000000
0.013672,1.000000
0.014073,1.000000
0.014474,1.000000
0.014875,1.000000
0.015277,1.000000
0.015678,1.000000
0.016079,1.000000
0.016480,1.000000
0.016881,1.000000
0.017283,1.000000
0.017684,1.000000
0.018085,1.000000
0.018487,1.000000
0.018888,1.000000
0.019289,1.000000
0.019691,1.000000
0.020092,1.000000
0.020494,1.000000
0.020895,1.000000
0.021296,1.000000
0.021698,1.000000
0.022099,1.000000
0.022500,1.000000
0.022902,1.000000
0.023303,1.000000
0.023704,1.000000
0.024105,1.000000
0.024507,1.000000
0.024908,1.000000
0.025309,1.000000
0.025710,1.000000
0.026111,1.000000
0.026512,1.000000
0.026913,1.000000
0.027315,1.000000
0.027716,1.000000
0.028117,1.000000
0.028518,1.000000
0.028919,1.000000
0.029320,1.000000
0.029721,1.000000
0.030122,1.000000
0.030523,1.000000
0.030924,1.000000
0.031325,1.000000
0.031726,1.000000
0.032127,1.000000
0.032528,1.000000
0.032929,1.000000
0.033330,1.000000
0.033731,1.000000
0.034132,1.000000
0.034533,1.000000
0.034934,1.000000
0.035335,1.000000
0.035736,1.000000
0.036137,1.000000
0.036538,1.000000
0.036939,1.000000
0.037340,1.000000
0.037741,1.000000
0.038142,1.000000
0.038543,1.000000
0.038944,1.000000
0.039345,1.000000
0.039746,1.000000
0.040147,1.000000
0.040548,1.000000
0.040949,1.000000
0.041350,1.000000
0.041751,1.000000
0.042152,1.000000
0.042553,1.000000
0.042954,1.000000
0.043355,1.000000
0.043756,1.000000
0.044157,1.000000
0.044558,1.000000
0.044959,1.000000
0.045360,1.000000
0.045761,1.000000
0.046162,1.000000
0.046564,1.000000
0.046965,1.000000
0.047366,1.000000
0.047767,1.000000
0.048168,1.000000
0.048569,1.000000
0.048970,1.000000
0.049371,1.000000
0.049772,1.000000
0.050173,1.000000
0.050574,1.000000
0.050975,1.000000
0.051376,1.000000
0.051778,1.000000
0.052179,1.000000
0.052580,1.000000
0.052981,1.000000
0.053382,1.000000
0.053783,1.000000
0.054184,1.000000
0.054585,1.000000
0.054986,1.000000
0.055387,1.000000
0.055789,1.000000
0.056190,1.000000
0.056591,1.000000
0.056992,1.000000
0.057393,1.000000
0.057794,1.000000
0.058195,1.000000
0.058596,1.000000
0.058997,1.000000
0.059399,1.000000
0.059800,1.000000
0.060201,1.000000
0.060602,1.000000
0.061003,1.000000
0.061404,1.000000
0.061805,1.000000
0.062207,1.000000
0.062608,1.000000
0.063009,1.000000
0.063410,1.000000
0.063811,1.000000
0.064212,1.000000
0.064613,1.000000
0.065015,1.000000
0.065416,1.000000
0.065817,1.000000
0.066218,1.000000
0.066619,1.000000
0.067020,1.000000
0.067421,1.000000
0.067823,1.000000
0.068224,1.000000
0.068625,1.000000
0.069026,1.000000
0.069427,1.000000
0.069828,1.000000
0.070230,1.000000
0.070631,1.000000
0.071032,1.000000
0.071433,1.000000
0.071834,1.000000
0.072235,1.000000
0.072637,1.000000
0.073038,1.000000
0.073439,1.000000
0.073840,1.000000
0.074241,1.000000
0.074642,1.000000
0.075044,1.000000
0.075445,1.000000
0.075846,1.000000
0.076247,1.000000
0.076648,1.000000
0.077049,1.000000
0.077451,1.000000
0.077852,1.000000
0.078253,1.000000
0.078654,1.000000
0.079055,1.000000
0.079456,1.000000
0.079858,1.000000
0.080259,1.000000
0.080660,1.000000
0.081061,1.000000
0.081462,1.000000
0.081864,1.000000
0.082265,1.000000
0.082666,1.000000
0.083067,1.000000
0.083468,1.000000
0.083869,1.000000
0.084271,1.000000
0.084672,1.000000
0.085073,1.000000
0.085474,1.000000
0.085875,1.000000
0.086277,1.000000
0.086678,1.000000
0.087079,1.000000
0.087480,1.000000
0.087881,1.000000
0.088283,1.000000
0.088684,1.000000
0.089085,1.000000
0.089486,1.000000
0.089887,1.000000
0.090288,1.000000
0.090690,1.000000
0.091091,1.000000
0.091492,1.000000
0.091893,1.000000
0.092294,1.000000
0.092696,1.000000
0.093097,1.000000
0.093498,1.000000
0.093899,1.000000
0.094300,1.000000
0.094702,1.000000
0.095103,1.000000
0.095504,1.000000
0.095905,1.000000
0.096306,1.000000
0.096708,1.000000
0.097109,1.000000
0.097510,1.000000
0.097911,1.000000
0.098312,1.000000
0.098714,1.000000
0.099115,1.000000
0.099516,1.000000
0.099917,1.000000
0.100318,1.000000
0.100720,1.000000
0.101121,1.000000
0.101522,1.000000
0.101923,1.000000
0.102324,1.000000
0.102726,1.000000
0.103127,1.000000
0.103528,1.000000
0.103929,1.000000
0.104330,1.000000
0.104732,1.000000
0.105133,1.000000
0.105534,1.000000
0.105935,1.000000
0.106336,1.000000
0.106738,1.000000
0.107139,1.000000
0.107540,1.000000
0.107941,1.000000
0.108342,1.000000
0.108744,1.000000
0.109145,1.000000
0.109546,1.000000
0.109947,1.000000
0.110348,1.000000
0.110750,1.000000
0.111151,1.000000
0.111552,1.000000
0.111953,1.000000
0.112354,1.000000
0.112756,1.000000
0.113157,1.000000
0.113558,1.000000
0.113959,1.000000
0.114361,1.000000
0.114762,1.000000
0.115163,1.000000
0.115564,1.000000
0.115965,1.000000
0.116367,1.000000
0.116768,1.000000
0.117169,1.000000
0.117570,1.000000
0.117971,1.000000
0.118373,1.000000
0.118774,1.000000
0.119175,1.000000
0.119576,1.000000
0.119977,1.000000
0.120379,1.000000
0.120780,1.000000
0.121181,1.000000
0.121582,1.000000
0.121983,1.000000
0.122385,1.000000
0.122786,1.000000
0.123187,1.000000
0.123588,1.000000
0.123990,1.000000
0.124391,1.000000
0.124792,1.000000
0.125193,1.000000
0.125594,1.000000
0.125996,1.000000
0.126397,1.000000
0.126798,1.000000
0.127199,1.000000
0.127600,1.000000
0.128002,1.000000
0.128403,1.000000
0.128804,1.000000
0.129205,1.000000
0.129606,1.000000
0.130008,1.000000
0.130409,1.000000
0.130810,1.000000
0.131211,1.000000
0.131612,1.000000
0.132014,1.000000
0.132415,1.000000
0.132816,1.000000
0.133217,1.000000
0.133619,1.000000
0.134020,1.000000
0.134421,1.000000
0.134822,1.000000
0.135223,1.000000
0.135625,1.000000
0.136026,1.000000
0.136427,1.000000
0.136828,1.000000
0.137229,1.000000
0.137631,1.000000
0.138032,1.000000
0.138433,1.000000
0.138834,1.000000
0.139235,1.000000
0.139637,1.000000
0.140038,1.000000
0.140439,1.000000
0.140840,1.000000
0.141242,1.000000
0.141643,1.000000
0.142044,1.000000
0.142445,1.000000
0.142846,1.000000
0.143248,1.000000
0.143649,1.000000
0.144050,1.000000
0.144451,1.000000
0.144852,1.000000
0.145254,1.000000
0.145655,1.000000
0.146056,1.000000
0.146457,1.000000
0.146858,1.000000
0.147260,1.000000
0.147661,1.000000
0.148062,1.000000
0.148463,1.000000
0.148865,1.000000
0.149266,1.000000
0.149667,1.000000
0.150068,1.000000
0.150469,1.000000
0.150871,1.000000
0.151272,1.000000
0.151673,1.000000
0.152074,1.000000
0.152475,1.000000
0.152877,1.000000
0.153278,1.000000
0.153679,1.000000
0.154080,1.000000
0.154482,1.000000
0.154883,1.000000
0.155284,1.000000
0.155685,1.000000
0.156086,1.000000
0.156488,1.000000
0.156889,1.000000
0.157290,1.000000
0.157691,1.000000
0.158092,1.000000
0.158494,1.000000
0.158895,1.000000
0.159296,1.000000
0.159697,1.000000
0.160098,1.000000
0.160500,1.000000
0.160901,1.000000
0.161302,1.000000
0.161703,1.000000
0.162105,1.000000
0.162506,1.000000
0.162907,1.000000
0.163308,1.000000
0.163709,1.000000
0.164111,1.000000
0.164512,1.000000
0.164913,1.000000
0.165314,1.000000
0.165715,1.000000
0.166117,1.000000
0.166518,1.000000
0.166919,1.000000
0.167320,1.000000
0.167721,1.000000
0.168123,1.000000
0.168524,1.000000
0.168925,1.000000
0.169326,1.000000
0.169728,1.000000
0.170129,1.000000
0.170530,1.000000
0.170931,1.000000
0.171332,1.000000
0.171734,1.000000
0.172135,1.000000
0.172536,1.000000
0.172937,1.000000
0.173338,1.000000
0.173740,1.000000
0.174141,1.000000
0.174542,1.000000
0.174943,1.000000
0.175345,1.000000
0.175746,1.000000
0.176147,1.000000
0.176548,1.000000
0.176949,1.000000
0.177351,1.000000
0.177752,1.000000
0.178153,1.000000
0.178554,1.000000
0.178955,1.000000
0.179357,1.000000
0.179758,1.000000
0.180159,1.000000
0.180560,1.000000
0.180961,1.000000
0.181363,1.000000
0.181764,1.000000
0.182165,1.000000
0.182566,1.000000
0.182968,1.000000
0.183369,1.000000
0.183770,1.000000
0.184171,1.000000
0.184572,1.000000
0.184974,1.000000
0.185375,1.000000
0.185776,1.000000
0.186177,1.000000
0.186578,1.000000
0.186980,1.000000
0.187381,1.000000
0.187782,1.000000
0.188183,1.000000
0.188585,1.000000
0.188986,1.000000
0.189387,1.000000
0.189788,1.000000
0.190189,1.000000
0.190591,1.000000
0.190992,1.000000
0.191393,1.000000
0.191794,1.000000
0.192195,1.000000
0.192597,1.000000
0.192998,1.000000
0.193399,1.000000
0.193800,1.000000
0.194202,1.000000
0.194603,1.000000
0.195004,1.000000
0.195405,1.000000
0.195806,1.000000
0.196208,1.000000
0.196609,1.000000
0.197010,1.000000
0.197411,1.000000
0.197812,1.000000
0.198214,1.000000
0.198615,1.000000
0.199016,1.000000
0.199417,1.000000
0.199818,1.000000
0.200220,1.000000
0.200621,1.000000
0.201022,1.000000
0.201423,1.000000
0.201825,1.000000
0.202226,1.000000
0.202627,1.000000
0.203028,1.000000
0.203429,1.000000
0.203831,1.000000
0.204232,1.000000
0.204633,1.000000
0.205034,1.000000
0.205435,1.000000
0.205837,1.000000
0.206238,1.000000
0.206639,1.000000
0.207040,1.000000
0.207442,1.000000
0.207843,1.000000
0.208244,1.000000
0.208645,1.000000
0.209046,1.000000
0.209448,1.000000
0.209849,1.000000
0.210250,1.000000
0.210651,1.000000
0.211052,1.000000
0.211454,1.000000
0.211855,1.000000
0.212256,1.000000
0.212657,1.000000
0.213058,1.000000
0.213460,1.000000
0.213861,1.000000
0.214262,1.000000
0.214663,1.000000
0.215065,1.000000
0.215466,1.000000
0.215867,1.000000
0.216268,1.000000
0.216669,1.000000
0.217071,1.000000
0.217472,1.000000
0.217873,1.000000
0.218274,1.000000
0.218675,1.000000
0.219077,1.000000
0.219478,1.000000
0.219879,1.000000
0.220280,1.000000
0.220682,1.000000
0.221083,1.000000
0.221484,1.000000
0.221885,1.000000
0.222286,1.000000
0.222688,1.000000
0.223089,1.000000
0.223490,1.000000
0.223891,1.000000
0.224292,1.000000
0.224694,1.000000
0.225095,1.000000
0.225496,1.000000
0.225897,1.000000
0.226298,1.000000
0.226700,1.000000
0.227101,1.000000
0.227502,1.000000
0.227903,1.000000
0.228305,1.000000
0.228706,1.000000
0.229107,1.000000
0.229508,1.000000
0.229909,1.000000
0.230311,1.000000
0.230712,1.000000
0.231113,1.000000
0.231514,1.000000
0.231915,1.000000
0.232317,1.000000
0.232718,1.000000
0.233119,1.000000
0.233520,1.000000
0.233922,1.000000
0.234323,1.000000
0.234724,1.000000
0.235125,1.000000
0.235526,1.000000
0.235928,1.000000
0.236329,1.000000
0.236730,1.000000
0.237131,1.000000
0.237532,1.000000
0.237934,1.000000
0.238335,1.000000
0.238736,1.000000
0.239137,1.000000
0.239539,1.000000
0.239940,1.000000
0.240341,1.000000
0.240742,1.000000
0.241143,1.000000
0.241545,1.000000
0.241946,1.000000
0.242347,1.000000
0.242748,1.000000
0.243149,1.000000
0.243551,1.000000
0.243952,1.000000
0.244353,1.000000
0.244754,1.000000
0.245155,1.000000
0.245557,1.000000
0.245958,1.000000
0.246359,1.000000
0.246760,1.000000
0.247162,1.000000
0.247563,1.000000
0.247964,1.000000
0.248365,1.000000
0.248766,1.000000
0.249168,1.000000
0.249569,1.000000
0.249970,1.000000
0.250371,1.000000
0.250772,1.000000
0.251174,1.000000
0.251575,1.000000
0.251976,1.000000
0.252377,1.000000
0.252779,1.000000
0.253180,1.000000
0.253581,1.000000
0.253982,1.000000
0.254383,1.000000
0.254785,1.000000
0.255186,1.000000
0.255587,1.000000
0.255988,1.000000
0.256389,1.000000
0.256791,1.000000
0.257192,1.000000
0.257593,1.000000
0.257994,1.000000
0.258395,1.000000
0.258797,1.000000
0.259198,1.000000
0.259599,1.000000
0.260000,1.000000
0.260402,1.000000
0.260803,1.000000
0.261204,1.000000
0.261605,1.000000
0.262006,1.000000
0.262408,1.000000
0.262809,1.000000
0.263210,1.000000
0.263611,1.000000
0.264012,1.000000
0.264414,1.000000
0.264815,1.000000
0.265216,1.000000
0.265617,1.000000
0.266019,1.000000
0.266420,1.000000
0.266821,1.000000
0.267222,1.000000
0.267623,1.000000
0.268025,1.000000
0.268426,1.000000
0.268827,1.000000
0.269228,1.000000
0.269629,1.000000
0.270031,1.000000
0.270432,1.000000
0.270833,1.000000
0.271234,1.000000
0.271636,1.000000
0.272037,1.000000
0.272438,1.000000
0.272839,1.000000
0.273240,1.000000
0.273642,1.000000
0.274043,1.000000
0.274444,1.000000
0.274845,1.000000
0.275246,1.000000
0.275648,1.000000
0.276049,1.000000
0.276450,1.000000
0.276851,1.000000
0.277252,1.000000
0.277654,1.000000
0.278055,1.000000
0.278456,1.000000
0.278857,1.000000
0.279259,1.000000
0.279660,1.000000
0.280061,1.000000
0.280462,1.000000
0.280863,1.000000
0.281265,1.000000
0.281666,1.000000
0.282067,1.000000
0.282468,1.000000
0.282869,1.000000
0.283271,1.000000
0.283672,1.000000
0.284073,1.000000
0.284474,1.000000
0.284876,1.000000
0.285277,1.000000
0.285678,1.000000
0.286079,1.000000
0.286480,1.000000
0.286882,1.000000
0.287283,1.000000
0.287684,1.000000
0.288085,1.000000
0.288486,1.000000
0.288888,1.000000
0.289289,1.000000
0.289690,1.000000
0.290091,1.000000
0.290492,1.000000
0.290894,1.000000
0.291295,1.000000
0.291696,1.000000
0.292097,1.000000
0.292499,1.000000
0.292900,1.000000
0.293301,1.000000
0.293702,1.000000
0.294103,1.000000
0.294505,1.000000
0.294906,1.000000
0.295307,1.000000
0.295708,1.000000
0.296109,1.000000
0.296511,1.000000
0.296912,1.000000
0.297313,1.000000
0.297714,1.000000
0.298116,1.000000
0.298517,1.000000
0.298918,1.000000
0.299319,1.000000
0.299720,1.000000
0.300122,1.000000
0.300523,1.000000
0.300924,1.000000
0.301325,1.000000
0.301726,1.000000
0.302128,1.000000
0.302529,1.000000
0.302930,1.000000
0.303331,1.000000
0.303733,1.000000
0.304134,1.000000
0.304535,1.000000
0.304936,1.000000
0.305337,1.000000
0.305739,1.000000
0.306140,1.000000
0.306541,1.000000
0.306942,1.000000
0.307343,1.000000
0.307745,1.000000
0.308146,1.000000
0.308547,1.000000
0.308948,1.000000
0.309349,1.000000
0.309751,1.000000
0.310152,1.000000
0.310553,1.000000
0.310954,1.000000
0.311356,1.000000
0.311757,1.000000
0.312158,1.000000
0.312559,1.000000
0.312960,1.000000
0.313362,1.000000
0.313763,1.000000
0.314164,1.000000
0.314565,1.000000
0.314966,1.000000
0.315368,1.000000
0.315769,1.000000
0.316170,1.000000
0.316571,1.000000
0.316973,1.000000
0.317374,1.000000
0.317775,1.000000
0.318176,1.000000
0.318577,1.000000
0.318979,1.000000
0.319380,1.000000
0.319781,1.000000
0.320182,1.000000
0.320583,1.000000
0.320985,1.000000
0.321386,1.000000
0.321787,1.000000
0.322188,1.000000
0.322590,1.000000
0.322991,1.000000
0.323392,1.000000
0.323793,1.000000
0.324194,1.000000
0.324596,1.000000
0.324997,1.000000
0.325398,1.000000
0.325799,1.000000
0.326200,1.000000
0.326602,1.000000
0.327003,1.000000
0.327404,1.000000
0.327805,1.000000
0.328206,1.000000
0.328608,1.000000
0.329009,1.000000
0.329410,1.000000
0.329811,1.000000
0.330213,1.000000
0.330614,1.000000
0.331015,1.000000
0.331416,1.000000
0.331817,1.000000
0.332219,1.000000
0.332620,1.000000
0.333021,1.000000
0.333422,1.000000
0.333823,1.000000
0.334225,1.000000
0.334626,1.000000
0.335027,1.000000
0.335428,1.000000
0.335830,1.000000
0.336231,1.000000
0.336632,1.000000
0.337033,1.000000
0.337434,1.000000
0.337836,1.000000
0.338237,1.000000
0.338638,1.000000
0.339039,1.000000
0.339440,1.000000
0.339842,1.000000
0.340243,1.000000
0.340644,1.000000
0.341045,1.000000
0.341446,1.000000
0.341848,1.000000
0.342249,1.000000
0.342650,1.000000
0.343051,1.000000
0.343453,1.000000
0.343854,1.000000
0.344255,1.000000
0.344656,1.000000
0.345057,1.000000
0.345459,1.000000
0.345860,1.000000
0.346261,1.000000
0.346662,1.000000
0.347063,1.000000
0.347465,1.000000
0.347866,1.000000
0.348267,1.000000
0.348668,1.000000
0.349070,1.000000
0.349471,1.000000
0.349872,1.000000
0.350273,1.000000
0.350674,1.000000
0.351076,1.000000
0.351477,1.000000
0.351878,1.000000
0.352279,1.000000
0.352680,1.000000
0.353082,1.000000
0.353483,1.000000
0.353884,1.000000
0.354285,1.000000
0.354687,1.000000
0.355088,1.000000
0.355489,1.000000
0.355890,1.000000
0.356291,1.000000
0.356693,1.000000
0.357094,1.000000
0.357495,1.000000
0.357896,1.000000
0.358297,1.000000
0.358699,1.000000
0.359100,1.000000
0.359501,1.000000
0.359902,1.000000
0.360303,1.000000
0.360705,1.000000
0.361106,1.000000
0.361507,1.000000
0.361908,1.000000
0.362310,1.000000
0.362711,1.000000
0.363112,1.000000
0.363513,1.000000
0.363914,1.000000
0.364316,1.000000
0.364717,1.000000
0.365118,1.000000
0.365519,1.000000
0.365920,1.000000
0.366322,1.000000
0.366723,1.000000
0.367124,1.000000
0.367525,1.000000
0.367927,1.000000
0.368328,1.000000
0.368729,1.000000
0.369130,1.000000
0.369531,1.000000
0.369933,1.000000
0.370334,1.000000
0.370735,1.000000
0.371136,1.000000
0.371537,1.000000
0.371939,1.000000
0.372340,1.000000
0.372741,1.000000
0.373142,1.000000
0.373543,1.000000
0.373945,1.000000
0.374346,1.000000
0.374747,1.000000
0.375148,1.000000
0.375550,1.000000
0.375951,1.000000
0.376352,1.000000
0.376753,1.000000
0.377154,1.000000
0.377556,1.000000
0.377957,1.000000
0.378358,1.000000
0.378759,1.000000
0.379160,1.000000
0.379562,1.000000
0.379963,1.000000
0.380364,1.000000
0.380765,1.000000
0.381167,1.000000
0.381568,1.000000
0.381969,1.000000
0.382370,1.000000
0.382771,1.000000
0.383173,1.000000
0.383574,1.000000
0.383975,1.000000
0.384376,1.000000
0.384777,1.000000
0.385179,1.000000
0.385580,1.000000
0.385981,1.000000
0.386382,1.000000
0.386784,1.000000
0.387185,1.000000
0.387586,1.000000
0.387987,1.000000
0.388388,1.000000
0.388790,1.000000
0.389191,1.000000
0.389592,1.000000
0.389993,1.000000
0.390394,1.000000
0.390796,1.000000
0.391197,1.000000
0.391598,1.000000
0.391999,1.000000
0.392400,1.000000
0.392802,1.000000
0.393203,1.000000
0.393604,1.000000
0.394005,1.000000
0.394407,1.000000
0.394808,1.000000
0.395209,1.000000
0.395610,1.000000
0.396011,1.000000
0.396413,1.000000
0.396814,1.000000
0.397215,1.000000
0.397616,1.000000
0.398017,1.000000
0.398419,1.000000
0.398820,1.000000
0.399221,1.000000
0.399622,1.000000
0.400024,1.000000
0.400425,1.000000
0.400826,1.000000
0.401227,1.000000
0.401628,1.000000
0.402030,1.000000
0.402431,1.000000
0.402832,1.000000
0.403233,1.000000
0.403634,1.000000
0.404036,1.000000
0.404437,1.000000
0.404838,1.000000
0.405239,1.000000
0.405640,1.000000
0.406042,1.000000
0.406443,1.000000
0.406844,1.000000
0.407245,1.000000
0.407647,1.000000
0.408048,1.000000
0.408449,1.000000
0.408850,1.000000
0.409251,1.000000
0.409653,1.000000
0.410054,1.000000
0.410455,1.000000
0.410856,1.000000
0.411257,1.000000
0.411659,1.000000
0.412060,1.000000
0.412461,1.000000
0.412862,1.000000
0.413264,1.000000
0.413665,1.000000
0.414066,1.000000
0.414467,1.000000
0.414868,1.000000
0.415270,1.000000
0.415671,1.000000
0.416072,1.000000
0.416473,1.000000
0.416874,1.000000
0.417276,1.000000
0.417677,1.000000
0.418078,1.000000
0.418479,1.000000
0.418881,1.000000
0.419282,1.000000
0.419683,1.000000
0.420084,1.000000
0.420485,1.000000
0.420887,1.000000
0.421288,1.000000
0.421689,1.000000
0.422090,1.000000
0.422491,1.000000
0.422893,1.000000
0.423294,1.000000
0.423695,1.000000
0.424096,1.000000
0.424497,1.000000
0.424899,1.000000
0.425300,1.000000
0.425701,1.000000
0.426102,1.000000
0.426504,1.000000
0.426905,1.000000
0.427306,1.000000
0.427707,1.000000
0.428108,1.000000
0.428510,1.000000
0.428911,1.000000
0.429312,1.000000
0.429713,1.000000
0.430114,1.000000
0.430516,1.000000
0.430917,1.000000
0.431318,1.000000
0.431719,1.000000
0.432121,1.000000
0.432522,1.000000
0.432923,1.000000
0.433324,1.000000
0.433725,1.000000
0.434127,1.000000
0.434528,1.000000
0.434929,1.000000
0.435330,1.000000
0.435731,1.000000
0.436133,1.000000
0.436534,1.000000
0.436935,1.000000
0.437336,1.000000
0.437737,1.000000
0.438139,1.000000
0.438540,1.000000
0.438941,1.000000
0.439342,1.000000
0.439744,1.000000
0.440145,1.000000
0.440546,1.000000
0.440947,1.000000
0.441348,1.000000
0.441750,1.000000
0.442151,1.000000
0.442552,1.000000
0.442953,1.000000
0.443354,1.000000
0.443756,1.000000
0.444157,1.000000
0.444558,1.000000
0.444959,1.000000
0.445361,1.000000
0.445762,1.000000
0.446163,1.000000
0.446564,1.000000
0.446965,1.000000
0.447367,1.000000
0.447768,1.000000
0.448169,1.000000
0.448570,1.000000
0.448971,1.000000
0.449373,1.000000
0.449774,1.000000
0.450175,1.000000
0.450576,1.000000
0.450978,1.000000
0.451379,1.000000
0.451780,1.000000
0.452181,1.000000
0.452582,1.000000
0.452984,1.000000
0.453385,1.000000
0.453786,1.000000
0.454187,1.000000
0.454588,1.000000
0.454990,1.000000
0.455391,1.000000
0.455792,1.000000
0.456193,1.000000
0.456594,1.000000
0.456996,1.000000
0.457397,1.000000
0.457798,1.000000
0.458199,1.000000
0.458601,1.000000
0.459002,1.000000
0.459403,1.000000
0.459804,1.000000
0.460205,1.000000
0.460607,1.000000
0.461008,1.000000
0.461409,1.000000
0.461810,1.000000
0.462211,1.000000
0.462613,1.000000
0.463014,1.000000
0.463415,1.000000
0.463816,1.000000
0.464218,1.000000
0.464619,1.000000
0.465020,1.000000
0.465421,1.000000
0.465822,1.000000
0.466224,1.000000
0.466625,1.000000
0.467026,1.000000
0.467427,1.000000
0.467828,1.000000
0.468230,1.000000
0.468631,1.000000
0.469032,1.000000
0.469433,1.000000
0.469834,1.000000
0.470236,1.000000
0.470637,1.000000
0.471038,1.000000
0.471439,1.000000
0.471841,1.000000
0.472242,1.000000
0.472643,1.000000
0.473044,1.000000
0.473445,1.000000
0.473847,1.000000
0.474248,1.000000
0.474649,1.000000
0.475050,1.000000
0.475451,1.000000
0.475853,1.000000
0.476254,1.000000
0.476655,1.000000
0.477056,1.000000
0.477458,1.000000
0.477859,1.000000
0.478260,1.000000
0.478661,1.000000
0.479062,1.000000
0.479464,1.000000
0.479865,1.000000
0.480266,1.000000
0.480667,1.000000
0.481068,1.000000
0.481470,1.000000
0.481871,1.000000
0.482272,1.000000
0.482673,1.000000
0.483075,1.000000
0.483476,1.000000
0.483877,1.000000
0.484278,1.000000
0.484679,1.000000
0.485081,1.000000
0.485482,1.000000
0.485883,1.000000
0.486284,1.000000
0.486685,1.000000
0.487087,1.000000
0.487488,1.000000
0.487889,1.000000
0.488290,1.000000
0.488691,1.000000
0.489093,1.000000
0.489494,1.000000
0.489895,1.000000
0.490296,1.000000
0.490698,1.000000
0.491099,1.000000
0.491500,1.000000
0.491901,1.000000
0.492302,1.000000
0.492704,1.000000
0.493105,1.000000
0.493506,1.000000
0.493907,1.000000
0.494308,1.000000
0.494710,1.000000
0.495111,1.000000
0.495512,1.000000
0.495913,1.000000
0.496315,1.000000
0.496716,1.000000
0.497117,1.000000
0.497518,1.000000
0.497919,1.000000
0.498321,1.000000
0.498722,1.000000
0.499123,1.000000
0.499524,1.000000
0.499925,1.000000
0.500327,1.000000
0.500728,1.000000
0.501129,1.000000
0.501530,1.000000
0.501931,1.000000
0.502333,1.000000
0.502734,1.000000
0.503135,1.000000
0.503536,1.000000
0.503938,1.000000
0.504339,1.000000
0.504740,1.000000
0.505141,1.000000
0.505542,1.000000
0.505944,1.000000
0.506345,1.000000
0.506746,1.000000
0.507147,1.000000
0.507548,1.000000
0.507950,1.000000
0.508351,1.000000
0.508752,1.000000
0.509153,1.000000
0.509555,1.000000
0.509956,1.000000
0.510357,1.000000
0.510758,1.000000
0.511159,1.000000
0.511561,1.000000
0.511962,1.000000
0.512363,1.000000
0.512764,1.000000
0.513165,1.000000
0.513567,1.000000
0.513968,1.000000
0.514369,1.000000
0.514770,1.000000
0.515172,1.000000
0.515573,1.000000
0.515974,1.000000
0.516375,1.000000
0.516776,1.000000
0.517178,1.000000
0.517579,1.000000
0.517980,1.000000
0.518381,1.000000
0.518782,1.000000
0.519184,1.000000
0.519585,1.000000
0.519986,1.000000
0.520387,1.000000
0.520788,1.000000
0.521190,1.000000
0.521591,1.000000
0.521992,1.000000
0.522393,1.000000
0.522795,1.000000
0.523196,1.000000
0.523597,1.000000
0.523998,1.000000
0.524399,1.000000
0.524801,1.000000
0.525202,1.000000
0.525603,1.000000
0.526004,1.000000
0.526405,1.000000
0.526807,1.000000
0.527208,1.000000
0.527609,1.000000
0.528010,1.000000
0.528412,1.000000
0.528813,1.000000
0.529214,1.000000
0.529615,1.000000
0.530016,1.000000
0.530418,1.000000
0.530819,1.000000
0.531220,1.000000
0.531621,1.000000
0.532022,1.000000
0.532424,1.000000
0.532825,1.000000
0.533226,1.000000
0.533627,1.000000
0.534029,1.000000
0.534430,1.000000
0.534831,1.000000
0.535232,1.000000
0.535633,1.000000
0.536035,1.000000
0.536436,1.000000
0.536837,1.000000
0.537238,1.000000
0.537639,1.000000
0.538041,1.000000
0.538442,1.000000
0.538843,1.000000
0.539244,1.000000
0.539645,1.000000
0.540047,1.000000
0.540448,1.000000
0.540849,1.000000
0.541250,1.000000
0.541652,1.000000
0.542053,1.000000
0.542454,1.000000
0.542855,1.000000
0.543256,1.000000
0.543658,1.000000
0.544059,1.000000
0.544460,1.000000
0.544861,1.000000
0.545262,1.000000
0.545664,1.000000
0.546065,1.000000
0.546466,1.000000
0.546867,1.000000
0.547269,1.000000
0.547670,1.000000
0.548071,1.000000
0.548472,1.000000
0.548873,1.000000
0.549275,1.000000
0.549676,1.000000
0.550077,1.000000
0.550478,1.000000
0.550879,1.000000
0.551281,1.000000
0.551682,1.000000
0.552083,1.000000
0.552484,1.000000
0.552885,1.000000
0.553287,1.000000
0.553688,1.000000
0.554089,1.000000
0.554490,1.000000
0.554892,1.000000
0.555293,1.000000
0.555694,1.000000
0.556095,1.000000
0.556496,1.000000
0.556898,1.000000
0.557299,1.000000
0.557700,1.000000
0.558101,1.000000
0.558502,1.000000
0.558904,1.000000
0.559305,1.000000
0.559706,1.000000
0.560107,1.000000
0.560509,1.000000
0.560910,1.000000
0.561311,1.000000
0.561712,1.000000
0.562113,1.000000
0.562515,1.000000
0.562916,1.000000
0.563317,1.000000
0.563718,1.000000
0.564119,1.000000
0.564521,1.000000
0.564922,1.000000
0.565323,1.000000
0.565724,1.000000
0.566126,1.000000
0.566527,1.000000
0.566928,1.000000
0.567329,1.000000
0.567730,1.000000
0.568132,1.000000
0.568533,1.000000
0.568934,1.000000
0.569335,1.000000
0.569736,1.000000
0.570138,1.000000
0.570539,1.000000
0.570940,1.000000
0.571341,1.000000
0.571742,1.000000
0.572144,1.000000
0.572545,1.000000
0.572946,1.000000
0.573347,1.000000
0.573749,1.000000
0.574150,1.000000
0.574551,1.000000
0.574952,1.000000
0.575353,1.000000
0.575755,1.000000
0.576156,1.000000
0.576557,1.000000
0.576958,1.000000
0.577359,1.000000
0.577761,1.000000
0.578162,1.000000
0.578563,1.000000
0.578964,1.000000
0.579366,1.000000
0.579767,1.000000
0.580168,1.000000
0.580569,1.000000
0.580970,1.000000
0.581372,1.000000
0.581773,1.000000
0.582174,1.000000
0.582575,1.000000
0.582976,1.000000
0.583378,1.000000
0.583779,1.000000
0.584180,1.000000
0.584581,1.000000
0.584982,1.000000
0.585384,1.000000
0.585785,1.000000
0.586186,1.000000
0.586587,1.000000
0.586989,1.000000
0.587390,1.000000
0.587791,1.000000
0.588192,1.000000
0.588593,1.000000
0.588995,1.000000
0.589396,1.000000
0.589797,1.000000
0.590198,1.000000
0.590599,1.000000
0.591001,1.000000
0.591402,1.000000
0.591803,1.000000
0.592204,1.000000
0.592606,1.000000
0.593007,1.000000
0.593408,1.000000
0.593809,1.000000
0.594210,1.000000
0.594612,1.000000
0.595013,1.000000
0.595414,1.000000
0.595815,1.000000
0.596216,1.000000
0.596618,1.000000
0.597019,1.000000
0.597420,1.000000
0.597821,1.000000
0.598223,1.000000
0.598624,1.000000
0.599025,1.000000
0.599426,1.000000
0.599827,1.000000
0.600229,1.000000
0.600630,1.000000
0.601031,1.000000
0.601432,1.000000
0.601833,1.000000
0.602235,1.000000
0.602636,1.000000
0.603037,1.000000
0.603438,1.000000
0.603839,1.000000
0.604241,1.000000
0.604642,1.000000
0.605043,1.000000
0.605444,1.000000
0.605846,1.000000
0.606247,1.000000
0.606648,1.000000
0.607049,1.000000
0.607450,1.000000
0.607852,1.000000
0.608253,1.000000
0.608654,1.000000
0.609055,1.000000
0.609456,1.000000
0.609858,1.000000
0.610259,1.000000
0.610660,1.000000
0.611061,1.000000
0.611463,1.000000
0.611864,1.000000
0.612265,1.000000
0.612666,1.000000
0.613067,1.000000
0.613469,1.000000
0.613870,1.000000
0.614271,1.000000
0.614672,1.000000
0.615073,1.000000
0.615475,1.000000
0.615876,1.000000
0.616277,1.000000
0.616678,1.000000
0.617079,1.000000
0.617481,1.000000
0.617882,1.000000
0.618283,1.000000
0.618684,1.000000
0.619086,1.000000
0.619487,1.000000
0.619888,1.000000
0.620289,1.000000
0.620690,1.000000
0.621092,1.000000
0.621493,1.000000
0.621894,1.000000
0.622295,1.000000
0.622696,1.000000
0.623098,1.000000
0.623499,1.000000
0.623900,1.000000
0.624301,1.000000
0.624703,1.000000
0.625104,1.000000
0.625505,1.000000
0.625906,1.000000
0.626307,1.000000
0.626709,1.000000
0.627110,1.000000
0.627511,1.000000
0.627912,1.000000
0.628313,1.000000
0.628715,1.000000
0.629116,1.000000
0.629517,1.000000
0.629918,1.000000
0.630320,1.000000
0.630721,1.000000
0.631122,1.000000
0.631523,1.000000
0.631924,1.000000
0.632326,1.000000
0.632727,1.000000
0.633128,1.000000
0.633529,1.000000
0.633930,1.000000
0.634332,1.000000
0.634733,1.000000
0.635134,1.000000
0.635535,1.000000
0.635936,1.000000
0.636338,1.000000
0.636739,1.000000
0.637140,1.000000
0.637541,1.000000
0.637943,1.000000
0.638344,1.000000
0.638745,1.000000
0.639146,1.000000
0.639547,1.000000
0.639949,1.000000
0.640350,1.000000
0.640751,1.000000
0.641152,1.000000
0.641553,1.000000
0.641955,1.000000
0.642356,1.000000
0.642757,1.000000
0.643158,1.000000
0.643560,1.000000
0.643961,1.000000
0.644362,1.000000
0.644763,1.000000
0.645164,1.000000
0.645566,1.000000
0.645967,1.000000
0.646368,1.000000
0.646769,1.000000
0.647170,1.000000
0.647572,1.000000
0.647973,1.000000
0.648374,1.000000
0.648775,1.000000
0.649176,1.000000
0.649578,1.000000
0.649979,1.000000
0.650380,1.000000
0.650781,1.000000
0.651183,1.000000
0.651584,1.000000
0.651985,1.000000
0.652386,1.000000
0.652787,1.000000
0.653189,1.000000
0.653590,1.000000
0.653991,1.000000
0.654392,1.000000
0.654793,1.000000
0.655195,1.000000
0.655596,1.000000
0.655997,1.000000
0.656398,1.000000
0.656800,1.000000
0.657201,1.000000
0.657602,1.000000
0.658003,1.000000
0.658404,1.000000
0.658806,1.000000
0.659207,1.000000
0.659608,1.000000
0.660009,1.000000
0.660410,1.000000
0.660812,1.000000
0.661213,1.000000
0.661614,1.000000
0.662015,1.000000
0.662417,1.000000
0.662818,1.000000
0.663219,1.000000
0.663620,1.000000
0.664021,1.000000
0.664423,1.000000
0.664824,1.000000
0.665225,1.000000
0.665626,1.000000
0.666027,1.000000
0.666429,1.000000
0.666830,1.000000
0.667231,1.000000
0.667632,1.000000
0.668033,1.000000
0.668435,1.000000
0.668836,1.000000
0.669237,1.000000
0.669638,1.000000
0.670040,1.000000
0.670441,1.000000
0.670842,1.000000
0.671243,1.000000
0.671644,1.000000
0.672046,1.000000
0.672447,1.000000
0.672848,1.000000
0.673249,1.000000
0.673650,1.000000
0.674052,1.000000
0.674453,1.000000
0.674854,1.000000
0.675255,1.000000
0.675657,1.000000
0.676058,1.000000
0.676459,1.000000
0.676860,1.000000
0.677261,1.000000
0.677663,1.000000
0.678064,1.000000
0.678465,1.000000
0.678866,1.000000
0.679267,1.000000
0.679669,1.000000
0.680070,1.000000
0.680471,1.000000
0.680872,1.000000
0.681273,1.000000
0.681675,1.000000
0.682076,1.000000
0.682477,1.000000
0.682878,1.000000
0.683280,1.000000
0.683681,1.000000
0.684082,1.000000
0.684483,1.000000
0.684884,1.000000
0.685286,1.000000
0.685687,1.000000
0.686088,1.000000
0.686489,1.000000
0.686890,1.000000
0.687292,1.000000
0.687693,1.000000
0.688094,1.000000
0.688495,1.000000
0.688897,1.000000
0.689298,1.000000
0.689699,1.000000
0.690100,1.000000
0.690501,1.000000
0.690903,1.000000
0.691304,1.000000
0.691705,1.000000
0.692106,1.000000
0.692507,1.000000
0.692909,1.000000
0.693310,1.000000
0.693711,1.000000
0.694112,1.000000
0.694514,1.000000
0.694915,1.000000
0.695316,1.000000
0.695717,1.000000
0.696118,1.000000
0.696520,1.000000
0.696921,1.000000
0.697322,1.000000
0.697723,1.000000
0.698124,1.000000
0.698526,1.000000
0.698927,1.000000
0.699328,1.000000
0.699729,1.000000
0.700130,1.000000
0.700532,1.000000
0.700933,1.000000
0.701334,1.000000
0.701735,1.000000
0.702137,1.000000
0.702538,1.000000
0.702939,1.000000
0.703340,1.000000
0.703741,1.000000
0.704143,1.000000
0.704544,1.000000
0.704945,1.000000
0.705346,1.000000
0.705747,1.000000
0.706149,1.000000
0.706550,1.000000
0.706951,1.000000
0.707352,1.000000
0.707754,1.000000
0.708155,1.000000
0.708556,1.000000
0.708957,1.000000
0.709358,1.000000
0.709760,1.000000
0.710161,1.000000
0.710562,1.000000
0.710963,1.000000
0.711364,1.000000
0.711766,1.000000
0.712167,1.000000
0.712568,1.000000
0.712969,1.000000
0.713371,1.000000
0.713772,1.000000
0.714173,1.000000
0.714574,1.000000
0.714975,1.000000
0.715377,1.000000
0.715778,1.000000
0.716179,1.000000
0.716580,1.000000
0.716981,1.000000
0.717383,1.000000
0.717784,1.000000
0.718185,1.000000
0.718586,1.000000
0.718987,1.000000
0.719389,1.000000
0.719790,1.000000
0.720191,1.000000
0.720592,1.000000
0.720994,1.000000
0.721395,1.000000
0.721796,1.000000
0.722197,1.000000
0.722598,1.000000
0.723000,1.000000
0.723401,1.000000
0.723802,1.000000
0.724203,1.000000
0.724604,1.000000
0.725006,1.000000
0.725407,1.000000
0.725808,1.000000
0.726209,1.000000
0.726611,1.000000
0.727012,1.000000
0.727413,1.000000
0.727814,1.000000
0.728215,1.000000
0.728617,1.000000
0.729018,1.000000
0.729419,1.000000
0.729820,1.000000
0.730221,1.000000
0.730623,1.000000
0.731024,1.000000
0.731425,1.000000
0.731826,1.000000
0.732227,1.000000
0.732629,1.000000
0.733030,1.000000
0.733431,1.000000
0.733832,1.000000
0.734234,1.000000
0.734635,1.000000
0.735036,1.000000
0.735437,1.000000
0.735838,1.000000
0.736240,1.000000
0.736641,1.000000
0.737042,1.000000
0.737443,1.000000
0.737844,1.000000
0.738246,1.000000
0.738647,1.000000
0.739048,1.000000
0.739449,1.000000
0.739851,1.000000
0.740252,1.000000
0.740653,1.000000
0.741054,1.000000
0.741455,1.000000
0.741857,1.000000
0.742258,1.000000
0.742659,1.000000
0.743060,1.000000
0.743461,1.000000
0.743863,1.000000
0.744264,1.000000
0.744665,1.000000
0.745066,1.000000
0.745468,1.000000
0.745869,1.000000
0.746270,1.000000
0.746671,1.000000
0.747072,1.000000
0.747474,1.000000
0.747875,1.000000
0.748276,1.000000
0.748677,1.000000
0.749078,1.000000
0.749480,1.000000
0.749881,1.000000
0.750282,1.000000
0.750683,1.000000
0.751084,1.000000
0.751486,1.000000
0.751887,1.000000
0.752288,1.000000
0.752689,1.000000
0.753091,1.000000
0.753492,1.000000
0.753893,1.000000
0.754294,1.000000
0.754695,1.000000
0.755097,1.000000
0.755498,1.000000
0.755899,1.000000
0.756300,1.000000
0.756701,1.000000
0.757103,1.000000
0.757504,1.000000
0.757905,1.000000
0.758306,1.000000
0.758708,1.000000
0.759109,1.000000
0.759510,1.000000
0.759911,1.000000
0.760312,1.000000
0.760714,1.000000
0.761115,1.000000
0.761516,1.000000
0.761917,1.000000
0.762318,1.000000
0.762720,1.000000
0.763121,1.000000
0.763522,1.000000
0.763923,1.000000
0.764324,1.000000
0.764726,1.000000
0.765127,1.000000
0.765528,1.000000
0.765929,1.000000
0.766331,1.000000
0.766732,1.000000
0.767133,1.000000
0.767534,1.000000
0.767935,1.000000
0.768337,1.000000
0.768738,1.000000
0.769139,1.000000
0.769540,1.000000
0.769941,1.000000
0.770343,1.000000
0.770744,1.000000
0.771145,1.000000
0.771546,1.000000
0.771948,1.000000
0.772349,1.000000
0.772750,1.000000
0.773151,1.000000
0.773552,1.000000
0.773954,1.000000
0.774355,1.000000
0.774756,1.000000
0.775157,1.000000
0.775558,1.000000
0.775960,1.000000
0.776361,1.000000
0.776762,1.000000
0.777163,1.000000
0.777565,1.000000
0.777966,1.000000
0.778367,1.000000
0.778768,1.000000
0.779169,1.000000
0.779571,1.000000
0.779972,1.000000
0.780373,1.000000
0.780774,1.000000
0.781175,1.000000
0.781577,1.000000
0.781978,1.000000
0.782379,1.000000
0.782780,1.000000
0.783181,1.000000
0.783583,1.000000
0.783984,1.000000
0.784385,1.000000
0.784786,1.000000
0.785188,1.000000
0.785589,1.000000
0.785990,1.000000
0.786391,1.000000
0.786792,1.000000
0.787194,1.000000
0.787595,1.000000
0.787996,1.000000
0.788397,1.000000
0.788798,1.000000
0.789200,1.000000
0.789601,1.000000
0.790002,1.000000
0.790403,1.000000
0.790805,1.000000
0.791206,1.000000
0.791607,1.000000
0.792008,1.000000
0.792409,1.000000
0.792811,1.000000
0.793212,1.000000
0.793613,1.000000
0.794014,1.000000
0.794415,1.000000
0.794817,1.000000
0.795218,1.000000
0.795619,1.000000
0.796020,1.000000
0.796421,1.000000
0.796823,1.000000
0.797224,1.000000
0.797625,1.000000
0.798026,1.000000
0.798428,1.000000
0.798829,1.000000
0.799230,1.000000
0.799631,1.000000
0.800032,1.000000
0.800434,1.000000
0.800835,1.000000
0.801236,1.000000
0.801637,1.000000
0.802038,1.000000
0.802440,1.000000
0.802841,1.000000
0.803242,1.000000
0.803643,1.000000
0.804045,1.000000
0.804446,1.000000
0.804847,1.000000
0.805248,1.000000
0.805649,1.000000
0.806051,1.000000
0.806452,1.000000
0.806853,1.000000
0.807254,1.000000
0.807655,1.000000
0.808057,1.000000
0.808458,1.000000
0.808859,1.000000
0.809260,1.000000
0.809662,1.000000
0.810063,1.000000
0.810464,1.000000
0.810865,1.000000
0.811266,1.000000
0.811668,1.000000
0.812069,1.000000
0.812470,1.000000
0.812871,1.000000
0.813272,1.000000
0.813674,1.000000
0.814075,1.000000
0.814476,1.000000
0.814877,1.000000
0.815278,1.000000
0.815680,1.000000
0.816081,1.000000
0.816482,1.000000
0.816883,1.000000
0.817285,1.000000
0.817686,1.000000
0.818087,1.000000
0.818488,1.000000
0.818889,1.000000
0.819291,1.000000
0.819692,1.000000
0.820093,1.000000
0.820494,1.000000
0.820895,1.000000
0.821297,1.000000
0.821698,1.000000
0.822099,1.000000
0.822500,1.000000
0.822902,1.000000
0.823303,1.000000
0.823704,1.000000
0.824105,1.000000
0.824506,1.000000
0.824908,1.000000
0.825309,1.000000
0.825710,1.000000
0.826111,1.000000
0.826512,1.000000
0.826914,1.000000
0.827315,1.000000
0.827716,1.000000
0.828117,1.000000
0.828518,1.000000
0.828920,1.000000
0.829321,1.000000
0.829722,1.000000
0.830123,1.000000
0.830525,1.000000
0.830926,1.000000
0.831327,1.000000
0.831728,1.000000
0.832129,1.000000
0.832531,1.000000
0.832932,1.000000
0.833333,1.000000
0.833734,1.000000
0.834135,1.000000
0.834537,1.000000
0.834938,1.000000
0.835339,1.000000
0.835740,1.000000
0.836142,1.000000
0.836543,1.000000
0.836944,1.000000
0.837345,1.000000
0.837746,1.000000
0.838148,1.000000
0.838549,1.000000
0.838950,1.000000
0.839351,1.000000
0.839752,1.000000
0.840154,1.000000
0.840555,1.000000
0.840956,1.000000
0.841357,1.000000
0.841759,1.000000
0.842160,1.000000
0.842561,1.000000
0.842962,1.000000
0.843363,1.000000
0.843765,1.000000
0.844166,1.000000
0.844567,1.000000
0.844968,1.000000
0.845369,1.000000
0.845771,1.000000
0.846172,1.000000
0.846573,1.000000
0.846974,1.000000
0.847375,1.000000
0.847777,1.000000
0.848178,1.000000
0.848579,1.000000
0.848980,1.000000
0.849382,1.000000
0.849783,1.000000
0.850184,1.000000
0.850585,1.000000
0.850986,1.000000
0.851388,1.000000
0.851789,1.000000
0.852190,1.000000
0.852591,1.000000
0.852992,1.000000
0.853394,1.000000
0.853795,1.000000
0.854196,1.000000
0.854597,1.000000
0.854999,1.000000
0.855400,1.000000
0.855801,1.000000
0.856202,1.000000
0.856603,1.000000
0.857005,1.000000
0.857406,1.000000
0.857807,1.000000
0.858208,1.000000
0.858609,1.000000
0.859011,1.000000
0.859412,1.000000
0.859813,1.000000
0.860214,1.000000
0.860615,1.000000
0.861017,1.000000
0.861418,1.000000
0.861819,1.000000
0.862220,1.000000
0.862622,1.000000
0.863023,1.000000
0.863424,1.000000
0.863825,1.000000
0.864226,1.000000
0.864628,1.000000
0.865029,1.000000
0.865430,1.000000
0.865831,1.000000
0.866232,1.000000
0.866634,1.000000
0.867035,1.000000
0.867436,1.000000
0.867837,1.000000
0.868239,1.000000
0.868640,1.000000
0.869041,1.000000
0.869442,1.000000
0.869843,1.000000
0.870245,1.000000
0.870646,1.000000
0.871047,1.000000
0.871448,1.000000
0.871849,1.000000
0.872251,1.000000
0.872652,1.000000
0.873053,1.000000
0.873454,1.000000
0.873856,1.000000
0.874257,1.000000
0.874658,1.000000
0.875059,1.000000
0.875460,1.000000
0.875862,1.000000
0.876263,1.000000
0.876664,1.000000
0.877065,1.000000
0.877466,1.000000
0.877868,1.000000
0.878269,1.000000
0.878670,1.000000
0.879071,1.000000
0.879472,1.000000
0.879874,1.000000
0.880275,1.000000
0.880676,1.000000
0.881077,1.000000
0.881479,1.000000
0.881880,1.000000
0.882281,1.000000
0.882682,1.000000
0.883083,1.000000
0.883485,1.000000
0.883886,1.000000
0.884287,1.000000
0.884688,1.000000
0.885089,1.000000
0.885491,1.000000
0.885892,1.000000
0.886293,1.000000
0.886694,1.000000
0.887096,1.000000
0.887497,1.000000
0.887898,1.000000
0.888299,1.000000
0.888700,1.000000
0.889102,1.000000
0.889503,1.000000
0.889904,1.000000
0.890305,1.000000
0.890706,1.000000
0.891108,1.000000
0.891509,1.000000
0.891910,1.000000
0.892311,1.000000
0.892712,1.000000
0.893114,1.000000
0.893515,1.000000
0.893916,1.000000
0.894317,1.000000
0.894719,1.000000
0.895120,1.000000
0.895521,1.000000
0.895922,1.000000
0.896323,1.000000
0.896725,1.000000
0.897126,1.000000
0.897527,1.000000
0.897928,1.000000
0.898329,1.000000
0.898731,1.000000
0.899132,1.000000
0.899533,1.000000
0.899934,1.000000
0.900336,1.000000
0.900737,1.000000
0.901138,1.000000
0.901539,1.000000
0.901940,1.000000
0.902342,1.000000
0.902743,1.000000
0.903144,1.000000
0.903545,1.000000
0.903946,1.000000
0.904348,1.000000
0.904749,1.000000
0.905150,1.000000
0.905551,1.000000
0.905953,1.000000
0.906354,1.000000
0.906755,1.000000
0.907156,1.000000
0.907557,1.000000
0.907959,1.000000
0.908360,1.000000
0.908761,1.000000
0.909162,1.000000
0.909563,1.000000
0.909965,1.000000
0.910366,1.000000
0.910767,1.000000
0.911168,1.000000
0.911569,1.000000
0.911971,1.000000
0.912372,1.000000
0.912773,1.000000
0.913174,1.000000
0.913576,1.000000
0.913977,1.000000
0.914378,1.000000
0.914779,1.000000
0.915180,1.000000
0.915582,1.000000
0.915983,1.000000
0.916384,1.000000
0.916785,1.000000
0.917186,1.000000
0.917588,1.000000
0.917989,1.000000
0.918390,1.000000
0.918791,1.000000
0.919193,1.000000
0.919594,1.000000
0.919995,1.000000
0.920396,1.000000
0.920797,1.000000
0.921199,1.000000
0.921600,1.000000
0.922001,1.000000
0.922402,1.000000
0.922803,1.000000
0.923205,1.000000
0.923606,1.000000
0.924007,1.000000
0.924408,1.000000
0.924810,1.000000
0.925211,1.000000
0.925612,1.000000
0.926013,1.000000
0.926414,1.000000
0.926816,1.000000
0.927217,1.000000
0.927618,1.000000
0.928019,1.000000
0.928420,1.000000
0.928822,1.000000
0.929223,1.000000
0.929624,1.000000
0.930025,1.000000
0.930426,1.000000
0.930828,1.000000
0.931229,1.000000
0.931630,1.000000
0.932031,1.000000
0.932433,1.000000
0.932834,1.000000
0.933235,1.000000
0.933636,1.000000
0.934037,1.000000
0.934439,1.000000
0.934840,1.000000
0.935241,1.000000
0.935642,1.000000
0.936043,1.000000
0.936445,1.000000
0.936846,1.000000
0.937247,1.000000
0.937648,1.000000
0.938050,1.000000
0.938451,1.000000
0.938852,1.000000
0.939253,1.000000
0.939654,1.000000
0.940056,1.000000
0.940457,1.000000
0.940858,1.000000
0.941259,1.000000
0.941660,1.000000
0.942062,1.000000
0.942463,1.000000
0.942864,1.000000
0.943265,1.000000
0.943666,1.000000
0.944068,1.000000
0.944469,1.000000
0.944870,1.000000
0.945271,1.000000
0.945673,1.000000
0.946074,1.000000
0.946475,1.000000
0.946876,1.000000
0.947277,1.000000
0.947679,1.000000
0.948080,1.000000
0.948481,1.000000
0.948882,1.000000
0.949283,1.000000
0.949685,1.000000
0.950086,1.000000
0.950487,1.000000
0.950888,1.000000
0.951290,1.000000
0.951691,1.000000
0.952092,1.000000
0.952493,1.000000
0.952894,1.000000
0.953296,1.000000
0.953697,1.000000
0.954098,1.000000
0.954499,1.000000
0.954900,1.000000
0.955302,1.000000
0.955703,1.000000
0.956104,1.000000
0.956505,1.000000
0.956907,1.000000
0.957308,1.000000
0.957709,1.000000
0.958110,1.000000
0.958511,1.000000
0.958913,1.000000
0.959314,1.000000
0.959715,1.000000
0.960116,1.000000
0.960517,1.000000
0.960919,1.000000
0.961320,1.000000
0.961721,1.000000
0.962122,1.000000
0.962523,1.000000
0.962925,1.000000
0.963326,1.000000
0.963727,1.000000
0.964128,1.000000
0.964530,1.000000
0.964931,1.000000
0.965332,1.000000
0.965733,1.000000
0.966134,1.000000
0.966536,1.000000
0.966937,1.000000
0.967338,1.000000
0.967739,1.000000
0.968140,1.000000
0.968542,1.000000
0.968943,1.000000
0.969344,1.000000
0.969745,1.000000
0.970147,1.000000
0.970548,1.000000
0.970949,1.000000
0.971350,1.000000
0.971751,1.000000
0.972153,1.000000
0.972554,1.000000
0.972955,1.000000
0.973356,1.000000
0.973757,1.000000
0.974159,1.000000
0.974560,1.000000
0.974961,1.000000
0.975362,1.000000
0.975763,1.000000
0.976165,1.000000
0.976566,1.000000
0.976967,1.000000
0.977368,1.000000
0.977770,1.000000
0.978171,1.000000
0.978572,1.000000
0.978973,1.000000
0.979374,1.000000
0.979776,1.000000
0.980177,1.000000
0.980578,1.000000
0.980979,1.000000
0.981380,1.000000
0.981782,1.000000
0.982183,1.000000
0.982584,1.000000
0.982985,1.000000
0.983387,1.000000
0.983788,1.000000
0.984189,1.000000
0.984590,1.000000
0.984991,1.000000
0.985393,1.000000
0.985794,1.000000
0.986195,1.000000
0.986596,1.000000
0.986997,1.000000
0.987399,1.000000
0.987800,1.000000
0.988201,1.000000
0.988602,1.000000
0.989004,1.000000
0.989405,1.000000
0.989806,1.000000
0.990207,1.000000
0.990608,1.000000
0.991010,1.000000
0.991411,1.000000
0.991812,1.000000
0.992213,1.000000
0.992614,1.000000
0.993016,1.000000
0.993417,1.000000
0.993818,1.000000
0.994219,1.000000
0.994620,1.000000
0.995022,1.000000
0.995423,1.000000
0.995824,1.000000
0.996225,1.000000
0.996627,1.000000
0.997028,1.000000
0.997429,1.000000
0.997830,1.000000
0.998231,1.000000
0.998633,1.000000
0.999034,1.000000
0.999435,1.000000
0.999836,1.000000
1.000237,1.000000
